编号	名字	等级	图标	飞行特效类型	动画样式	动画播放时间	能否锁定对象	伤害类型	伤害使用次数	使用范围	伤害扩散范围X	伤害扩散范围Y	伤害范围填充	升级所需经验	升级所需角色等级	下一等级ID	消耗魔法	攻击最小值	攻击最大值	自身冷却时间	公共冷却时间	产生状态ID	产生状态几率	强壮计算因子	智力计算因子	敏捷计算因子	自身物理伤害计算因子	自身魔法伤害计算因子	怪物被伤害时的仇恨计算系数	简介
id	name	level	icon	flyerType	animation	timeLast	lockAbility	damageType	showTimes	releaseRange	xExtHurtRange	yExtHurtRange	extHurtRangeFilled	maxExperience	requiredLevel	nextLevelSpellID	manaCost	minDamage	maxDamage	selfCoolTime	globalCoolTime	fightStateID	stateRate	strengthFactor	wisdomFactor	dexterityFactor	selfPhysicalDamageFactor	selfMagicDamageFactor	enmityFactor	description
95020101	重击	1	1	0	13	400	1	1	1	2	0	0	1	200	5	95020102	15	2	10	0	0	0	0	10	0	0	200	0	10	力量爆发，产生超常的攻击
95020102	重击	2	1	0	13	400	1	1	1	2	0	0	1	400	10	95020103	18	19	39	0	0	0	0	10	0	0	200	0	12	力量爆发，产生超常的攻击
95020103	重击	3	1	0	13	400	1	1	1	2	0	0	1	800	15	95020104	21	34	66	0	0	0	0	10	0	0	202	0	14	力量爆发，产生超常的攻击
95020104	重击	4	1	0	13	400	1	1	1	2	0	0	1	1400	20	95020105	24	51	100	0	0	0	0	10	0	0	202	0	16	力量爆发，产生超常的攻击
95020105	重击	5	1	0	13	400	1	1	1	2	0	0	1	2200	25	95020106	27	67	135	0	0	0	0	10	0	0	204	0	18	力量爆发，产生超常的攻击
95020106	重击	6	1	0	13	400	1	1	1	2	0	0	1	3200	30	95020107	30	84	174	0	0	0	0	10	0	0	204	0	20	力量爆发，产生超常的攻击
95020107	重击	7	1	0	13	400	1	1	1	2	0	0	1	4400	35	95020108	33	99	202	0	0	0	0	10	0	0	206	0	22	力量爆发，产生超常的攻击
95020108	重击	8	1	0	13	400	1	1	1	2	0	0	1	5800	40	95020109	36	114	243	0	0	0	0	10	0	0	206	0	24	力量爆发，产生超常的攻击
95020109	重击	9	1	0	13	400	1	1	1	2	0	0	1	7400	45	95020110	39	135	288	0	0	0	0	10	0	0	208	0	26	力量爆发，产生超常的攻击
95020110	重击	10	1	0	13	400	1	1	1	2	0	0	1	0	0	0	42	150	335	0	0	0	0	10	0	0	210	0	28	力量爆发，产生超常的攻击
95020201	元素之刃	1	2	0	19	500	1	0	1	2	0	0	1	600	23	95020202	25	33	46	1000	800	0	0	5	20	0	200	0	15	使攻击魔法化
95020202	元素之刃	2	2	0	19	500	1	0	1	2	0	0	1	1200	28	95020203	28	40	56	1000	800	0	0	5	20	0	200	0	18	使攻击魔法化
95020203	元素之刃	3	2	0	19	500	1	0	1	2	0	0	1	2000	33	95020204	31	54	69	1000	800	0	0	5	20	0	200	0	21	使攻击魔法化
95020204	元素之刃	4	2	0	19	500	1	0	1	2	0	0	1	3000	38	95020205	34	61	79	1000	800	0	0	5	20	0	200	0	24	使攻击魔法化
95020205	元素之刃	5	2	0	19	500	1	0	1	2	0	0	1	4200	43	95020206	37	72	101	1000	800	0	0	5	20	0	200	0	27	使攻击魔法化
95020206	元素之刃	6	2	0	19	500	1	0	1	2	0	0	1	5600	48	95020207	40	79	111	1000	800	0	0	5	20	0	200	0	30	使攻击魔法化
95020207	元素之刃	7	2	0	19	500	1	0	1	2	0	0	1	7200	53	95020208	43	90	124	1000	800	0	0	5	20	0	200	0	33	使攻击魔法化
95020208	元素之刃	8	2	0	19	500	1	0	1	2	0	0	1	9000	58	95020209	46	106	134	1000	800	0	0	5	20	0	200	0	36	使攻击魔法化
95020209	元素之刃	9	2	0	19	500	1	0	1	2	0	0	1	11000	63	95020210	49	114	159	1000	800	0	0	5	20	0	200	0	39	使攻击魔法化
95020210	元素之刃	10	2	0	19	500	1	0	1	2	0	0	1	0	0	0	52	124	172	1000	800	0	0	5	20	0	200	0	42	使攻击魔法化
95020301	鲜血之刃	1	3	0	11	400	0	1	1	2	0	0	1	1600	83	95020302	76	55	135	5000	1000	85000401	30	0	0	0	160	0	10	有30%几率让目标流血，每秒减少生命33，持续12秒
95020302	鲜血之刃	2	3	0	11	400	0	1	1	2	0	0	1	3200	86	95020303	79	58	145	5000	1000	85000402	50	0	0	0	164	0	13	有50%几率让目标流血，每秒减少生命50，持续12秒
95020303	鲜血之刃	3	3	0	11	400	0	1	1	2	0	0	1	5000	89	95020304	82	61	155	5000	1000	85000403	50	0	0	0	168	0	16	有50%几率让目标流血，每秒减少生命65，持续12秒
95020304	鲜血之刃	4	3	0	11	400	0	1	1	2	0	0	1	7000	92	95020305	85	64	165	5000	1000	85000404	70	0	0	0	172	0	19	有70%几率让目标流血，每秒减少生命80，持续12秒
95020305	鲜血之刃	5	3	0	11	400	0	1	1	2	0	0	1	9200	95	95020306	88	67	175	5000	1000	85000405	70	0	0	0	176	0	22	有70%几率让目标流血，每秒减少生命95，持续12秒
95020306	鲜血之刃	6	3	0	11	400	0	1	1	2	0	0	1	11600	98	95020307	91	70	185	5000	1000	85000406	90	0	0	0	180	0	25	有90%几率让目标流血，每秒减少生命110，持续12秒
95020307	鲜血之刃	7	3	0	11	400	0	1	1	2	0	0	1	14000	101	95020308	94	73	195	5000	1000	85000407	90	0	0	0	184	0	28	有90%几率让目标流血，每秒减少生命125，持续12秒
95020308	鲜血之刃	8	3	0	11	400	0	1	1	2	0	0	1	16400	104	95020309	97	76	205	5000	1000	85000408	100	0	0	0	188	0	31	有100%几率让目标流血，每秒减少生命140，持续12秒
95020309	鲜血之刃	9	3	0	11	400	0	1	1	2	0	0	1	18800	107	95020310	100	79	215	5000	1000	85000409	100	0	0	0	192	0	34	有100%几率让目标流血，每秒减少生命155，持续12秒
95020310	鲜血之刃	10	3	0	11	400	0	1	1	2	0	0	1	0	0	0	103	82	225	5000	1000	85000410	100	0	0	0	200	0	37	有100%几率让目标流血，每秒减少生命170，持续12秒
95020401	旋风斩	1	4	0	15	400	0	1	1	2	2	2	2	1200	60	95020402	58	36	84	1000	800	0	0	0	0	15	140	0	8	攻击以目标为中心的十字范围
95020402	旋风斩	2	4	0	15	400	0	1	1	2	2	2	2	2400	64	95020403	61	40	95	1000	800	0	0	0	0	15	144	0	10	攻击以目标为中心的十字范围
95020403	旋风斩	3	4	0	15	400	0	1	1	2	2	2	2	3800	68	95020404	64	44	106	1000	800	0	0	0	0	15	148	0	12	攻击以目标为中心的十字范围
95020404	旋风斩	4	4	0	15	400	0	1	1	2	2	2	2	5400	72	95020405	67	48	117	1000	800	0	0	0	0	15	152	0	14	攻击以目标为中心的十字范围
95020405	旋风斩	5	4	0	15	400	0	1	1	2	2	2	2	7200	76	95020406	70	52	128	1000	800	0	0	0	0	15	156	0	16	攻击以目标为中心的十字范围
95020406	旋风斩	6	4	0	15	400	0	1	1	2	2	2	2	9200	80	95020407	73	56	139	1000	800	0	0	0	0	15	160	0	18	攻击以目标为中心的十字范围
95020407	旋风斩	7	4	0	15	400	0	1	1	2	2	2	2	11400	84	95020408	76	60	150	1000	800	0	0	0	0	15	164	0	20	攻击以目标为中心的十字范围
95020408	旋风斩	8	4	0	15	400	0	1	1	2	2	2	2	13800	88	95020409	79	64	161	1000	800	0	0	0	0	15	168	0	22	攻击以目标为中心的十字范围
95020409	旋风斩	9	4	0	15	400	0	1	1	2	2	2	2	16200	92	95020410	82	68	172	1000	800	0	0	0	0	15	172	0	24	攻击以目标为中心的十字范围
95020410	旋风斩	10	4	0	15	400	0	1	1	2	2	2	2	0	0	0	85	72	183	1000	800	0	0	0	0	15	180	0	26	攻击以目标为中心的十字范围
95020411	旋风斩	11	4	0	15	400	0	1	1	2	2	2	2	0	0	0	85	100	250	1000	800	0	0	0	0	20	200	0	50	攻击以目标为中心的十字范围
95020601	刺击	1	23	0	21	500	1	1	1	2	0	0	1	1400	71	95020602	43	51	124	2000	1000	85000101	100	0	0	0	200	0	30	攻击目标，减少目标20生命以及20魔法
95020602	刺击	2	23	0	21	500	1	1	1	2	0	0	1	2800	74	95020603	46	57	134	2000	1000	85000102	100	0	0	0	200	0	35	攻击目标，减少目标100生命以及50魔法
95020603	刺击	3	23	0	21	500	1	1	1	2	0	0	1	4400	77	95020604	49	63	144	2000	1000	85000103	100	0	0	0	200	0	40	攻击目标，减少目标180生命以及80魔法
95020604	刺击	4	23	0	21	500	1	1	1	2	0	0	1	6200	80	95020605	52	69	154	2000	1000	85000104	100	0	0	0	200	0	45	攻击目标，减少目标260生命以及110魔法
95020605	刺击	5	23	0	21	500	1	1	1	2	0	0	1	8200	83	95020606	55	75	164	2000	1000	85000105	100	0	0	0	200	0	50	攻击目标，减少目标340生命以及140魔法
95020606	刺击	6	23	0	21	500	1	1	1	2	0	0	1	10400	86	95020607	58	81	174	2000	1000	85000106	100	0	0	0	200	0	55	攻击目标，减少目标420生命以及170魔法
95020607	刺击	7	23	0	21	500	1	1	1	2	0	0	1	12800	89	95020608	61	87	184	2000	1000	85000107	100	0	0	0	200	0	60	攻击目标，减少目标500生命以及200魔法
95020608	刺击	8	23	0	21	500	1	1	1	2	0	0	1	15200	92	95020609	64	93	194	2000	1000	85000108	100	0	0	0	200	0	65	攻击目标，减少目标580生命以及230魔法
95020609	刺击	9	23	0	21	500	1	1	1	2	0	0	1	17600	95	95020610	67	99	204	2000	1000	85000109	100	0	0	0	200	0	70	攻击目标，减少目标660生命以及260魔法
95020610	刺击	10	23	0	21	500	1	1	1	2	0	0	1	0	0	0	70	105	214	2000	1000	85000110	100	0	0	0	200	0	75	攻击目标，减少目标800生命以及300魔法
95020111	闪击	1	5	0	14	400	1	1	2	2	0	0	1	4000	7	95020112	50	35	42	0	0	0	0	0	0	0	240	0	50	瞬间攻击敌人两次
95020112	闪击	2	5	0	14	400	1	1	2	2	0	0	1	5000	14	95020113	60	55	62	0	0	0	0	0	0	0	242	0	60	瞬间攻击敌人两次
95020113	闪击	3	5	0	14	400	1	1	2	2	0	0	1	6500	21	95020114	70	75	82	0	0	0	0	0	0	0	244	0	70	瞬间攻击敌人两次
95020114	闪击	4	5	0	14	400	1	1	2	2	0	0	1	8000	28	95020115	80	95	102	0	0	0	0	0	0	0	246	0	80	瞬间攻击敌人两次
95020115	闪击	5	5	0	14	400	1	1	2	2	0	0	1	10000	35	95020116	90	115	122	0	0	0	0	0	0	0	248	0	90	瞬间攻击敌人两次
95020116	闪击	6	5	0	14	400	1	1	2	2	0	0	1	12000	42	95020117	100	135	142	0	0	0	0	0	0	0	250	0	100	瞬间攻击敌人两次
95020117	闪击	7	5	0	14	400	1	1	2	2	0	0	1	14000	49	95020118	110	155	162	0	0	0	0	0	0	0	252	0	110	瞬间攻击敌人两次
95020118	闪击	8	5	0	14	400	1	1	2	2	0	0	1	17000	56	95020119	120	175	182	0	0	0	0	0	0	0	254	0	120	瞬间攻击敌人两次
95020119	闪击	9	5	0	14	400	1	1	2	2	0	0	1	20000	63	95020120	130	195	202	0	0	0	0	0	0	0	256	0	130	瞬间攻击敌人两次
95020120	闪击	10	5	0	14	400	1	1	2	2	0	0	1	0	0	0	140	215	222	0	0	0	0	0	0	0	258	0	140	瞬间攻击敌人两次
95020121	闪击	11	5	0	14	400	1	1	2	2	0	0	1	0	0	0	140	250	300	1500	800	0	0	0	0	0	260	0	200	瞬间攻击敌人两次
95020611	烈火之刃	1	34	0	28	400	1	0	1	2	0	0	1	6000	45	95020612	70	100	124	2000	1000	85001701	100	0	0	0	200	0	100	以烈火的剑锋刺穿敌人，并持续减少敌人的生命和魔法
95020612	烈火之刃	2	34	0	28	400	1	0	1	2	0	0	1	7000	52	95020613	85	120	144	2000	1000	85001702	100	0	0	0	200	0	120	以烈火的剑锋刺穿敌人，并持续减少敌人的生命和魔法
95020613	烈火之刃	3	34	0	28	400	1	0	1	2	0	0	1	9000	59	95020614	100	140	164	2000	1000	85001703	100	0	0	0	200	0	140	以烈火的剑锋刺穿敌人，并持续减少敌人的生命和魔法
95020614	烈火之刃	4	34	0	28	400	1	0	1	2	0	0	1	11000	66	95020615	115	160	184	2000	1000	85001704	100	0	0	0	200	0	160	以烈火的剑锋刺穿敌人，并持续减少敌人的生命和魔法
95020615	烈火之刃	5	34	0	28	400	1	0	1	2	0	0	1	14000	73	95020616	130	180	204	2000	1000	85001705	100	0	0	0	200	0	180	以烈火的剑锋刺穿敌人，并持续减少敌人的生命和魔法
95020616	烈火之刃	6	34	0	28	400	1	0	1	2	0	0	1	17000	80	95020617	145	200	224	2000	1000	85001706	100	0	0	0	200	0	200	以烈火的剑锋刺穿敌人，并持续减少敌人的生命和魔法
95020617	烈火之刃	7	34	0	28	400	1	0	1	2	0	0	1	21000	87	95020618	160	220	244	2000	1000	85001707	100	0	0	0	200	0	220	以烈火的剑锋刺穿敌人，并持续减少敌人的生命和魔法
95020618	烈火之刃	8	34	0	28	400	1	0	1	2	0	0	1	26000	94	95020619	175	240	264	2000	1000	85001708	100	0	0	0	200	0	240	以烈火的剑锋刺穿敌人，并持续减少敌人的生命和魔法
95020619	烈火之刃	9	34	0	28	400	1	0	1	2	0	0	1	32000	101	95020620	190	260	284	2000	1000	85001709	100	0	0	0	200	0	260	以烈火的剑锋刺穿敌人，并持续减少敌人的生命和魔法
95020620	烈火之刃	10	34	0	28	400	1	0	1	2	0	0	1	0	0	0	205	280	304	2000	1000	85001710	100	0	0	0	200	0	280	以烈火的剑锋刺穿敌人，并持续减少敌人的生命和魔法
95010101	闪电术	1	6	0	1	500	1	0	1	6	0	0	1	200	5	95010102	10	6	9	0	0	0	0	0	15	0	0	264	15	召唤闪电攻击敌人
95010102	闪电术	2	6	0	1	500	1	0	1	6	0	0	1	400	10	95010103	15	22	33	0	0	0	0	0	19	0	0	266	18	召唤闪电攻击敌人
95010103	闪电术	3	6	0	1	500	1	0	1	6	0	0	1	800	15	95010104	20	40	55	0	0	0	0	0	23	0	0	268	21	召唤闪电攻击敌人
95010104	闪电术	4	6	0	1	500	1	0	1	6	0	0	1	1400	20	95010105	25	58	87	0	0	0	0	0	27	0	0	270	24	召唤闪电攻击敌人
95010105	闪电术	5	6	0	1	500	1	0	1	6	0	0	1	2200	25	95010106	30	76	121	0	0	0	0	0	31	0	0	272	27	召唤闪电攻击敌人
95010106	闪电术	6	6	0	1	500	1	0	1	6	0	0	1	3200	30	95010107	35	97	162	0	0	0	0	0	35	0	0	276	30	召唤闪电攻击敌人
95010107	闪电术	7	6	0	1	500	1	0	1	6	0	0	1	4400	35	95010108	40	114	184	0	0	0	0	0	39	0	0	278	33	召唤闪电攻击敌人
95010108	闪电术	8	6	0	1	500	1	0	1	6	0	0	1	5800	40	95010109	45	130	226	0	0	0	0	0	43	0	0	280	36	召唤闪电攻击敌人
95010109	闪电术	9	6	0	1	500	1	0	1	6	0	0	1	7400	45	95010110	50	150	276	0	0	0	0	0	47	0	0	282	39	召唤闪电攻击敌人
95010110	闪电术	10	6	0	1	500	1	0	1	6	0	0	1	0	0	0	55	166	328	0	0	0	0	0	51	0	0	288	42	召唤闪电攻击敌人
95010201	火焰术	1	7	0	2	500	1	0	1	6	0	0	1	600	23	95010202	25	46	75	700	700	85000201	20	0	15	0	0	264	10	以烈火无情攻击敌人，并有20%的几率让目标中灼烧状态，在14秒内降低5%物理防御
95010202	火焰术	2	7	0	2	500	1	0	1	6	0	0	1	1200	28	95010203	30	57	90	700	700	85000202	23	0	19	0	0	266	13	以烈火无情攻击敌人，并有23%的几率让目标中灼烧状态，在14秒内降低8%物理防御
95010203	火焰术	3	7	0	2	500	1	0	1	6	0	0	1	2000	33	95010204	35	72	117	700	700	85000203	26	0	23	0	0	268	16	以烈火无情攻击敌人，并有26%的几率让目标中灼烧状态，在14秒内降低11%物理防御
95010204	火焰术	4	7	0	2	500	1	0	1	6	0	0	1	3000	38	95010205	40	82	145	700	700	85000204	29	0	27	0	0	270	19	以烈火无情攻击敌人，并有29%的几率让目标中灼烧状态，在14秒内降低14%物理防御
95010205	火焰术	5	7	0	2	500	1	0	1	6	0	0	1	4200	43	95010206	45	96	178	700	700	85000205	32	0	31	0	0	272	22	以烈火无情攻击敌人，并有32%的几率让目标中灼烧状态，在14秒内降低17%物理防御
95010206	火焰术	6	7	0	2	500	1	0	1	6	0	0	1	5600	48	95010207	50	106	193	700	700	85000206	35	0	35	0	0	276	25	以烈火无情攻击敌人，并有35%的几率让目标中灼烧状态，在14秒内降低20%物理防御
95010207	火焰术	7	7	0	2	500	1	0	1	6	0	0	1	7200	53	95010208	55	120	229	700	700	85000207	38	0	39	0	0	278	28	以烈火无情攻击敌人，并有38%的几率让目标中灼烧状态，在14秒内降低23%物理防御
95010208	火焰术	8	7	0	2	500	1	0	1	6	0	0	1	9000	58	95010209	60	135	267	700	700	85000208	41	0	43	0	0	280	31	以烈火无情攻击敌人，并有41%的几率让目标中灼烧状态，在14秒内降低26%物理防御
95010209	火焰术	9	7	0	2	500	1	0	1	6	0	0	1	11000	63	95010210	65	147	307	700	700	85000209	44	0	47	0	0	282	34	以烈火无情攻击敌人，并有44%的几率让目标中灼烧状态，在14秒内降低29%物理防御
95010210	火焰术	10	7	0	2	500	1	0	1	6	0	0	1	0	0	0	70	159	324	700	700	85000210	50	0	51	0	0	288	37	以烈火无情攻击敌人，并有50%的几率让目标中灼烧状态，在14秒内降低32%物理防御
95010301	石笋术	1	8	0	4	500	1	1	1	6	0	0	1	800	36	95010302	35	106	132	700	700	0	0	20	30	0	0	252	15	以石头做的匕首远距离攻击敌人
95010302	石笋术	2	8	0	4	500	1	1	1	6	0	0	1	1600	40	95010303	40	120	150	700	700	0	0	20	30	0	0	254	18	以石头做的匕首远距离攻击敌人
95010303	石笋术	3	8	0	4	500	1	1	1	6	0	0	1	2600	44	95010304	45	139	171	700	700	0	0	20	30	0	0	256	21	以石头做的匕首远距离攻击敌人
95010304	石笋术	4	8	0	4	500	1	1	1	6	0	0	1	3800	48	95010305	50	151	186	700	700	0	0	20	30	0	0	258	24	以石头做的匕首远距离攻击敌人
95010305	石笋术	5	8	0	4	500	1	1	1	6	0	0	1	5200	52	95010306	55	165	204	700	700	0	0	20	30	0	0	260	27	以石头做的匕首远距离攻击敌人
95010306	石笋术	6	8	0	4	500	1	1	1	6	0	0	1	6800	56	95010307	60	177	219	700	700	0	0	20	30	0	0	264	30	以石头做的匕首远距离攻击敌人
95010307	石笋术	7	8	0	4	500	1	1	1	6	0	0	1	8600	60	95010308	65	189	234	700	700	0	0	20	30	0	0	266	33	以石头做的匕首远距离攻击敌人
95010308	石笋术	8	8	0	4	500	1	1	1	6	0	0	1	10600	64	95010309	70	214	262	700	700	0	0	20	30	0	0	268	36	以石头做的匕首远距离攻击敌人
95010309	石笋术	9	8	0	4	500	1	1	1	6	0	0	1	12800	68	95010310	75	226	277	700	700	0	0	20	30	0	0	270	39	以石头做的匕首远距离攻击敌人
95010310	石笋术	10	8	0	4	500	1	1	1	6	0	0	1	0	0	0	80	240	292	700	700	0	0	20	30	0	0	272	42	以石头做的匕首远距离攻击敌人
95010401	雷击术	1	9	0	1	500	0	0	1	6	2	0	0	1000	49	95010402	30	105	190	700	700	0	0	0	20	0	0	240	10	以雷电攻击以目标为中心左右2格的范围
95010402	雷击术	2	9	0	1	500	0	0	1	6	2	0	0	2000	54	95010403	40	115	225	700	700	0	0	0	20	0	0	242	12	以雷电攻击以目标为中心左右2格的范围
95010403	雷击术	3	9	0	1	500	0	0	1	6	2	0	0	3200	59	95010404	50	133	264	700	700	0	0	0	20	0	0	242	14	以雷电攻击以目标为中心左右2格的范围
95010404	雷击术	4	9	0	1	500	0	0	1	6	2	0	0	4600	64	95010405	60	144	283	700	700	0	0	0	20	0	0	244	16	以雷电攻击以目标为中心左右2格的范围
95010405	雷击术	5	9	0	1	500	0	0	1	6	2	0	0	6200	69	95010406	70	157	321	700	700	0	0	0	20	0	0	244	18	以雷电攻击以目标为中心左右2格的范围
95010406	雷击术	6	9	0	1	500	0	0	1	6	2	0	0	8000	74	95010407	80	168	364	700	700	0	0	0	20	0	0	246	20	以雷电攻击以目标为中心左右2格的范围
95010407	雷击术	7	9	0	1	500	0	0	1	6	2	0	0	10000	79	95010408	90	181	412	700	700	0	0	0	20	0	0	246	22	以雷电攻击以目标为中心左右2格的范围
95010408	雷击术	8	9	0	1	500	0	0	1	6	2	0	0	12200	84	95010409	100	199	427	700	700	0	0	0	20	0	0	248	24	以雷电攻击以目标为中心左右2格的范围
95010409	雷击术	9	9	0	1	500	0	0	1	6	2	0	0	14600	89	95010410	110	211	477	700	700	0	0	0	20	0	0	248	26	以雷电攻击以目标为中心左右2格的范围
95010410	雷击术	10	9	0	1	500	0	0	1	6	2	0	0	0	0	0	120	223	531	700	700	0	0	0	20	0	0	252	28	以雷电攻击以目标为中心左右2格的范围
95010501	雷云术	1	10	0	1	500	0	0	1	6	2	2	2	1600	83	95010502	60	154	352	700	700	0	0	0	25	0	0	240	20	以雷电攻击3*3范围内的敌人
95010502	雷云术	2	10	0	1	500	0	0	1	6	2	2	2	3200	86	95010503	70	160	373	700	700	0	0	0	25	0	0	240	24	以雷电攻击3*3范围内的敌人
95010503	雷云术	3	10	0	1	500	0	0	1	6	2	2	2	5000	89	95010504	80	166	394	700	700	0	0	0	25	0	0	240	28	以雷电攻击3*3范围内的敌人
95010504	雷云术	4	10	0	1	500	0	0	1	6	2	2	2	7000	92	95010505	90	172	415	700	700	0	0	0	25	0	0	240	32	以雷电攻击3*3范围内的敌人
95010505	雷云术	5	10	0	1	500	0	0	1	6	2	2	2	9200	95	95010506	100	178	436	700	700	0	0	0	25	0	0	240	36	以雷电攻击3*3范围内的敌人
95010506	雷云术	6	10	0	1	500	0	0	1	6	2	2	2	11600	98	95010507	110	184	457	700	700	0	0	0	25	0	0	240	40	以雷电攻击3*3范围内的敌人
95010507	雷云术	7	10	0	1	500	0	0	1	6	2	2	2	14000	101	95010508	120	190	478	700	700	0	0	0	25	0	0	240	44	以雷电攻击3*3范围内的敌人
95010508	雷云术	8	10	0	1	500	0	0	1	6	2	2	2	16400	104	95010509	130	196	499	700	700	0	0	0	25	0	0	240	48	以雷电攻击3*3范围内的敌人
95010509	雷云术	9	10	0	1	500	0	0	1	6	2	2	2	18800	107	95010510	140	202	520	700	700	0	0	0	25	0	0	240	52	以雷电攻击3*3范围内的敌人
95010510	雷云术	10	10	0	1	500	0	0	1	6	2	2	2	0	0	0	150	208	541	700	700	0	0	0	25	0	0	240	56	以雷电攻击3*3范围内的敌人
95010511	雷云术	11	10	0	1	500	0	0	1	6	2	2	2	0	0	0	150	300	600	700	700	0	0	0	35	0	0	280	80	以雷电攻击3*4范围内的敌人
95010601	毒气弹	1	11	0	3	500	1	0	1	6	0	0	1	600	23	95010602	25	0	0	7000	700	85000501	50	0	10	0	0	240	30	以毒气攻击敌人，并让敌人有50%的几率中毒,每秒减少生命20，持续16秒
95010602	毒气弹	2	11	0	3	500	1	0	1	6	0	0	1	1200	28	95010603	30	0	0	7000	700	85000502	55	0	10	0	0	240	35	以毒气攻击敌人，并让敌人有55%的几率中毒,每秒减少生命25，持续16秒
95010603	毒气弹	3	11	0	3	500	1	0	1	6	0	0	1	2000	33	95010604	35	0	0	7000	700	85000503	60	0	10	0	0	240	40	以毒气攻击敌人，并让敌人有60%的几率中毒,每秒减少生命30，持续16秒
95010604	毒气弹	4	11	0	3	500	1	0	1	6	0	0	1	3000	38	95010605	40	0	0	7000	700	85000504	65	0	10	0	0	240	45	以毒气攻击敌人，并让敌人有65%的几率中毒,每秒减少生命35，持续16秒
95010605	毒气弹	5	11	0	3	500	1	0	1	6	0	0	1	4200	43	95010606	45	0	0	7000	700	85000505	70	0	10	0	0	240	50	以毒气攻击敌人，并让敌人有70%的几率中毒,每秒减少生命40，持续16秒
95010606	毒气弹	6	11	0	3	500	1	0	1	6	0	0	1	5600	48	95010607	50	0	0	7000	700	85000506	75	0	10	0	0	240	55	以毒气攻击敌人，并让敌人有75%的几率中毒,每秒减少生命45，持续16秒
95010607	毒气弹	7	11	0	3	500	1	0	1	6	0	0	1	7200	53	95010608	55	0	0	7000	700	85000507	80	0	10	0	0	240	60	以毒气攻击敌人，并让敌人有80%的几率中毒,每秒减少生命50，持续16秒
95010608	毒气弹	8	11	0	3	500	1	0	1	6	0	0	1	9000	58	95010609	60	0	0	7000	700	85000508	85	0	10	0	0	240	65	以毒气攻击敌人，并让敌人有85%的几率中毒,每秒减少生命55，持续16秒
95010609	毒气弹	9	11	0	3	500	1	0	1	6	0	0	1	11000	63	95010610	65	0	0	7000	700	85000509	90	0	10	0	0	240	70	以毒气攻击敌人，并让敌人有90%的几率中毒,每秒减少生命60，持续16秒
95010610	毒气弹	10	11	0	3	500	1	0	1	6	0	0	1	0	0	0	70	0	0	7000	700	85000510	100	0	10	0	0	240	75	以毒气攻击敌人，并让敌人有100%的几率中毒,每秒减少生命65，持续16秒
95010111	爆弹术	1	31	9	25	500	1	0	1	6	0	0	1	4000	7	95010112	80	10	20	0	0	85001601	100	0	15	0	0	240	85	将爆弹打入敌人体内，爆炸产生伤害
95010112	爆弹术	2	31	9	25	500	1	0	1	6	0	0	1	5000	14	95010113	92	30	40	0	0	85001602	100	0	19	0	0	244	90	将爆弹打入敌人体内，爆炸产生伤害
95010113	爆弹术	3	31	9	25	500	1	0	1	6	0	0	1	6500	21	95010114	104	50	60	0	0	85001603	100	0	23	0	0	250	95	将爆弹打入敌人体内，爆炸产生伤害
95010114	爆弹术	4	31	9	25	500	1	0	1	6	0	0	1	8000	28	95010115	116	70	80	0	0	85001604	100	0	27	0	0	254	100	将爆弹打入敌人体内，爆炸产生伤害
95010115	爆弹术	5	31	9	25	500	1	0	1	6	0	0	1	10000	35	95010116	128	90	100	0	0	85001605	100	0	31	0	0	260	105	将爆弹打入敌人体内，爆炸产生伤害
95010116	爆弹术	6	31	9	25	500	1	0	1	6	0	0	1	12000	42	95010117	140	110	120	0	0	85001606	100	0	35	0	0	264	110	将爆弹打入敌人体内，爆炸产生伤害
95010117	爆弹术	7	31	9	25	500	1	0	1	6	0	0	1	14000	49	95010118	152	130	140	0	0	85001607	100	0	39	0	0	270	115	将爆弹打入敌人体内，爆炸产生伤害
95010118	爆弹术	8	31	9	25	500	1	0	1	6	0	0	1	17000	56	95010119	164	150	160	0	0	85001608	100	0	43	0	0	274	120	将爆弹打入敌人体内，爆炸产生伤害
95010119	爆弹术	9	31	9	25	500	1	0	1	6	0	0	1	20000	63	95010120	176	170	180	0	0	85001609	100	0	47	0	0	280	125	将爆弹打入敌人体内，爆炸产生伤害
95010120	爆弹术	10	31	9	25	500	1	0	1	6	0	0	1	0	0	0	188	190	200	0	0	85001610	100	0	51	0	0	290	130	将爆弹打入敌人体内，爆炸产生伤害
95010121	爆弹术	11	31	9	25	500	1	0	1	6	0	0	1	0	0	0	188	250	260	0	0	85001611	100	0	60	0	0	300	150	将爆弹打入敌人体内，爆炸产生伤害
95000101	魔法箭	1	12	4	0	0	1	0	1	6	0	0	1	200	5	95000102	8	5	6	0	0	0	0	0	5	5	200	40	15	以带魔法创造的箭攻击敌人
95000102	魔法箭	2	12	4	0	0	1	0	1	6	0	0	1	400	10	95000103	11	21	28	0	0	0	0	0	5	5	200	40	17	以带魔法创造的箭攻击敌人
95000103	魔法箭	3	12	4	0	0	1	0	1	6	0	0	1	800	15	95000104	14	38	52	0	0	0	0	0	5	5	200	40	19	以带魔法创造的箭攻击敌人
95000104	魔法箭	4	12	4	0	0	1	0	1	6	0	0	1	1400	20	95000105	17	57	76	0	0	0	0	0	5	5	200	40	21	以带魔法创造的箭攻击敌人
95000105	魔法箭	5	12	4	0	0	1	0	1	6	0	0	1	2200	25	95000106	20	73	103	0	0	0	0	0	5	5	200	40	23	以带魔法创造的箭攻击敌人
95000106	魔法箭	6	12	4	0	0	1	0	1	6	0	0	1	3200	30	95000107	23	95	127	0	0	0	0	0	5	5	200	40	25	以带魔法创造的箭攻击敌人
95000107	魔法箭	7	12	4	0	0	1	0	1	6	0	0	1	4400	35	95000108	26	112	157	0	0	0	0	0	5	5	200	40	27	以带魔法创造的箭攻击敌人
95000108	魔法箭	8	12	4	0	0	1	0	1	6	0	0	1	5800	40	95000109	29	128	180	0	0	0	0	0	5	5	200	40	29	以带魔法创造的箭攻击敌人
95000109	魔法箭	9	12	4	0	0	1	0	1	6	0	0	1	7400	45	95000110	32	153	214	0	0	0	0	0	5	5	200	40	31	以带魔法创造的箭攻击敌人
95000110	魔法箭	10	12	4	0	0	1	0	1	6	0	0	1	0	0	0	35	169	237	0	0	0	0	0	5	5	200	40	33	以带魔法创造的箭攻击敌人
95000201	追踪箭	1	13	4	0	0	1	1	1	6	0	0	1	800	36	95000202	20	118	166	1000	800	0	0	0	0	5	200	0	10	长着眼睛的箭
95000202	追踪箭	2	13	4	0	0	1	1	1	6	0	0	1	1600	40	95000203	23	133	186	1000	800	0	0	0	0	5	202	0	12	长着眼睛的箭
95000203	追踪箭	3	13	4	0	0	1	1	1	6	0	0	1	2600	44	95000204	26	153	214	1000	800	0	0	0	0	5	204	0	14	长着眼睛的箭
95000204	追踪箭	4	13	4	0	0	1	1	1	6	0	0	1	3800	48	95000205	29	166	232	1000	800	0	0	0	0	5	206	0	16	长着眼睛的箭
95000205	追踪箭	5	13	4	0	0	1	1	1	6	0	0	1	5200	52	95000206	32	181	252	1000	800	0	0	0	0	5	208	0	18	长着眼睛的箭
95000206	追踪箭	6	13	4	0	0	1	1	1	6	0	0	1	6800	56	95000207	35	204	283	1000	800	0	0	0	0	5	210	0	20	长着眼睛的箭
95000207	追踪箭	7	13	4	0	0	1	1	1	6	0	0	1	8600	60	95000208	38	217	301	1000	800	0	0	0	0	5	212	0	22	长着眼睛的箭
95000208	追踪箭	8	13	4	0	0	1	1	1	6	0	0	1	10600	64	95000209	41	232	337	1000	800	0	0	0	0	5	214	0	24	长着眼睛的箭
95000209	追踪箭	9	13	4	0	0	1	1	1	6	0	0	1	12800	68	95000210	44	245	355	1000	800	0	0	0	0	5	216	0	26	长着眼睛的箭
95000210	追踪箭	10	13	4	0	0	1	1	1	6	0	0	1	0	0	0	47	271	373	1000	800	0	0	0	0	5	220	0	28	长着眼睛的箭
95000301	冰冻箭	1	14	2	10	500	1	0	1	6	0	0	1	1200	60	95000302	40	0	0	5000	1000	85000301	55	0	10	0	200	20	40	以冰箭攻击敌人，并有55%的几率让敌人冰冻,降低敌人移动速度300、攻击速度350，持续6秒
95000302	冰冻箭	2	14	2	10	500	1	0	1	6	0	0	1	2400	64	95000303	43	0	0	5000	1000	85000302	60	0	10	0	200	20	45	以冰箭攻击敌人，并有60%的几率让敌人冰冻,降低敌人移动速度300、攻击速度350，持续6秒
95000303	冰冻箭	3	14	2	10	500	1	0	1	6	0	0	1	3800	68	95000304	46	0	0	5000	1000	85000303	65	0	10	0	200	20	50	以冰箭攻击敌人，并有65%的几率让敌人冰冻,降低敌人移动速度300、攻击速度350，持续10秒
95000304	冰冻箭	4	14	2	10	500	1	0	1	6	0	0	1	5400	72	95000305	49	0	0	5000	1000	85000304	70	0	10	0	200	20	55	以冰箭攻击敌人，并有70%的几率让敌人冰冻,降低敌人移动速度300、攻击速度350，持续10秒
95000305	冰冻箭	5	14	2	10	500	1	0	1	6	0	0	1	7200	76	95000306	52	0	0	5000	1000	85000305	75	0	10	0	200	20	60	以冰箭攻击敌人，并有75%的几率让敌人冰冻,降低敌人移动速度400、攻击速度450，持续14秒
95000306	冰冻箭	6	14	2	10	500	1	0	1	6	0	0	1	9200	80	95000307	55	0	0	5000	1000	85000306	80	0	10	0	200	20	65	以冰箭攻击敌人，并有80%的几率让敌人冰冻,降低敌人移动速度400、攻击速度450，持续14秒
95000307	冰冻箭	7	14	2	10	500	1	0	1	6	0	0	1	11400	84	95000308	58	0	0	5000	1000	85000307	85	0	10	0	200	20	70	以冰箭攻击敌人，并有85%的几率让敌人冰冻,降低敌人移动速度400、攻击速度450，持续18秒
95000308	冰冻箭	8	14	2	10	500	1	0	1	6	0	0	1	13800	88	95000309	61	0	0	5000	1000	85000308	90	0	10	0	200	20	75	以冰箭攻击敌人，并有90%的几率让敌人冰冻,降低敌人移动速度400、攻击速度450，持续18秒
95000309	冰冻箭	9	14	2	10	500	1	0	1	6	0	0	1	16200	92	95000310	64	0	0	5000	1000	85000309	95	0	10	0	200	20	80	以冰箭攻击敌人，并有95%的几率让敌人冰冻,降低敌人移动速度400、攻击速度450，持续24秒
95000310	冰冻箭	10	14	2	10	500	1	0	1	6	0	0	1	0	0	0	67	0	0	5000	1000	85000310	100	0	10	0	200	20	85	以冰箭攻击敌人，并有100%的几率让敌人冰冻,降低敌人移动速度500、攻击速度550，持续24秒
95000311	冰冻箭	11	14	2	10	500	1	0	1	6	0	0	1	0	0	0	67	0	0	5000	1000	85000311	100	0	15	0	220	30	100	以冰箭攻击敌人，并有100%的几率让敌人冰冻,降低敌人移动速度550、攻击速度600，持续25秒
95000401	近射	1	15	1	0	0	1	1	1	3	0	0	1	1600	83	95000402	50	328	471	1000	1000	0	0	0	0	16	200	0	30	缩短攻击射程，以达到更高的伤害
95000402	近射	2	15	1	0	0	1	1	1	3	0	0	1	3200	86	95000403	53	338	484	1000	1000	0	0	0	0	16	200	0	33	缩短攻击射程，以达到更高的伤害
95000403	近射	3	15	1	0	0	1	1	1	3	0	0	1	5000	89	95000404	56	349	499	1000	1000	0	0	0	0	16	200	0	36	缩短攻击射程，以达到更高的伤害
95000404	近射	4	15	1	0	0	1	1	1	3	0	0	1	7000	92	95000405	59	359	538	1000	1000	0	0	0	0	16	200	0	39	缩短攻击射程，以达到更高的伤害
95000405	近射	5	15	1	0	0	1	1	1	3	0	0	1	9200	95	95000406	62	388	552	1000	1000	0	0	0	0	16	200	0	42	缩短攻击射程，以达到更高的伤害
95000406	近射	6	15	1	0	0	1	1	1	3	0	0	1	11600	98	95000407	65	398	565	1000	1000	0	0	0	0	16	200	0	45	缩短攻击射程，以达到更高的伤害
95000407	近射	7	15	1	0	0	1	1	1	3	0	0	1	14000	101	95000408	68	409	580	1000	1000	0	0	0	0	16	200	0	48	缩短攻击射程，以达到更高的伤害
95000408	近射	8	15	1	0	0	1	1	1	3	0	0	1	16400	104	95000409	71	419	622	1000	1000	0	0	0	0	16	200	0	51	缩短攻击射程，以达到更高的伤害
95000409	近射	9	15	1	0	0	1	1	1	3	0	0	1	18800	107	95000410	74	429	636	1000	1000	0	0	0	0	16	200	0	54	缩短攻击射程，以达到更高的伤害
95000410	近射	10	15	1	0	0	1	1	1	3	0	0	1	0	0	0	77	461	649	1000	1000	0	0	0	0	16	200	0	57	缩短攻击射程，以达到更高的伤害
95000601	火焰箭	1	29	3	22	500	0	0	1	6	2	2	2	600	23	95000602	15	0	0	1000	1000	85000201	50	0	0	0	200	0	60	有50%的几率让目标进入灼烧状态，在14秒之内降低5%物理防御
95000602	火焰箭	2	29	3	22	500	0	0	1	6	2	2	2	1200	28	95000603	18	0	0	1000	1000	85000202	55	0	0	0	200	0	64	有55%的几率让目标进入灼烧状态，在14秒之内降低8%物理防御
95000603	火焰箭	3	29	3	22	500	0	0	1	6	2	2	2	2000	33	95000604	21	0	0	1000	1000	85000203	60	0	0	0	200	0	68	有60%的几率让目标进入灼烧状态，在14秒之内降低11%物理防御
95000604	火焰箭	4	29	3	22	500	0	0	1	6	2	2	2	3000	38	95000605	24	0	0	1000	1000	85000204	65	0	0	0	200	0	72	有65%的几率让目标进入灼烧状态，在14秒之内降低14%物理防御
95000605	火焰箭	5	29	3	22	500	0	0	1	6	2	2	2	4200	43	95000606	27	0	0	1000	1000	85000205	70	0	0	0	200	0	76	有70%的几率让目标进入灼烧状态，在14秒之内降低17%物理防御
95000606	火焰箭	6	29	3	22	500	0	0	1	6	2	2	2	5600	48	95000607	30	0	0	1000	1000	85000206	75	0	0	0	200	0	80	有75%的几率让目标进入灼烧状态，在14秒之内降低20%物理防御
95000607	火焰箭	7	29	3	22	500	0	0	1	6	2	2	2	7200	53	95000608	33	0	0	1000	1000	85000207	80	0	0	0	200	0	84	有80%的几率让目标进入灼烧状态，在14秒之内降低23%物理防御
95000608	火焰箭	8	29	3	22	500	0	0	1	6	2	2	2	9000	58	95000609	36	0	0	1000	1000	85000208	85	0	0	0	200	0	88	有85%的几率让目标进入灼烧状态，在14秒之内降低26%物理防御
95000609	火焰箭	9	29	3	22	500	0	0	1	6	2	2	2	11000	63	95000610	39	0	0	1000	1000	85000209	90	0	0	0	200	0	92	有90%的几率让目标进入灼烧状态，在14秒之内降低29%物理防御
95000610	火焰箭	10	29	3	22	500	0	0	1	6	2	2	2	0	0	0	42	0	0	1000	1000	85000210	100	0	0	0	200	0	96	有100%的几率让目标进入灼烧状态，在14秒之内降低32%物理防御
95000701	虚弱箭	1	30	3	0	0	1	1	1	6	0	0	1	400	14	95000702	15	0	0	5000	1000	85000601	50	0	0	0	200	0	60	有50%的几率让目标进入脱力状态，在20秒之内降低6%物理攻击力
95000702	虚弱箭	2	30	3	0	0	1	1	1	6	0	0	1	800	19	95000703	19	0	0	5000	1000	85000602	55	0	0	0	200	0	64	有55%的几率让目标进入脱力状态，在20秒之内降低7%物理攻击力
95000703	虚弱箭	3	30	3	0	0	1	1	1	6	0	0	1	1400	24	95000704	23	0	0	5000	1000	85000603	60	0	0	0	200	0	68	有60%的几率让目标进入脱力状态，在20秒之内降低8%物理攻击力
95000704	虚弱箭	4	30	3	0	0	1	1	1	6	0	0	1	2200	29	95000705	27	0	0	5000	1000	85000604	65	0	0	0	200	0	72	有65%的几率让目标进入脱力状态，在20秒之内降低9%物理攻击力
95000705	虚弱箭	5	30	3	0	0	1	1	1	6	0	0	1	3200	34	95000706	31	0	0	5000	1000	85000605	70	0	0	0	200	0	76	有70%的几率让目标进入脱力状态，在20秒之内降低10%物理攻击力
95000706	虚弱箭	6	30	3	0	0	1	1	1	6	0	0	1	4400	39	95000707	35	0	0	5000	1000	85000606	75	0	0	0	200	0	80	有75%的几率让目标进入脱力状态，在20秒之内降低11%物理攻击力
95000707	虚弱箭	7	30	3	0	0	1	1	1	6	0	0	1	5800	44	95000708	39	0	0	5000	1000	85000607	80	0	0	0	200	0	84	有80%的几率让目标进入脱力状态，在20秒之内降低12%物理攻击力
95000708	虚弱箭	8	30	3	0	0	1	1	1	6	0	0	1	7400	49	95000709	43	0	0	5000	1000	85000608	85	0	0	0	200	0	88	有85%的几率让目标进入脱力状态，在20秒之内降低13%物理攻击力
95000709	虚弱箭	9	30	3	0	0	1	1	1	6	0	0	1	9200	54	95000710	47	0	0	5000	1000	85000609	90	0	0	0	200	0	92	有90%的几率让目标进入脱力状态，在20秒之内降低14%物理攻击力
95000710	虚弱箭	10	30	3	0	0	1	1	1	6	0	0	1	0	0	0	51	0	0	5000	1000	85000610	100	0	0	0	200	0	96	有100%的几率让目标进入脱力状态，在20秒之内降低15%物理攻击力
95000111	连射	1	16	8	0	0	1	1	3	6	0	0	1	4000	7	95000112	65	20	25	0	0	0	0	0	0	20	280	0	50	同时射出三箭，造成极大的伤害
95000112	连射	2	16	8	0	0	1	1	3	6	0	0	1	5000	14	95000113	73	40	45	0	0	0	0	0	0	20	282	0	60	同时射出三箭，造成极大的伤害
95000113	连射	3	16	8	0	0	1	1	3	6	0	0	1	6500	21	95000114	81	60	65	0	0	0	0	0	0	20	284	0	70	同时射出三箭，造成极大的伤害
95000114	连射	4	16	8	0	0	1	1	3	6	0	0	1	8000	28	95000115	89	80	85	0	0	0	0	0	0	20	286	0	80	同时射出三箭，造成极大的伤害
95000115	连射	5	16	8	0	0	1	1	3	6	0	0	1	10000	35	95000116	97	100	105	0	0	0	0	0	0	20	288	0	90	同时射出三箭，造成极大的伤害
95000116	连射	6	16	8	0	0	1	1	3	6	0	0	1	12000	42	95000117	105	120	125	0	0	0	0	0	0	20	290	0	100	同时射出三箭，造成极大的伤害
95000117	连射	7	16	8	0	0	1	1	3	6	0	0	1	14000	49	95000118	113	140	145	0	0	0	0	0	0	20	292	0	110	同时射出三箭，造成极大的伤害
95000118	连射	8	16	8	0	0	1	1	3	6	0	0	1	17000	56	95000119	121	160	165	0	0	0	0	0	0	20	294	0	120	同时射出三箭，造成极大的伤害
95000119	连射	9	16	8	0	0	1	1	3	6	0	0	1	20000	63	95000120	129	180	185	0	0	0	0	0	0	20	296	0	130	同时射出三箭，造成极大的伤害
95000120	连射	10	16	8	0	0	1	1	3	6	0	0	1	0	0	0	137	200	205	0	0	0	0	0	0	20	298	0	140	同时射出三箭，造成极大的伤害
95000121	连射	11	16	8	0	0	1	1	3	6	0	0	1	0	0	0	137	250	260	0	0	0	0	0	0	25	300	0	180	同时射出三箭，造成极大的伤害
95000611	闪光箭	1	33	3	24	500	1	1	1	6	2	2	2	6000	45	95000612	70	0	0	5000	1000	85001801	100	0	0	0	200	0	70	射出一支强烈闪光的箭，在伤害敌人的同时让目标进入目盲状态，在7秒之内降低目标自身5%的物理防御和5%的命中
95000612	闪光箭	2	33	3	24	500	1	1	1	6	2	2	2	7000	52	95000613	82	0	0	5000	1000	85001802	100	0	0	0	200	0	80	射出一支强烈闪光的箭，在伤害敌人的同时让目标进入目盲状态，在7秒之内降低目标自身8%的物理防御和8%的命中
95000613	闪光箭	3	33	3	24	500	1	1	1	6	2	2	2	9000	59	95000614	94	0	0	5000	1000	85001803	100	0	0	0	200	0	90	射出一支强烈闪光的箭，在伤害敌人的同时让目标进入目盲状态，在8秒之内降低目标自身11%的物理防御和11%的命中
95000614	闪光箭	4	33	3	24	500	1	1	1	6	2	2	2	11000	66	95000615	106	0	0	5000	1000	85001804	100	0	0	0	200	0	100	射出一支强烈闪光的箭，在伤害敌人的同时让目标进入目盲状态，在8秒之内降低目标自身14%的物理防御和14%的命中
95000615	闪光箭	5	33	3	24	500	1	1	1	6	2	2	2	14000	73	95000616	118	0	0	5000	1000	85001805	100	0	0	0	200	0	110	射出一支强烈闪光的箭，在伤害敌人的同时让目标进入目盲状态，在9秒之内降低目标自身17%的物理防御和17%的命中
95000616	闪光箭	6	33	3	24	500	1	1	1	6	2	2	2	17000	80	95000617	130	0	0	5000	1000	85001806	100	0	0	0	200	0	120	射出一支强烈闪光的箭，在伤害敌人的同时让目标进入目盲状态，在9秒之内降低目标自身20%的物理防御和20%的命中
95000617	闪光箭	7	33	3	24	500	1	1	1	6	2	2	2	21000	87	95000618	142	0	0	5000	1000	85001807	100	0	0	0	200	0	130	射出一支强烈闪光的箭，在伤害敌人的同时让目标进入目盲状态，在10秒之内降低目标自身23%的物理防御和23%的命中
95000618	闪光箭	8	33	3	24	500	1	1	1	6	2	2	2	26000	94	95000619	154	0	0	5000	1000	85001808	100	0	0	0	200	0	140	射出一支强烈闪光的箭，在伤害敌人的同时让目标进入目盲状态，在10秒之内降低目标自身26%的物理防御和26%的命中
95000619	闪光箭	9	33	3	24	500	1	1	1	6	2	2	2	32000	101	95000620	166	0	0	5000	1000	85001809	100	0	0	0	200	0	150	射出一支强烈闪光的箭，在伤害敌人的同时让目标进入目盲状态，在11秒之内降低目标自身29%的物理防御和29%的命中
95000620	闪光箭	10	33	3	24	500	1	1	1	6	2	2	2	0	0	0	178	0	0	5000	1000	85001810	100	0	0	0	200	0	160	射出一支强烈闪光的箭，在伤害敌人的同时让目标进入目盲状态，在12秒之内降低目标自身32%的物理防御和32%的命中
95000211	爆炸箭	1	36	3	23	500	1	0	1	6	0	0	1	6000	60	95000212	92	350	370	1000	800	85001901	100	0	0	0	200	0	120	射出一支会爆炸的箭，对敌人造成双重伤害
95000212	爆炸箭	2	36	3	23	500	1	0	1	6	0	0	1	7000	67	95000213	104	365	385	1000	800	85001902	100	0	0	0	200	0	130	射出一支会爆炸的箭，对敌人造成双重伤害
95000213	爆炸箭	3	36	3	23	500	1	0	1	6	0	0	1	9000	74	95000214	116	380	400	1000	800	85001903	100	0	0	0	200	0	140	射出一支会爆炸的箭，对敌人造成双重伤害
95000214	爆炸箭	4	36	3	23	500	1	0	1	6	0	0	1	11000	81	95000215	128	395	415	1000	800	85001904	100	0	0	0	200	0	150	射出一支会爆炸的箭，对敌人造成双重伤害
95000215	爆炸箭	5	36	3	23	500	1	0	1	6	0	0	1	14000	88	95000216	140	410	430	1000	800	85001905	100	0	0	0	200	0	160	射出一支会爆炸的箭，对敌人造成双重伤害
95000216	爆炸箭	6	36	3	23	500	1	0	1	6	0	0	1	17000	95	95000217	152	425	445	1000	800	85001906	100	0	0	0	200	0	170	射出一支会爆炸的箭，对敌人造成双重伤害
95000217	爆炸箭	7	36	3	23	500	1	0	1	6	0	0	1	21000	102	95000218	164	440	460	1000	800	85001907	100	0	0	0	200	0	180	射出一支会爆炸的箭，对敌人造成双重伤害
95000218	爆炸箭	8	36	3	23	500	1	0	1	6	0	0	1	26000	109	95000219	176	455	475	1000	800	85001908	100	0	0	0	200	0	190	射出一支会爆炸的箭，对敌人造成双重伤害
95000219	爆炸箭	9	36	3	23	500	1	0	1	6	0	0	1	32000	116	95000220	188	470	490	1000	800	85001909	100	0	0	0	200	0	200	射出一支会爆炸的箭，对敌人造成双重伤害
95000220	爆炸箭	10	36	3	23	500	1	0	1	6	0	0	1	0	0	0	200	485	505	1000	800	85001910	100	0	0	0	200	0	210	射出一支会爆炸的箭，对敌人造成双重伤害
95110101	奋力一击	1	1	0	13	400	1	1	1	2	0	0	1	0	0	0	0	0	0	0	0	0	0	0	0	0	250	0	0	boss的技能
95110102	十字斩	1	4	0	15	400	0	0	1	2	1	1	1	0	0	0	0	0	0	0	0	0	0	0	0	0	200	0	0	boss的技能
95110103	地锥	1	8	0	4	500	1	1	1	7	0	0	1	0	0	0	0	0	0	0	0	0	0	0	0	0	200	0	0	boss的技能
95110201	火海	1	7	0	2	500	1	0	1	6	2	2	1	0	0	0	0	0	0	0	0	0	0	0	0	0	0	200	0	boss的技能
95110202	炽热之痛	1	29	0	22	500	1	1	1	7	0	0	1	0	0	0	0	0	0	0	0	0	0	0	0	0	0	250	0	boss的技能
95110203	剧毒	1	11	0	3	500	1	0	1	7	0	0	1	0	0	0	0	0	0	0	0	85020202	100	0	0	0	0	150	0	boss的技能
95110204	闪电之触	1	6	0	19	500	1	0	1	2	0	0	1	0	0	0	0	0	0	0	0	0	0	0	0	0	0	300	0	boss的技能
95110301	震荡攻击	1	4	0	14	400	1	1	1	2	1	1	1	0	0	0	0	0	0	0	0	0	0	0	0	0	250	0	0	boss的技能
95110302	雷暴	1	10	0	1	500	0	0	1	7	2	2	1	0	0	0	0	0	0	0	0	0	0	0	0	0	250	0	0	boss的技能
95110303	击杀	1	5	0	21	500	1	1	1	2	0	0	1	0	0	0	0	0	0	0	0	0	0	0	0	0	500	0	0	boss的技能
95110304	抹杀	1	18	0	10	500	1	0	1	7	0	0	1	0	0	0	0	0	0	0	0	0	0	0	0	0	500	0	0	boss的技能
95110100	小号专杀	1	10	0	1	500	1	0	1	7	7	7	1	0	0	0	0	1000	1002	0	0	0	0	0	0	0	0	0	0	boss杀小号的技能
95110401	鲜血	1	3	0	21	500	1	1	1	5	2	2	1	0	0	0	0	0	0	0	0	85020401	100	0	0	0	0	0	0	boss的技能
95110402	冰斩	1	3	0	10	500	1	1	1	5	0	4	1	0	0	0	0	0	0	0	0	85020402	100	0	0	0	0	300	0	boss的技能
95110403	爆弹	1	3	6	22	500	1	0	1	7	2	2	1	0	0	0	0	0	0	0	0	0	0	0	0	0	0	250	0	boss的技能
95110404	旋斩	1	4	0	21	500	1	0	1	7	1	1	1	0	0	0	0	0	0	0	0	0	0	0	0	0	500	0	0	测试
95110411	雷暴	1	0	0	1	500	1	0	1	7	3	3	1	0	0	0	0	0	0	0	0	0	0	0	0	0	500	500	0	boss的技能
95110412	火雨	1	0	0	2	500	1	1	1	7	7	7	0	0	0	0	0	0	0	0	0	0	0	0	0	0	500	500	0	boss的技能
95110413	剧毒	1	0	0	3	500	1	0	1	7	0	0	1	0	0	0	0	0	0	0	0	85020413	100	0	0	0	300	300	0	boss的技能
95110414	诅咒	1	0	0	24	500	1	0	1	7	0	0	1	0	0	0	0	0	0	0	0	85020414	100	0	0	0	300	300	0	boss的技能
95110421	魔人夕影1	1	0	0	13	400	1	1	1	2	0	0	1	0	0	0	0	0	0	0	0	0	0	0	0	0	350	350	0	boss的技能
95110422	魔人夕影2	1	0	0	19	500	1	0	1	2	0	0	1	0	0	0	0	0	0	0	0	0	0	0	0	0	350	350	0	boss的技能
95110431	金怪1	1	0	0	10	500	1	0	1	2	0	0	1	0	0	0	0	0	0	0	0	85020431	100	0	0	0	300	300	0	boss的技能
95110432	金怪2	1	0	0	14	500	1	1	1	2	0	0	1	0	0	0	0	0	0	0	0	0	0	0	0	0	400	400	0	boss的技能
95110433	金怪3	1	0	0	4	500	1	1	1	3	1	1	1	0	0	0	0	0	0	0	0	0	0	0	0	0	350	350	0	boss的技能
95110441	火焰之魂1	1	0	0	2	500	1	0	1	6	0	0	1	0	0	0	0	0	0	0	0	0	0	0	0	0	400	400	0	boss的技能
95110442	火焰之魂2	1	0	0	2	500	1	0	1	6	2	2	1	0	0	0	0	0	0	0	0	0	0	0	0	0	200	200	0	boss的技能
95110443	火焰之魂3	1	0	0	23	500	1	1	1	6	1	1	1	0	0	0	0	0	0	0	0	0	0	0	0	0	400	400	0	boss的技能
95110451	魔石灵1	1	0	0	4	500	1	1	1	6	1	1	1	0	0	0	0	0	0	0	0	0	0	0	0	0	400	400	0	boss的技能
95110452	魔石灵2	1	0	0	24	500	1	0	1	6	0	0	1	0	0	0	0	0	0	0	0	85020452	100	0	0	0	350	350	0	boss的技能
95110453	魔石灵3	1	0	0	1	500	1	1	1	6	2	2	1	0	0	0	0	0	0	0	0	0	0	0	0	0	350	350	0	boss的技能
95110454	魔石灵4	1	0	0	21	500	1	0	1	6	1	1	1	0	0	0	0	0	0	0	0	85020454	100	0	0	0	400	400	0	boss的技能
95110450	远程物理	1	4	1	0	0	1	1	1	6	0	0	1	0	0	0	0	0	0	0	0	0	0	0	0	0	0	70	0	闯关boss测试
95110451	近程物理	1	4	0	0	0	1	1	1	2	0	0	1	0	0	0	0	0	0	0	0	0	0	0	0	0	0	70	0	闯关boss测试
95110452	诅咒之箭	1	4	3	11	400	1	1	1	6	0	0	1	0	0	0	0	0	0	0	0	85021001	80	0	0	0	0	90	0	试炼之塔72级boss专用
95110453	灼烧	1	7	0	2	500	1	0	1	1	0	0	1	0	0	0	0	0	0	0	0	85021002	70	0	0	0	0	80	0	试炼之塔84级boss专用
95110454	虚弱一击	1	30	0	24	500	1	1	1	1	0	0	1	0	0	0	0	0	0	0	0	85021003	80	0	0	0	0	80	0	试炼之塔96级boss专用
95110455	寒冰箭	1	14	2	10	500	1	0	1	6	0	0	1	0	0	0	0	0	0	0	0	85021004	70	0	0	0	0	90	0	试炼之塔108级boss专用
95110456	定身攻击	1	10	0	17	500	1	1	1	1	0	0	1	0	0	0	0	0	0	0	0	85021005	70	0	0	0	0	100	0	试炼之塔120级boss专用
95110457	爆裂攻击	1	10	0	22	500	1	0	1	6	0	0	1	0	0	0	0	0	0	0	0	0	0	0	0	0	0	500	0	试炼之塔boss
95110501	诅咒者	1	1	0	25	500	1	0	1	4	0	0	1	0	0	0	0	0	0	0	0	85021011	100	0	0	0	100	100	0	试炼之塔怪物技能
95110502	巨毒蝙蝠	1	1	0	3	500	1	0	1	4	0	0	1	0	0	0	0	0	0	0	0	85000506	70	0	0	0	100	100	0	试炼之塔怪物技能
95110503	妖魂	1	1	0	4	500	1	0	1	4	0	0	1	0	0	0	0	0	0	0	0	85021012	100	0	0	0	0	0	0	试炼之塔怪物技能
95110504	隐鼠	1	6	0	1	500	1	0	1	6	0	0	1	0	0	0	0	6	9	0	0	0	0	0	0	0	0	132	0	试炼之塔怪物技能
95110505	带毒僵尸	1	1	0	3	500	1	0	1	4	0	0	1	0	0	0	0	0	0	0	0	85000506	75	0	0	0	100	100	0	试炼之塔怪物技能
95110506	血骷髅	1	3	0	11	400	1	1	1	2	0	0	1	0	0	0	0	0	0	0	0	85000405	70	0	0	0	100	100	0	试炼之塔怪物技能
95110507	巨毒骷髅弓箭手	1	11	0	3	500	1	0	1	6	0	0	1	0	0	0	0	0	0	0	0	85000508	85	0	0	0	100	100	0	试炼之塔怪物技能
95110508	海蓝骷髅战士	1	14	0	10	500	1	1	1	6	0	0	1	0	0	0	0	0	0	0	0	85000309	95	0	0	0	100	100	0	试炼之塔怪物技能
95110509	血色骷髅弓箭手	1	3	0	11	400	0	1	1	2	0	0	1	0	0	0	0	0	0	0	0	85000408	100	0	0	0	100	100	0	试炼之塔怪物技能
95110510	铁怪	1	1	0	13	400	1	1	1	2	0	0	1	0	0	0	0	150	335	0	0	0	0	0	0	0	105	105	0	试炼之塔怪物技能
95110511	火人	1	1	0	25	500	1	0	1	4	0	0	1	0	0	0	0	0	0	0	0	85000709	100	0	0	0	100	100	0	试炼之塔怪物技能
95110512	火焰巨人	1	1	0	25	500	1	0	1	4	0	0	1	0	0	0	0	0	0	0	0	85000710	100	0	0	0	100	100	0	试炼之塔怪物技能
95110513	鬼火	1	1	0	25	500	1	0	1	4	0	0	1	0	0	0	0	0	0	0	0	85000710	100	0	0	0	100	100	0	试炼之塔怪物技能
95110514	火焰领主	1	1	0	25	500	1	0	1	4	0	0	1	0	0	0	0	0	0	0	0	85000710	100	0	0	0	100	100	0	试炼之塔怪物技能
95110515	铁怪弓箭手	1	13	4	0	0	1	1	1	6	0	0	1	0	0	0	0	217	301	0	0	0	0	0	0	0	106	106	0	试炼之塔怪物技能
95110516	金怪	1	1	0	13	400	1	1	1	2	0	0	1	0	0	0	0	99	202	0	0	0	0	0	0	0	105	105	0	试炼之塔怪物技能
95110517	蓝紫巨人	1	1	0	13	400	1	1	1	2	0	0	1	0	0	0	0	99	202	0	0	0	0	0	0	0	105	105	0	试炼之塔怪物技能
95110518	燃烧铁怪	1	3	0	11	400	0	1	1	2	0	0	1	0	0	0	0	0	0	0	0	85000410	100	0	0	0	100	100	0	试炼之塔怪物技能
95110519	亚玛逊战士间隔	1	1	0	10	500	1	0	1	2	0	0	1	0	0	0	0	0	0	0	0	85021013	100	0	0	0	80	80	0	试炼之塔怪物技能
95110520	亚玛逊战士重击	1	1	0	13	400	1	1	1	2	0	0	1	0	0	0	0	114	243	0	0	0	0	0	0	0	103	103	0	试炼之塔怪物技能
95110521	迷你野蛮人间隔	1	1	0	10	500	1	0	1	2	0	0	1	0	0	0	0	0	0	0	0	85021013	100	0	0	0	80	80	0	试炼之塔怪物技能
95110522	迷你野蛮人重击	1	1	0	13	400	1	1	1	2	0	0	1	0	0	0	0	114	243	0	0	0	0	0	0	0	103	103	0	试炼之塔怪物技能
95110523	特种卫兵冰冻	1	14	0	10	500	1	1	1	6	0	0	1	0	0	0	0	0	0	0	0	85000309	95	0	0	0	100	100	0	试炼之塔怪物技能
95110524	特种卫兵重击	1	1	0	13	400	1	1	1	2	0	0	1	0	0	0	0	135	288	0	0	0	0	0	0	0	104	104	0	试炼之塔怪物技能
95110525	特种剑士冰冻	1	14	0	10	500	1	1	1	6	0	0	1	0	0	0	0	0	0	0	0	85000309	95	0	0	0	100	100	0	试炼之塔怪物技能
95110526	特种剑士重击	1	1	0	13	400	1	1	1	2	0	0	1	0	0	0	0	135	288	0	0	0	0	0	0	0	104	104	0	试炼之塔怪物技能
95110527	精灵护守者火	1	29	3	22	500	1	0	1	6	0	0	1	0	0	0	0	0	0	0	0	85000210	100	0	0	0	100	100	0	试炼之塔怪物技能
95110528	精灵护守者冰	1	14	2	10	500	1	0	1	6	0	0	1	0	0	0	0	0	0	0	0	85000308	90	0	0	0	100	100	0	试炼之塔怪物技能
95110529	高级弩箭兵近	1	15	1	0	0	1	1	1	3	0	0	1	0	0	0	0	461	649	0	0	0	0	0	0	0	100	100	0	试炼之塔怪物技能
95110530	高级弩箭兵追	1	13	4	0	0	1	1	1	6	0	0	1	0	0	0	0	232	337	0	0	0	0	0	0	0	107	107	0	试炼之塔怪物技能
95110531	兽人弓箭手追	1	13	4	0	0	1	1	1	6	0	0	1	0	0	0	0	271	373	0	0	0	0	0	0	0	110	110	0	试炼之塔怪物技能
95110532	兽人弓箭手火	1	29	3	22	500	1	0	1	6	0	0	1	0	0	0	0	0	0	0	0	85000208	85	0	0	0	100	100	0	试炼之塔怪物技能
95110533	战斗矮人重	1	1	0	13	400	1	1	1	2	0	0	1	0	0	0	0	150	335	0	0	0	0	0	0	0	105	105	0	试炼之塔怪物技能
95110534	战斗矮人刺	1	23	0	21	500	1	1	1	2	0	0	1	0	0	0	0	93	194	0	0	85000108	100	0	0	0	100	100	0	试炼之塔怪物技能
95110535	兽人战士重	1	1	0	13	400	1	1	1	2	0	0	1	0	0	0	0	150	335	0	0	0	0	0	0	0	105	105	0	试炼之塔怪物技能
95110536	兽人战士血	1	3	0	11	400	0	1	1	2	0	0	1	0	0	0	0	76	205	0	0	85000408	100	0	0	0	94	94	0	试炼之塔怪物技能
95110537	亚玛逊弓箭手火	1	29	3	22	500	1	0	1	6	0	0	1	0	0	0	0	0	0	0	0	85000210	100	0	0	0	100	100	0	试炼之塔怪物技能
95110538	亚玛逊弓箭手魔	1	12	4	0	0	1	0	1	6	0	0	1	0	0	0	0	169	237	0	0	0	0	0	0	0	110	110	0	试炼之塔怪物技能
95110539	高级骑士重	1	1	0	13	400	1	1	1	2	0	0	1	0	0	0	0	150	335	0	0	0	0	0	0	0	108	108	0	试炼之塔怪物技能
95110540	高级骑士刺	1	23	0	21	500	1	1	1	2	0	0	1	0	0	0	0	105	214	0	0	85000110	100	0	0	0	100	100	0	试炼之塔怪物技能
95110541	吓人球头领	1	1	0	21	500	1	0	1	4	0	0	1	0	0	0	0	0	0	0	0	85021015	100	0	0	0	0	0	0	试炼之塔怪物技能
95110542	南瓜假面头领	1	6	0	1	500	1	0	1	6	0	0	1	0	0	0	0	97	162	0	0	0	0	0	0	0	138	138	0	试炼之塔怪物技能
95110543	石人头领	1	1	0	13	400	1	1	1	2	0	0	1	0	0	0	0	84	174	0	0	0	0	0	0	0	105	105	0	试炼之塔怪物技能
95110544	漂浮的幽灵头领	1	1	0	4	500	1	0	1	4	0	0	1	0	0	0	0	0	0	0	0	85021012	100	0	0	0	0	0	0	试炼之塔怪物技能
95110545	隐鼠头领	1	6	0	1	500	1	0	1	6	0	0	1	0	0	0	0	130	226	0	0	0	0	0	0	0	150	150	0	试炼之塔怪物技能
95110546	漂浮的幽灵	1	1	0	19	500	1	0	1	2	0	0	1	0	0	0	0	0	0	0	0	85021016	100	0	0	0	100	100	0	试炼之塔怪物技能
95110547	妖绿的食人花	1	1	0	19	500	1	0	1	2	0	0	1	0	0	0	0	0	0	0	0	85021017	100	0	0	0	100	100	0	试炼之塔怪物技能
95110548	小怪物	1	1	0	19	500	1	0	1	2	0	0	1	0	0	0	0	0	0	0	0	85021018	100	0	0	0	100	100	0	试炼之塔怪物技能
95110549	施瓦新格	1	1	0	19	500	1	0	1	2	0	0	1	0	0	0	0	0	0	0	0	85021019	100	0	0	0	135	120	0	72级主线怪技能
95110550	兽人弓箭手	1	1	3	23	500	1	1	1	6	0	0	1	0	0	0	0	0	0	0	0	0	0	0	0	0	100	100	0	108级主线怪技能
95110551	兽人刀盾手	1	1	0	19	500	1	0	1	2	0	0	1	0	0	0	0	0	0	0	0	0	0	0	0	0	100	100	0	108级主线怪技能
95110552	兽人精英	1	1	0	4	500	1	0	1	2	0	0	1	0	0	0	0	0	0	0	0	85200003	100	0	0	0	150	150	0	108级主线怪技能
95110553	施瓦新格1	1	1	0	22	500	1	1	1	6	2	2	1	0	0	0	0	0	0	0	0	85200104	100	0	0	0	150	150	0	108级主线怪技能
95110554	施瓦新格2	1	1	0	28	400	1	0	1	2	0	0	1	0	0	0	0	0	0	0	0	0	0	0	0	0	200	200	0	108级主线怪技能
95110555	战斗祭司1	1	1	0	5	500	1	0	1	8	0	0	1	0	0	0	0	0	0	0	0	85200205	100	0	0	0	0	0	0	108级主线怪技能
95110556	战斗祭司2	1	1	0	16	500	1	0	1	8	0	0	1	0	0	0	0	0	0	0	0	85200306	100	0	0	0	0	0	0	108级主线怪技能
95110557	邪恶祭司	1	1	0	2	500	1	0	1	6	0	0	1	0	0	0	0	0	0	0	0	0	0	0	0	0	100	100	0	120级主线怪技能
95110558	守卫剑士	1	1	0	15	400	1	1	1	2	0	0	1	0	0	0	0	0	0	0	0	0	0	0	0	0	100	100	0	120级主线怪技能
95110559	皇家护卫	1	1	0	21	500	1	0	1	2	0	0	1	0	0	0	0	0	0	0	0	85200407	100	0	0	0	150	150	0	120级主线怪技能
95110560	梅迪乌斯1	1	1	0	10	500	1	1	1	6	0	0	1	0	0	0	0	0	0	0	0	85200508	100	0	0	0	120	120	0	120级主线怪技能
95110561	梅迪乌斯2	1	1	0	25	500	1	0	1	2	0	0	1	0	0	0	0	0	0	0	0	0	0	0	0	0	150	150	0	120级主线怪技能
95110562	王子1	1	1	0	5	500	1	0	1	13	0	0	1	0	0	0	0	0	0	0	0	85200609	100	0	0	0	0	0	0	120级主线怪技能
95110563	王子2	1	1	0	26	500	1	0	1	13	0	0	1	0	0	0	0	0	0	0	0	85200710	100	0	0	0	0	0	0	120级主线怪技能
95110564	王子3	1	1	0	17	500	1	0	1	13	0	0	1	0	0	0	0	0	0	0	0	85200811	100	0	0	0	0	0	0	120级主线怪技能
95110565	骷髅雕像	1	1	0	2	500	1	1	1	10	0	0	1	0	0	0	0	0	0	0	0	85200912	100	0	0	0	0	0	0	120级主线用炮台
95110566	骷髅雕像	1	1	0	1	500	1	1	1	10	0	0	1	0	0	0	0	0	0	0	0	85200912	100	0	0	0	0	0	0	120级主线用炮台
95120081	地狱星	1	1	5	21	500	1	0	1	6	0	0	1	0	0	0	0	0	0	0	0	0	0	0	0	0	100	100	0	二转怪物用技能
95120082	地狱星	1	1	5	21	500	1	1	1	6	0	0	1	0	0	0	0	0	0	0	0	0	0	0	0	0	100	100	0	二转怪物用技能
95120083	魔域妖草	1	1	0	11	400	1	0	1	2	0	0	1	0	0	0	0	0	0	0	0	85020101	100	0	0	0	100	100	0	二转怪物用技能
95120084	魔域妖草	1	1	0	11	400	1	1	1	2	0	0	1	0	0	0	0	0	0	0	0	85020101	100	0	0	0	100	100	0	二转怪物用技能
95120085	多目邪眼	1	1	6	10	500	1	0	1	6	0	0	1	0	0	0	0	0	0	0	0	85020102	100	0	0	0	100	100	0	二转怪物用技能
95120086	多目邪眼	1	1	6	10	500	1	1	1	6	0	0	1	0	0	0	0	0	0	0	0	85020102	100	0	0	0	100	100	0	二转怪物用技能
95120087	梦魇	1	1	0	19	500	1	0	1	2	0	0	1	0	0	0	0	0	0	0	0	85020103	100	0	0	0	100	100	0	二转怪物用技能
95120088	梦魇	1	1	0	19	500	1	1	1	2	0	0	1	0	0	0	0	0	0	0	0	85020103	100	0	0	0	100	100	0	二转怪物用技能
95120089	原生兽人	1	1	0	13	400	1	0	1	2	0	0	1	0	0	0	0	0	0	0	0	0	0	0	0	0	120	120	0	二转怪物用技能
95120090	原生兽人	1	1	0	13	400	1	0	1	2	0	0	1	0	0	0	0	0	0	0	0	0	0	0	0	0	120	120	0	二转怪物用技能
95120091	死亡精灵	1	1	0	1	500	1	1	1	2	0	0	1	0	0	0	0	0	0	0	0	0	0	0	0	0	120	120	0	二转怪物用技能
95120092	死亡精灵	1	1	0	1	500	1	1	1	2	0	0	1	0	0	0	0	0	0	0	0	0	0	0	0	0	120	120	0	二转怪物用技能
95120093	恶魔守卫	1	1	0	4	500	1	0	1	2	0	0	1	0	0	0	0	0	0	0	0	0	0	0	0	0	130	130	0	二转怪物用技能
95120094	恶灵之火	1	1	5	28	400	1	1	1	6	0	0	1	0	0	0	0	0	0	0	0	85020105	100	0	0	0	100	100	0	二转怪物用技能
95120095	魔域石灵	1	1	0	23	500	1	0	1	2	0	0	1	0	0	0	0	0	0	0	0	85020106	100	0	0	0	100	100	0	二转怪物用技能
95100001	加血加蓝	1	1	0	5	500	1	1	1	4	0	0	1	0	0	0	0	0	0	0	0	85200001	100	0	0	0	0	0	0	任务怪用
95100002	催眠	1	1	0	3	500	1	1	1	4	0	0	1	0	0	0	0	0	0	0	0	85200002	100	0	0	0	100	100	0	任务怪用
