1633040011
1633040011
1633040011
1333050020
1333050021
1333050022
1333100101
1333100102
1333100103
1333100104
1633060011
1633070011
1633070021
1633070041
1633070051
1633070071
1330000001
1330000002
1333000100
1333000200
1333000300
1333000400
1333002001
1333002002
1333002003
1633090001
1633090002
1633090003
1633090004
1633090005
1633090006
1633090007
1633090008
1633090009
1633090010
1633090011
1633090012
1633090013
1633090014
1633090015
1633090016
1633090017
1633090018
1633090019
1633090020
1633090021
1633090022
1633090023
1633090024
1633090025
1633090026
1633090027
1633090028
1633090029
1633090030
1633090031
1633090032
1633090033
1633090034
1633090035
1633090036
1633090037
1633090038
1633090039
1633090040
1633090041
1633090042
1633090043
1633090044
1633090045
1633090046
1633090047
1633090048
1633090049
1633090050
1633090051
1633090052
1633090053
1633090054
1633090055
1633090056
1633090057
1633090058
1633090059
1633090060
1633090061
1633090062
1633090063
1633090064
1633090065
1633090066
1633090067
1633090068
1633090069
1633090070
1633090071
1633090072
1633090073
1633090074
1633090075
1633090076
1633090077
1633090078
1633090079
1633090080
1633090081
1633090082
1633090083
1633090084
1633090085
1633090086
1633090087
1633090088
1633090089
1633090090
1633090091
1633090092
1633090093
1633090094
1633090095
1633090096
1633090097
1633090098
1633090099
1633090100
1633090101
1633090102
1633090103
1633090104
1633090105
1633090106
1633090107
1633090108
1633090109
1633090110
1633090111
1633090112
1633090113
1633090114
1633090115
1633090116
1633090117
1633090118
1633090119
1633090120
1433000101
1433000102
1433000103
1433000104
1433000105
1433000201
1433000202
1433000203
1433000204
1433000205
1433000301
1433000302
1433000303
1433000304
1433000305
1433000401
1433000402
1433000403
1433000404
1433000405
1433000501
1433000502
1433000503
1433000504
1433000505
1433000601
1433000602
1433000603
1433000604
1433000605
1433000701
1433000702
1433000703
1433000704
1433000705
1313000100
1313000200
1313000300
1313000400
1313000500
1313001100
1313001200
1313001300
1313001400
1313001500
1313002300
1313002400
1313002500
1313002600
1313002700
1313002800
1313002900
1313003100
