编号	名字	图象	颜色	等级	怪物种类	攻击范围	最大生命	最小物理攻击力	最大物理攻击力	最小魔法攻击力	最大魔法攻击力	物理防御	魔法防御	命中	闪避	移动速度	移动间隔	攻击时间	攻击间隔	远程攻击特效类型	简介
id	name	image	color	level	grade	attackRange	maxLife	minPhysicalDamage	maxPhysicalDamage	minMagicDamage	maxMagicDamage	physicalDefense	magicDefense	hittingAbility	evadingAbility	stepTime	moveDelay	attackTime	attackDelay	flyerType	description
60000001	远古老鼠	2	0	1	0	1	109	5	12	0	0	3	3	12	4	700	200	1000	700	0	远古隧道中的老鼠，受到黑暗魔力的侵袭现在变成了黑暗生物。竟然猖狂的大量的冲出隧道，袭击法洛斯居民。
60000002	远古老鼠	2	0	3	0	1	189	9	22	0	0	15	13	12	4	700	200	1000	700	0	远古隧道中的老鼠，受到黑暗魔力的侵袭现在变成了黑暗生物。竟然猖狂的大量的冲出隧道，袭击法洛斯居民。
60000003	多目怪	8	0	5	0	5	276	0	0	13	30	28	24	13	4	700	200	1000	700	6	多目怪是魔族忠实的仆人，独自在野外行走的旅人常常会受到来自多目怪的袭击，那仿佛来自地狱的身影，拥有远距离杀伤的能力，它们疯狂的袭击人类得到人类的鲜血来增强它们的力量。
60000004	多目怪	8	0	7	0	5	346	0	0	17	41	40	34	13	4	700	200	1000	700	6	多目怪是魔族忠实的仆人，独自在野外行走的旅人常常会受到来自多目怪的袭击，那仿佛来自地狱的身影，拥有远距离杀伤的能力，它们疯狂的袭击人类得到人类的鲜血来增强它们的力量。
60000005	蝎子	40	0	9	0	1	424	25	54	0	0	53	45	18	6	700	200	1000	700	0	这些只靠本能活动的小生物有时候是致命的，特别是当你忽略它的时候
60000006	蝎子	40	0	11	0	1	649	28	60	0	0	65	56	18	6	700	200	1000	700	0	这些只靠本能活动的小生物有时候是致命的，特别是当你忽略它的时候
60000007	海星星	35	0	13	0	4	810	0	0	32	69	77	66	18	6	700	200	1000	700	5	别被它可爱的外表迷惑，如果你惹怒它它一样很恐怖
60000008	海星星	35	0	15	0	4	892	0	0	39	84	90	76	20	7	700	200	1000	700	5	别被它可爱的外表迷惑，如果你惹怒它它一样很恐怖
60000009	跳蚤	7	0	17	0	1	1000	51	107	0	0	101	87	24	8	700	200	1000	700	0	这些跳蚤在魔力的冲击下已经晋升为魔物，看它们现在的体型你就不会怀疑我的定位
60000010	跳蚤	7	0	19	0	1	1167	57	118	0	0	114	97	26	8	700	200	1000	700	0	这些跳蚤在魔力的冲击下已经晋升为魔物，看它们现在的体型你就不会怀疑我的定位
60000011	野蛮人	3	0	21	0	1	1548	63	128	0	0	126	108	26	8	700	200	1000	700	0	到处都有一些没有开化的人群，但是这一群崇尚暴力
60000012	野蛮人	3	0	23	0	1	1660	71	145	0	0	138	119	26	8	700	200	1000	600	0	到处都有一些没有开化的人群，但是这一群崇尚暴力
60000013	狂剑士	9	0	25	0	1	1909	74	153	0	0	151	129	32	16	700	200	1000	600	0	一些战士在和魔物交战的过程中迷失了自己，现在他们也变成了魔物
60000014	狂剑士	9	0	27	0	1	2031	77	162	0	0	163	140	32	16	700	200	1000	600	0	一些战士在和魔物交战的过程中迷失了自己，现在他们也变成了魔物
60000015	树精	31	0	29	0	1	2115	0	0	92	188	193	165	36	18	700	200	1000	600	0	这些树在过了万年以后已经成为了出色的丛林守护者
60000016	树精	31	0	31	0	1	2641	0	0	95	195	205	176	36	18	700	200	1000	600	0	这些树在过了万年以后已经成为了出色的丛林守护者
60000017	沙怪	36	0	33	0	1	2925	103	210	0	0	220	189	38	18	700	200	1000	600	0	这些家伙很擅长隐藏自己，但也只有在沙漠中它们才有这种能力
60000018	沙怪	36	0	35	0	1	3079	109	220	0	0	234	200	40	19	700	200	1000	600	0	这些家伙很擅长隐藏自己，但也只有在沙漠中它们才有这种能力
60000019	南瓜怪	39	0	37	0	1	3255	112	230	0	0	246	211	40	19	700	200	1000	600	0	有个喜欢恶作剧的法师将万圣节的礼物活化了，产生了这种玩意儿
60000020	南瓜怪	39	0	39	0	1	3627	124	256	0	0	261	223	42	21	700	200	1000	600	0	有个喜欢恶作剧的法师将万圣节的礼物活化了，产生了这种玩意儿
60000021	士兵	6	0	41	0	1	4353	133	273	0	0	308	264	44	22	700	200	1000	600	0	受过专业训练的士兵，随时准备奔赴战场
60000022	士兵	6	0	43	0	1	4515	140	286	0	0	324	277	44	22	700	200	1000	600	0	受过专业训练的士兵，随时准备奔赴战场
60000023	无双·怪异花	34	0	60	0	5	4819	103	155	0	0	339	289	48	24	700	200	1000	600	7	花是用来观赏的，有些要站远点看
60000024	无双·怪异花	34	0	60	0	5	4996	109	161	0	0	354	303	48	24	700	200	1000	600	7	花是用来观赏的，有些要站远点看
60000025	无双·怪异巨人	13	0	60	0	1	5185	112	169	0	0	403	346	61	30	700	200	1000	600	0	论个头，他们确实配的上这个名字
60000026	无双·怪异巨人	13	0	60	0	1	5352	124	176	0	0	420	360	61	30	700	200	1000	600	0	论个头，他们确实配的上这个名字
60000027	无双·怪异剑士	9	0	60	0	1	5806	133	181	0	0	435	374	61	30	700	200	1000	600	0	说他们疯狂一点都不过分，他们除了手里的剑以外什么都不相信
60000028	无双·怪异剑士	9	0	60	0	1	5982	140	187	0	0	453	388	62	30	700	200	1000	500	0	说他们疯狂一点都不过分，他们除了手里的剑以外什么都不相信
60000029	狂暴野蛮人	3	0	57	0	1	6135	194	394	0	0	469	403	64	31	700	200	1000	500	0	这些是野蛮人中最善战的一批
60000030	狂暴野蛮人	3	0	59	0	1	6580	228	467	0	0	486	416	67	33	700	200	1000	500	0	这些是野蛮人中最善战的一批
60000031	南瓜怪人	39	0	61	0	1	6792	0	0	240	490	507	435	67	33	700	200	1000	500	0	南瓜怪的进化产物
60000032	南瓜怪人	39	0	63	0	1	6958	0	0	248	505	530	454	67	33	700	200	1000	500	0	南瓜怪的进化产物
60000033	剧毒跳蚤	7	0	65	0	1	7465	255	518	0	0	552	474	73	36	700	200	1000	500	0	不要以为被跳蚤咬一口没什么大不了的
60000034	剧毒跳蚤	7	0	67	0	1	7642	260	530	0	0	574	492	73	36	700	200	1000	500	0	不要以为被跳蚤咬一口没什么大不了的
60000035	远古树精	31	0	69	0	1	7804	0	0	268	546	596	511	74	36	700	200	1000	500	0	在还没有我们的时候，它们就已经在这里生活了上百万年了
60000036	远古树精	31	0	71	0	1	7984	0	0	278	565	618	530	74	36	700	200	1000	500	0	在还没有我们的时候，它们就已经在这里生活了上百万年了
60000037	卫兵	6	0	73	0	1	8565	286	581	0	0	640	550	76	37	700	200	1000	500	0	有着强大意志力的守卫者
60000038	卫兵	6	0	75	0	1	8565	312	635	0	0	662	568	91	45	700	200	1000	500	0	有着强大意志力的守卫者
60000039	邪恶巨人	13	0	77	0	1	8730	319	646	0	0	685	588	91	45	700	200	1000	500	0	从他们的眼神就可以看出来他们不是好东西
60000040	邪恶巨人	13	0	79	0	1	9465	324	660	0	0	777	667	93	46	700	200	1000	500	0	从他们的眼神就可以看出来他们不是好东西
60000041	爆炸球	10	0	81	0	5	9640	0	0	358	725	801	687	97	48	700	200	1000	500	5	以爆炸的力量弹射攻击敌人
60000042	爆炸球	10	0	83	0	5	9793	0	0	367	745	826	708	97	48	700	200	1000	500	5	以爆炸的力量弹射攻击敌人
60000043	木乃伊领主	38	0	85	0	1	10464	372	757	0	0	850	729	99	48	700	200	1000	500	0	尊贵的人在死了变为木乃伊后依旧尊贵
60000044	木乃伊领主	38	0	87	0	1	10639	381	769	0	0	875	749	99	48	700	200	1000	500	0	尊贵的人在死了变为木乃伊后依旧尊贵
60000045	烈火元素	11	0	89	0	1	10590	415	840	0	0	898	771	103	51	700	200	1000	500	0	它们全身都是火焰，把靠近的一切烧光
60000046	烈火元素	11	0	91	0	1	10741	428	868	0	0	922	791	103	51	700	200	1000	500	0	它们全身都是火焰，把靠近的一切烧光
60000047	深渊恶魔	41	0	93	0	1	11427	0	0	434	883	948	812	103	51	700	200	1000	500	0	一群原先生活在洞里的家伙
60000048	深渊恶魔	41	0	95	0	1	11602	0	0	442	895	972	834	105	52	700	200	1000	500	0	一群原先生活在洞里的家伙
60000049	骷髅战士	5	0	97	0	1	11805	447	905	0	0	997	854	109	54	700	200	1000	500	0	看似训练有素的骷髅
60000050	骷髅战士	5	0	99	0	1	12678	455	925	0	0	1020	875	128	63	700	200	1000	500	0	看似训练有素的骷髅
60000051	骷髅弓箭手	1	0	101	0	5	12858	519	1050	0	0	1044	896	128	63	700	200	1000	500	1	当你给骷髅一把弓，那么你下一步能做的就是离开它的射程
60000052	骷髅弓箭手	1	0	103	0	5	13020	526	1065	0	0	1069	917	128	63	700	200	1000	500	1	当你给骷髅一把弓，那么你下一步能做的就是离开它的射程
60000053	尸兵	0	0	105	0	1	13515	569	1151	0	0	1093	938	134	66	700	200	1000	500	0	没有大脑，不知道疼痛
60000054	尸兵	0	0	107	0	1	13668	578	1170	0	0	1118	958	134	66	700	200	1000	500	0	没有大脑，不知道疼痛
60000055	鬼将	42	0	109	0	1	13870	589	1190	0	0	1143	979	135	66	700	200	1000	500	0	它们自称不是一般的鬼
60000056	鬼将	42	0	111	0	1	14046	594	1203	0	0	1165	1000	135	66	700	200	1000	500	0	它们自称不是一般的鬼
60000057	怨灵	37	0	113	0	3	14842	0	0	601	1220	1190	1021	138	67	700	200	1000	500	6	死得不甘心的人化成的幽灵
60000058	怨灵	37	0	115	0	3	14994	0	0	612	1238	1215	1042	140	69	700	200	1000	500	6	死得不甘心的人化成的幽灵
60000059	燃烧巨人	12	0	117	0	1	15174	618	1251	0	0	1240	1062	140	69	700	200	1000	500	0	它们是火山的主人
60000060	燃烧巨人	12	0	119	0	1	15904	669	1353	0	0	1264	1085	142	70	700	200	1000	500	0	它们是火山的主人
60000145	镜子烈火元素	11	0	89	0	1	10590	0	0	415	840	898	771	103	51	700	200	1000	500	0	它们全身都是火焰，把靠近的一切烧光
60000146	镜子烈火元素	11	0	91	0	1	10741	0	0	428	868	922	791	103	51	700	200	1000	500	0	它们全身都是火焰，把靠近的一切烧光
60000147	镜子深渊恶魔	41	0	93	0	1	11427	434	883	0	0	948	812	103	51	700	200	1000	500	0	一群原先生活在洞里的家伙
60000148	镜子深渊恶魔	41	0	95	0	1	11602	442	895	0	0	972	834	105	52	700	200	1000	500	0	一群原先生活在洞里的家伙
60000149	镜子骷髅战士	5	0	97	0	1	11805	0	0	447	905	997	854	109	54	700	200	1000	500	0	看似训练有素的骷髅
60000150	镜子骷髅战士	5	0	99	0	1	12678	0	0	455	925	1020	875	128	63	700	200	1000	500	0	看似训练有素的骷髅
60000151	镜子骷髅弓箭手	1	0	101	0	5	12858	0	0	519	1050	1044	896	128	63	700	200	1000	500	1	当你给骷髅一把弓，那么你下一步能做的就是离开它的射程
60000152	镜子骷髅弓箭手	1	0	103	0	5	13020	0	0	526	1065	1069	917	128	63	700	200	1000	500	1	当你给骷髅一把弓，那么你下一步能做的就是离开它的射程
60000153	镜子尸兵	0	0	105	0	1	13515	0	0	569	1151	1093	938	134	66	700	200	1000	500	0	没有大脑，不知道疼痛
60000154	镜子尸兵	0	0	107	0	1	13668	0	0	578	1170	1118	958	134	66	700	200	1000	500	0	没有大脑，不知道疼痛
60000155	镜子鬼将	42	0	109	0	1	13870	0	0	589	1190	1143	979	135	66	700	200	1000	500	0	它们自称不是一般的鬼
60000156	镜子鬼将	42	0	111	0	1	14046	0	0	594	1203	1165	1000	135	66	700	200	1000	500	0	它们自称不是一般的鬼
60000157	镜子怨灵	37	0	113	0	3	14842	601	1220	0	0	1190	1021	138	67	700	200	1000	500	6	死得不甘心的人化成的幽灵
60000158	镜子怨灵	37	0	115	0	3	14994	612	1238	0	0	1215	1042	140	69	700	200	1000	500	6	死得不甘心的人化成的幽灵
60000159	镜子燃烧巨人	12	0	117	0	1	15174	0	0	618	1251	1240	1062	140	69	700	200	1000	500	0	它们是火山的主人
60000160	镜子燃烧巨人	12	0	119	0	1	15904	0	0	669	1353	1264	1085	142	70	700	200	1000	500	0	它们是火山的主人
60000061	小蝙蝠	32	0	41	0	1	4353	133	273	0	0	308	264	44	22	700	200	1000	600	0	山洞里经常能看到它们的身影
60000062	小蝙蝠	32	0	43	0	1	4515	140	286	0	0	324	277	44	22	700	200	1000	600	0	山洞里经常能看到它们的身影
60000063	幽灵	37	0	45	0	5	4819	155	318	0	0	339	289	48	24	700	200	1000	600	6	它的恐怖在于你不容易打到它
60000064	幽灵	37	0	47	0	5	4996	161	329	0	0	354	303	48	24	700	200	1000	600	6	它的恐怖在于你不容易打到它
60000065	僵尸	0	0	49	0	1	5185	169	346	0	0	403	346	61	30	700	200	1000	600	0	据说它们变得四分五裂了还能动
60000066	僵尸	0	0	51	0	1	5352	176	360	0	0	420	360	61	30	700	200	1000	600	0	据说它们变得四分五裂了还能动
60000067	小恶魔	41	0	53	0	1	5806	181	370	0	0	435	374	61	30	700	200	1000	600	0	地域的传令使
60000068	小恶魔	41	0	55	0	1	5982	187	382	0	0	453	388	62	30	700	200	1000	500	0	地域的传令使
60000069	骷髅	5	0	57	0	1	6135	194	394	0	0	469	403	64	31	700	200	1000	500	0	魔力使它们重新站起来
60000070	骷髅	5	0	59	0	1	6580	228	467	0	0	486	416	67	33	700	200	1000	500	0	魔力使它们重新站起来
60000071	木乃伊	38	0	61	0	1	6792	0	0	240	490	507	435	67	33	700	200	1000	500	0	你很难想象它们在经历了千万年后依然保存完好
60000072	木乃伊	38	0	63	0	1	6958	0	0	248	505	530	454	67	33	700	200	1000	500	0	你很难想象它们在经历了千万年后依然保存完好
60000073	鬼魂	42	0	65	0	1	7465	255	518	0	0	552	474	73	36	700	200	1000	500	0	死者的灵魂，游弋于世间
60000074	鬼魂	42	0	67	0	1	7642	260	530	0	0	574	492	73	36	700	200	1000	500	0	死者的灵魂，游弋于世间
60000075	火元素	11	0	69	0	1	7804	0	0	268	546	596	511	74	36	700	200	1000	500	0	它就是火
60000076	火元素	11	0	71	0	1	7984	0	0	278	565	618	530	74	36	700	200	1000	500	0	它就是火
60000077	火焰巨人	12	0	73	0	1	8565	286	581	0	0	640	550	76	37	700	200	1000	500	0	它们从火山中来
60000078	火焰巨人	12	0	75	0	1	8565	312	635	0	0	662	568	91	45	700	200	1000	500	0	它们从火山中来
60000079	地狱恶魔	41	0	77	0	1	8730	319	646	0	0	685	588	91	45	700	200	1000	500	0	从地域中走出来的恶魔
60000080	地狱恶魔	41	0	79	0	1	9465	324	660	0	0	777	667	93	46	700	200	1000	500	0	从地域中走出来的恶魔
60000081	地狱星	35	0	102	0	6	22000	2191	2590	0	0	2012	1862	145	104	550	100	800	400	5	地狱中的吉祥物
60000082	地狱星	35	0	104	0	6	23500	0	0	2191	2590	1862	2012	145	104	550	100	800	400	5	地狱中的吉祥物
60000083	魔域妖草	54	0	106	0	1	25000	2270	2665	0	0	2072	1922	150	109	550	100	800	400	0	魔界的植物，和一般的植物不一样
60000084	魔域妖草	54	0	108	0	1	26500	0	0	2270	2665	1922	2072	150	109	550	100	800	400	0	魔界的植物，和一般的植物不一样
60000085	多目邪眼	23	0	110	0	6	28000	2349	2740	0	0	2132	1982	155	114	550	100	800	400	6	据说被它盯上的人都没什么好下场
60000086	多目邪眼	23	0	112	0	6	29500	0	0	2349	2740	1982	2132	155	114	550	100	800	400	6	据说被它盯上的人都没什么好下场
60000087	梦魇	39	0	114	0	1	31000	2428	2815	0	0	2192	2042	160	119	550	100	800	400	0	吾心从梦，吾梦为恶
60000088	梦魇	39	0	116	0	1	32500	0	0	2428	2815	2042	2192	160	119	550	100	800	400	0	吾心从梦，吾梦为恶
60000089	原生兽人	46	0	118	0	1	34000	2507	2890	0	0	2252	2102	165	124	550	100	800	400	0	最早一批诞生在这个星球的兽人
60000090	原生兽人	46	0	120	0	1	35500	2586	2965	0	0	2102	2252	165	124	550	100	800	400	0	最早一批诞生在这个星球的兽人
60000091	死亡精灵	18	0	122	0	1	37000	0	0	2586	2965	2312	2162	170	129	550	100	800	400	0	精灵审判执行者
60000092	死亡精灵	18	0	124	0	1	38500	0	0	2665	3040	2162	2312	170	129	550	100	800	400	0	精灵审判执行者
60000093	恶魔守卫	41	0	126	0	1	40000	2744	3115	0	0	2372	2222	175	134	550	100	800	400	0	地狱守门人
60000094	恶灵之火	26	0	128	0	6	41500	0	0	2823	3190	2282	2432	180	139	550	100	800	400	5	地狱中的原火
60000095	魔域石灵	13	0	130	0	1	43000	2902	3265	0	0	2500	2350	185	144	550	100	800	400	0	魔界的石头，似乎有了生命
60000096	无双镜像	23	0	1	0	1	100	1	1	0	0	1	1	10	0	550	100	800	400	0	被困在无双幻境的朋友你好啊，哈哈哈哈。告诉你个秘密，无双幻境一共有五个。离开幻境的时候可以留下一个东西来作为记号，希望对你有帮助
60010001	肉肉	3	0	10	0	1	100	1	1	0	0	100000	100000	1000	0	700	200	1000	500	0	网速慢，没问题，我来帮你解决。打我有点累，但是你不会受伤。
60010002	肉肉	3	0	20	0	1	100	1	1	0	0	100000	100000	1000	0	700	200	1000	500	0	网速慢，没问题，我来帮你解决。打我有点累，但是你不会受伤。
60010003	肉肉	3	0	30	0	1	100	1	1	0	0	100000	100000	1000	0	700	200	1000	500	0	网速慢，没问题，我来帮你解决。打我有点累，但是你不会受伤。
60010004	肉肉	3	0	40	0	1	100	1	1	0	0	100000	100000	1000	0	700	200	1000	500	0	网速慢，没问题，我来帮你解决。打我有点累，但是你不会受伤。
60010005	肉肉	3	0	20	0	1	100	1	1	0	0	100000	100000	1000	0	700	200	1000	500	0	网速慢，没问题，我来帮你解决。打我有点累，但是你不会受伤。
60010006	肉肉	3	0	50	0	1	100	1	1	0	0	100000	100000	1000	0	700	200	1000	500	0	网速慢，没问题，我来帮你解决。打我有点累，但是你不会受伤。
60010007	肉肉	3	0	70	0	1	100	1	1	0	0	100000	100000	1000	0	700	200	1000	500	0	网速慢，没问题，我来帮你解决。打我有点累，但是你不会受伤。
60010008	肉肉	3	0	80	0	1	100	1	1	0	0	100000	100000	1000	0	700	200	1000	500	0	网速慢，没问题，我来帮你解决。打我有点累，但是你不会受伤。
60010009	肉肉	3	0	90	0	1	100	1	1	0	0	100000	100000	1000	0	700	200	1000	500	0	网速慢，没问题，我来帮你解决。打我有点累，但是你不会受伤。
60010010	肉肉	3	0	100	0	1	100	1	1	0	0	100000	100000	1000	0	700	200	1000	500	0	网速慢，没问题，我来帮你解决。打我有点累，但是你不会受伤。
60010011	肉肉	3	0	110	0	1	100	1	1	0	0	100000	100000	1000	0	700	200	1000	500	0	网速慢，没问题，我来帮你解决。打我有点累，但是你不会受伤。
60010012	肉肉	3	0	120	0	1	100	1	1	0	0	100000	100000	1000	0	700	200	1000	500	0	网速慢，没问题，我来帮你解决。打我不累
60010013	玻璃	5	0	10	0	1	1	1	1	0	0	0	0	1000	0	700	200	1000	500	0	网速慢，没问题，我来帮你解决。打我不累
60010014	玻璃	5	0	20	0	1	1	1	1	0	0	0	0	1000	0	700	200	1000	500	0	网速慢，没问题，我来帮你解决。打我不累
60010015	玻璃	5	0	30	0	1	1	1	1	0	0	0	0	1000	0	700	200	1000	500	0	网速慢，没问题，我来帮你解决。打我不累
60010016	玻璃	5	0	40	0	1	1	1	1	0	0	0	0	1000	0	700	200	1000	500	0	网速慢，没问题，我来帮你解决。打我不累
60010017	玻璃	5	0	20	0	1	1	1	1	0	0	0	0	1000	0	700	200	1000	500	0	网速慢，没问题，我来帮你解决。打我不累
60010018	玻璃	5	0	50	0	1	1	1	1	0	0	0	0	1000	0	700	200	1000	500	0	网速慢，没问题，我来帮你解决。打我不累
60010019	玻璃	5	0	70	0	1	1	1	1	0	0	0	0	1000	0	700	200	1000	500	0	网速慢，没问题，我来帮你解决。打我不累
60010020	玻璃	5	0	80	0	1	1	1	1	0	0	0	0	1000	0	700	200	1000	500	0	网速慢，没问题，我来帮你解决。打我不累
60010021	玻璃	5	0	90	0	1	1	1	1	0	0	0	0	1000	0	700	200	1000	500	0	网速慢，没问题，我来帮你解决。打我不累
60010022	玻璃	5	0	100	0	1	1	1	1	0	0	0	0	1000	0	700	200	1000	500	0	网速慢，没问题，我来帮你解决。打我不累
60010023	玻璃	5	0	110	0	1	1	1	1	0	0	0	0	1000	0	700	200	1000	500	0	网速慢，没问题，我来帮你解决。打我不累
60010024	玻璃	5	0	120	0	1	1	1	1	0	0	0	0	1000	0	700	200	1000	500	0	网速慢，没问题，我来帮你解决。打我不累
60010025	肉肉大兵	3	0	20	0	1	100	1	1	0	0	100000	100000	1000	0	700	200	1000	500	0	肉肉国普通士兵，因为身体太胖，所以打架都不想走路。
60010026	肉肉卫兵	3	0	25	0	1	100	1	1	0	0	100000	100000	1000	0	700	200	1000	500	0	肉肉国皇家卫兵，防御很强，不喜欢打架。只是当他发怒时，偶尔会追着你打。
60010027	肉肉英雄刘备	3	0	30	1	1	334	1	1	0	0	100000	100000	1000	0	700	200	1000	500	0	英雄之刘备
60010028	肉肉英雄诸葛亮	3	0	35	1	1	466	1	1	0	0	100000	100000	1000	0	700	200	1000	500	0	英雄之诸葛亮
60010029	肉肉英雄赵云	3	0	40	1	1	600	1	1	0	0	100000	100000	1000	0	700	200	1000	500	0	英雄之黄忠
60010030	肉肉英雄黄忠	3	0	45	1	1	800	1	1	0	0	100000	100000	1000	0	700	200	1000	500	0	英雄之赵云
60010031	肉肉英雄张飞	3	0	50	1	1	934	1	1	0	0	100000	100000	1000	0	700	200	1000	500	0	英雄之张飞
60010032	肉肉英雄关羽	3	0	55	1	1	1000	1	1	0	0	100000	100000	1000	0	700	200	1000	500	0	英雄之关羽
60010033	奴隶	9	0	27	0	1	2031	77	162	0	0	163	140	32	16	700	200	1000	600	0	战争中被俘虏的野蛮人
60010034	六目怪	8	0	27	0	4	2031	0	0	77	162	163	140	32	16	700	200	1000	600	6	奇怪的生物
60010035	武士	6	0	41	0	1	4353	133	273	0	0	308	264	44	22	700	200	1000	600	0	贵族训练的武士
60010036	树妖	31	0	41	0	1	4353	0	0	133	273	308	264	44	22	700	200	1000	600	0	一种远古的种族
60010037	剑客	9	0	53	0	1	5806	181	370	0	0	435	374	61	30	700	200	1000	600	0	民间招收过来的剑客
60010038	星魔	35	0	53	0	4	5806	0	0	181	370	435	374	61	30	700	200	1000	600	5	充满魔法的生物
60010039	变异跳蚤	7	0	65	0	1	7465	255	518	0	0	552	474	73	36	700	200	1000	500	0	被魔法变异后的跳蚤
60010040	恶魔草	34	0	65	0	4	7465	0	0	255	518	552	474	73	36	700	200	1000	500	7	会吃人的一种草
60010041	高山族人	13	0	77	0	1	8730	319	646	0	0	685	588	91	45	700	200	1000	500	0	住在高山上的族人，身材高大。
60010042	跳跃球	10	0	77	0	4	8730	0	0	319	646	685	588	91	45	700	200	1000	500	5	魔法师创造出来的生物
60010043	木乃伊卫兵	11	0	89	0	1	10590	415	840	0	0	898	771	103	51	700	200	1000	500	0	从尸体中以密术复活的卫兵
60010044	死亡弓箭手	1	0	89	0	4	10590	0	0	415	840	898	771	103	51	700	200	1000	500	1	从地狱召唤出来的生物
60010045	地狱尸兵	0	0	101	0	1	12858	519	1050	0	0	1044	896	128	63	700	200	1000	500	0	从地狱召唤出来的生物
60010046	亡灵	37	0	101	0	4	12858	0	0	519	1050	1044	896	128	63	700	200	1000	500	6	从地狱召唤出来的生物
60010047	恶梦	42	0	113	0	1	14842	0	0	601	1220	1190	1021	138	67	700	200	1000	500	0	从地狱召唤出来的生物
60010048	燃烧者	12	0	113	0	1	14842	601	1220	0	0	1190	1021	138	67	700	200	1000	500	0	从第六空间召唤出来的生物
61000001	血族之王·假象	57	0	60	3	5	50410	0	0	351	654	1	1	24	12	480	0	800	300	6	多目怪是魔族忠实的仆人，独自在野外行走的旅人常常会受到来自多目怪的袭击，那仿佛来自地狱的身影，拥有远距离杀伤的能力，它们疯狂的袭击人类得到人类的鲜血来增强它们的力量。
61000002	野蛮人头领	28	0	20	1	1	2476	244	308	0	0	129	110	32	16	480	0	800	300	0	到处都有一些没有开化的人群，但是这一群崇尚暴力
61000003	树精头领	31	0	30	1	1	4227	0	0	320	466	223	192	44	24	480	0	800	300	0	这些树在过了万年以后已经成为了出色的丛林守护者
61000004	邪恶士兵头领	21	0	40	1	1	6966	489	615	0	0	326	280	56	30	480	0	800	300	0	受过专业训练的士兵，随时准备奔赴战场
61000005	狂剑士头领	24	0	50	1	1	9706	579	810	0	0	459	393	74	40	480	0	800	300	0	一些战士在和魔物交战的过程中迷失了自己，现在他们也变成了魔物
61000006	南瓜怪头领	39	0	60	1	1	13771	687	1040	0	0	592	507	85	44	480	0	800	300	0	有个喜欢恶作剧的法师将万圣节的礼物活化了，产生了这种玩意儿
61000007	火焰巨人头领	20	0	70	1	1	17037	0	0	762	1196	724	621	93	48	480	0	800	300	0	它们从火山中来
61000008	小恶魔头领	41	0	80	1	1	20574	982	1451	0	0	864	742	122	64	480	0	800	300	0	从地域中走出来的恶魔
61000009	幽灵头领	37	0	90	1	1	22923	1017	1736	0	0	1035	888	129	68	480	0	800	300	0	它的恐怖在于你不容易打到它
61000010	骷髅弓箭手头领	16	0	100	1	5	27432	1191	1890	0	0	1213	1041	160	84	480	0	800	300	1	当你给骷髅一把弓，那么你下一步能做的就是离开它的射程
61000011	木乃伊头领	38	0	110	1	1	29592	1318	2165	0	0	1422	1220	170	88	480	0	800	300	0	你很难想象它们在经历了千万年后依然保存完好
61000012	地狱恶魔头领	41	0	120	1	1	33939	0	0	1547	2435	1588	1363	183	94	480	0	800	300	0	地域的传令使
62000001	强化骷髅兵	5	0	82	0	1	16071	0	0	490	1042	841	721	122	64	600	150	1000	500	0	骷髅代表的就是死亡，骷髅狞笑的嘴脸是死神降临前的定格。骷髅作为死神的先锋军团率先袭击这片岛国，他们对于每一个非魔族生物都予以致命的袭击，每一具曾经鲜活的身体，最后都成为骷髅的傀儡，从此堕落。
62000002	强化骷髅弓箭手	1	0	84	0	5	16323	497	1060	0	0	872	748	123	64	600	150	1000	500	1	曾经是军队中的神射手，用一支支羽箭取百步之外人的性命，但随死亡气息的蔓延，他们的遗骸被强大的死亡魔法复活，变成亡灵军团的傀儡，堕落为不洁者。
62000003	强化骷髅兵	5	0	86	0	1	17442	0	0	507	1076	904	775	123	64	600	150	1000	500	0	骷髅代表的就是死亡，骷髅狞笑的嘴脸是死神降临前的定格。骷髅作为死神的先锋军团率先袭击这片岛国，他们对于每一个非魔族生物都予以致命的袭击，每一具曾经鲜活的身体，最后都成为骷髅的傀儡，从此堕落。
62000004	强化骷髅弓箭手	1	0	88	0	5	17739	553	1175	0	0	935	803	129	68	600	150	1000	500	1	曾经是军队中的神射手，用一支支羽箭取百步之外人的性命，但随死亡气息的蔓延，他们的遗骸被强大的死亡魔法复活，变成亡灵军团的傀儡，堕落为不洁者。
62000005	强化邪恶兽人	3	0	92	0	1	17907	0	0	580	1236	999	857	129	68	600	150	1000	500	0	受到魔族精神控制的兽人，产生了邪恶的一面，其中的精英更是具有强大攻击力，是一般兽人远远不及的。
62000006	强化食人魔	4	0	94	0	1	19044	589	1252	0	0	1032	885	134	70	600	150	1000	500	0	魔界中强大的食人魔占据相当大的领地，头脑和力量兼备的他们所具有的杀伤力完全超过一般魔族。它们善于使用巨大的棍棒对敌对方造成致命打击，取得战斗胜利。
62000007	强化邪恶兽人	3	0	96	0	1	19341	0	0	597	1267	1063	913	135	72	600	150	1000	500	0	受到魔族精神控制的兽人，产生了邪恶的一面，其中的精英更是具有强大攻击力，是一般兽人远远不及的。
62000008	强化食人魔	4	0	98	0	1	19678	609	1295	0	0	1096	939	160	84	600	150	1000	500	0	魔界中强大的食人魔占据相当大的领地，头脑和力量兼备的他们所具有的杀伤力完全超过一般魔族。它们善于使用巨大的棍棒对敌对方造成致命打击，取得战斗胜利。
62000009	强化火精灵	11	0	102	0	1	21430	0	0	702	1490	1173	1006	160	84	600	150	1000	500	0	经过魔族力量的集结，自然界中的火元素精灵甚至也出现了邪恶的一面，它们简单的思想更容易被魔族利用，只想把一切都烧着，燃烧建筑、燃烧人们、燃烧石头甚至燃烧水。
62000010	强化岩浆怪	12	0	104	0	1	21703	759	1611	0	0	1212	1040	166	88	600	150	1000	500	0	在黑暗侵袭的过程中，地底的岩浆也凝结成人形，跟随着黑暗势力，来燃烧法洛斯的一切生灵。
62000011	强化火精灵	11	0	106	0	1	22527	0	0	771	1637	1251	1074	166	88	600	150	1000	500	0	经过魔族力量的集结，自然界中的火元素精灵甚至也出现了邪恶的一面，它们简单的思想更容易被魔族利用，只想把一切都烧着，燃烧建筑、燃烧人们、燃烧石头甚至燃烧水。
62000012	强化岩浆怪	12	0	108	0	1	22780	784	1665	0	0	1290	1106	170	88	600	150	1000	500	0	在黑暗侵袭的过程中，地底的岩浆也凝结成人形，跟随着黑暗势力，来燃烧法洛斯的一切生灵。
63000011	魔巨人·犹加	13	0	45	0	5	10819	161	346	0	0	403	346	61	40	700	200	1000	600	0	很强大很好
63000101	虚幻之卫兵	6	0	57	0	1	6135	194	394	0	0	469	403	64	31	700	200	1000	500	0	虚幻的始终不真实，但是不要被迷惑了
63000102	虚幻之魔物球	10	0	57	0	1	6135	0	0	194	394	469	403	64	31	700	200	1000	500	7	虚幻的始终不真实，但是不要被迷惑了
63000103	虚幻之邪恶	1	0	57	0	1	6135	194	394	0	0	469	403	64	31	700	200	1000	500	7	虚幻的始终不真实，但是不要被迷惑了
63000104	欺骗之心	9	0	40	1	1	6966	489	615	0	0	326	280	56	30	480	0	800	300	0	万事由心起，心魔止，世皆静
63000105	诱惑之心	34	0	50	1	1	9706	0	0	579	810	459	393	74	40	480	0	800	300	7	万事由心起，心魔止，世皆静
63000106	邪恶之心	39	0	60	1	1	13771	687	1040	0	0	592	507	85	44	480	0	800	300	7	万事由心起，心魔止，世皆静
60010063	巨人的奴仆	37	0	45	0	5	4819	148	318	0	0	339	289	48	32	700	200	1000	600	6	它的恐怖在于你不容易打到它
60010064	试炼指导员	6	0	20	1	1	3600	244	308	0	0	129	110	32	16	480	0	800	300	0	新人战斗导师
64010001	深渊地穴领主	51	0	80	3	1	800000	2400	3210	0	0	1700	1450	165	97	400	0	700	300	0	葛布林通常都住在地下，有时也会出来
64010002	远古女妖	52	0	100	3	6	1500000	0	0	2900	3500	1600	1800	180	120	400	0	700	300	5	被她诱惑是危险的
64010003	杀戮魔	53	0	120	3	1	3000000	3060	3800	0	0	2150	2000	204	150	400	0	700	300	0	牛头怪都是强壮的
64010005	血零	52	0	140	3	1	5000000	0	0	3300	4100	2400	2400	650	210	400	0	700	300	0	嗜血的恶魔
64010006	魔人夕影	47	0	30	3	1	400000	0	0	1800	2000	1200	1200	400	105	400	0	700	300	0	魔性十足
64010007	金怪	48	0	60	3	1	800000	2400	3000	0	0	1800	1800	450	114	400	0	700	300	0	它能生吞黄金
64010008	火焰之魂	26	0	90	3	1	1600000	0	0	3200	3800	2200	2200	500	180	400	0	700	300	0	恶魔的火焰
64010009	魔石灵	28	0	120	3	1	3500000	3500	4000	0	0	2400	2400	600	200	400	0	700	300	0	在地狱中沉睡了亿万年的石头
64010010	无双·屠夫	47	0	60	3	1	200000	0	0	900	1000	1200	1200	400	17	400	0	700	300	0	魔性十足
64010011	无双·堕灭	48	0	70	3	1	600000	1200	1500	0	0	1800	1800	450	26	400	0	700	300	0	它能生吞黄金
64010012	无双·恶疫	51	0	80	3	1	800000	1200	1605	0	0	1700	1450	165	9	400	0	700	300	0	葛布林通常都住在地下，有时也会出来
64010013	无双·圣教君王	26	0	90	3	1	1600000	0	0	1600	1900	2200	2200	500	92	400	0	700	300	0	恶魔的火焰
64010014	无双·血吼	52	0	100	3	6	1500000	0	0	1450	1750	1600	1800	180	32	400	0	700	300	5	被她诱惑是危险的
64010015	无双·余烬	53	0	110	3	1	3000000	1530	1900	0	0	2150	2000	204	62	400	0	700	300	0	牛头怪都是强壮的
64010016	无双·窒绞	28	0	120	3	1	3500000	1750	2000	0	0	2400	2400	600	112	400	0	700	300	0	在地狱中沉睡了亿万年的石头
64010017	无双·雷兹艾尔	52	0	130	3	1	5000000	0	0	1650	2050	2400	2400	650	122	400	0	700	300	0	嗜血的恶魔
63010101	恶魔球	10	0	69	0	4	7804	0	0	289	562	511	596	93	48	700	200	1000	500	5	恶魔的形状千奇百怪
63010102	狼毒花	34	0	81	0	4	9640	386	746	0	0	801	687	122	64	700	200	1000	500	7	别小看植物
63010103	野蛮兵	3	0	0	0	1	9427	468	909	0	0	948	812	129	68	700	200	1000	500	0	谁说我们野蛮
63010104	反叛者之精英兵	6	0	105	0	1	13515	614	1185	0	0	1093	938	160	84	700	200	1000	500	0	出来透透气
63010105	侦查兵	6	0	117	0	1	15174	0	0	667	1288	1062	1240	170	88	700	200	1000	500	0	你看我不到！你看我不到！
63010106	反叛者之特种兵	6	0	129	0	1	18212	784	1469	0	0	1462	1197	183	94	700	200	1000	500	0	出来走走而已
63010107	特种骷髅弓箭手	1	0	129	0	4	16473	784	1469	0	0	1462	1197	183	94	700	200	1000	500	1	曾经是特种兵
63010108	特种幽灵	37	0	129	0	4	16473	0	0	784	1469	1197	1462	183	94	700	200	1000	500	6	曾经是特种兵
63010109	精英头领	6	0	105	1	2	27432	1429	2079	0	0	1213	1041	160	84	480	0	800	300	0	既是精英又是头领
63010110	弗朗西斯	6	0	117	1	2	29592	0	0	1562	2199	1220	1422	170	88	480	0	800	300	0	天知道我为什么会在这里
63010111	奥尔亚瑟	6	0	129	1	2	32475	0	0	1740	2478	1688	1563	183	94	480	0	800	300	0	士兵们，不要退缩，战斗！
63010112	恶魔之子	43	0	129	1	2	32475	0	0	1740	2478	1688	1563	183	94	480	0	800	300	0	我就是恶魔，不过我老爸也是恶魔
63010113	恶梦之邪念	1	0	129	1	5	30876	0	0	1621	2328	1688	1563	183	94	480	0	800	300	1	一个意念就可以早就一场灾难
63010114	死亡召唤者	5	0	69	0	1	9421	312	635	0	0	662	568	91	45	700	200	1000	500	0	地狱中的死亡魔物
63010115	死亡暗杀者	1	0	69	0	4	9421	312	635	0	0	662	568	91	45	700	200	1000	500	0	地狱中的死亡魔物
63010116	红色怨念	43	0	69	0	4	9421	0	0	312	635	662	568	91	45	700	200	1000	500	0	地狱中的死亡魔物
63010117	黑暗守门人	41	0	72	1	2	85185	0	0	838	1135	724	621	93	48	480	0	800	300	0	拥有着强大力量的怪物，好像在守卫着什么东西。
63010118	参赛者	6	0	72	0	2	16002	0	0	358	725	801	687	97	48	700	200	800	0	0	皇家卫兵中的精英
63010119	参赛者	9	0	72	0	2	15003	0	0	388	725	801	687	97	48	700	200	800	0	0	皇家卫兵中的精英
63010120	兽族大巨	46	0	72	0	1	15904	0	0	388	765	801	687	97	48	700	200	1000	0	0	兽族基本近战步兵
63010121	兽族猎头	33	0	72	0	5	12304	0	0	428	775	801	687	97	48	700	200	1000	500	1	兽族远程兵种
63010122	施瓦新格	53	0	72	3	2	210000	0	0	725	750	0	0	148	81	300	0	700	500	0	兽族首领
63010123	兽族大巨	46	0	72	0	1	15904	0	0	388	765	801	687	97	48	700	200	1000	0	0	兽族基本近战步兵
63010124	普罗·克洛托的骷髅	15	0	84	3	1	320000	1200	1500	0	0	500	360	153	80	480	200	1000	200	0	英雄“普罗·克洛托”的骷髅
63010125	普罗·克洛托的灵魂	37	0	84	3	5	360000	0	0	1200	1500	500	360	183	120	700	200	1000	200	6	英雄“普罗·克洛托”的灵魂
63010126	怪异食人花	54	0	84	3	5	420000	0	0	1200	1500	500	360	173	51	700	200	1000	200	6	怪异的食人花
63010127	兽人弓箭手	33	0	108	0	5	36000	0	0	1900	2000	679	843	250	69	700	200	1000	200	1	兽族的神射手
63010128	兽人刀盾手	46	0	108	0	1	40000	1900	2000	0	0	843	679	250	69	700	200	1000	200	0	兽族的先锋队
63010129	兽人精英	19	0	108	1	1	100000	2000	2100	0	0	1000	1000	250	69	600	300	850	300	0	兽族的战斗中枢
63010130	施瓦新格	53	0	108	3	1	1080000	0	0	2200	2200	1300	1200	201	120	500	300	700	200	0	兽族的首领
63010131	战斗祭司	21	0	120	1	7	120	0	0	0	0	99999	99999	500	500	700	300	400	300	0	皇室派来帮助冒险者的祭司
63010132	邪恶祭司	47	0	180	0	6	240000	0	0	5400	5600	1805	1397	500	79	700	200	1000	500	6	整天都在研究禁术的人，也是最早被驱逐的
63010133	守卫剑士	24	0	180	0	1	310000	5500	5700	0	0	2097	1505	500	79	700	200	1000	500	0	如果剑士也有下岗的话，他们就是了
63010134	皇家护卫	6	0	180	1	1	500000	0	0	5800	6000	2308	1808	500	79	600	300	850	300	0	原先担任国王贴身护卫的人，不过被梅迪乌斯蛊惑变成了反叛者
63010135	梅迪乌斯	44	0	180	3	1	1800000	0	0	6301	7073	2946	2446	500	161	500	300	500	200	0	很有才华的阴谋家
63010136	王子	50	0	120	1	3	200	0	0	0	0	99999	99999	500	500	400	0	200	200	0	天知道为什么他可以做王子
63010137	骷髅雕像	1	0	120	0	11	1000	0	0	0	0	99999	99999	500	500	2000	2000	1000	60000	0	炮台
63010138	骷髅雕像	1	0	120	0	13	1000	0	0	0	0	99999	99999	500	500	2000	2000	1000	3000	0	炮台
63010139	骷髅雕像	1	0	120	0	14	1000	0	0	0	0	99999	99999	500	500	2000	2000	1000	60000	0	炮台
64010004	牛头军首领	53	0	60	3	7	500000	0	0	2100	2600	1450	1700	148	81	400	0	700	300	7	牛头怪都是强壮的
66666666	城市守卫	30	0	120	0	10	10000	8800	8900	0	0	100000	100000	10000	0	700	0	700	200	1	保卫城市的守卫
63010300	小偷	3	0	1	1	1	520	1	1	1	1	1	1	1000	1	480	0	1	1	0	你看不见我。
63010301	多眼魔	8	0	60	0	5	1040	0	0	87	151	53	45	38	6	700	200	1000	700	5	试炼专员
63010302	毒蝎	40	0	60	0	1	1362	0	0	155	247	77	66	38	6	700	200	1000	700	0	试炼专员
63010303	大跳蚤	7	0	60	0	1	1728	0	0	223	343	101	87	44	8	700	200	1000	700	0	试炼专员
63010304	海星	35	0	60	0	5	2132	0	0	291	439	114	97	46	8	700	200	1000	700	5	试炼专员
63010305	吓人球	10	0	60	0	5	2582	0	0	359	535	126	108	46	8	700	200	1000	700	5	试炼专员
63010306	蝙蝠	32	0	60	0	1	3074	0	0	427	631	147	127	46	8	700	200	1000	600	0	试炼专员
63010307	多眼血魔	23	0	70	0	5	3612	0	0	495	727	170	150	52	16	700	200	1000	600	5	试炼专员
63010308	树怪	31	0	70	0	1	4196	0	0	563	823	193	173	52	16	700	200	1000	200	0	试炼专员
63010309	枯萎的食人花	34	0	70	0	5	4828	0	0	631	919	248	228	56	18	700	200	1000	600	7	试炼专员
63010310	南瓜假面	39	0	70	0	1	5508	0	0	699	1015	271	251	56	18	700	200	1000	200	0	试炼专员
63010311	野人	3	0	70	0	1	6240	0	0	767	1111	284	264	70	19	700	200	1000	200	0	试炼专员
63010312	泥怪	36	0	70	0	1	7020	0	0	835	1207	347	327	70	19	700	200	1000	200	0	试炼专员
63010313	普通的士兵	6	0	80	0	1	7856	0	0	903	1303	374	354	72	21	700	200	1000	200	0	试炼专员
63010314	剑士	9	0	80	0	1	8742	0	0	971	1399	462	442	74	22	700	200	1000	200	0	试炼专员
63010315	石人	13	0	80	0	1	9686	0	0	1039	1495	438	378	78	24	700	200	1000	200	0	试炼专员
63010316	荒野僵尸	0	0	80	0	1	10684	0	0	1107	1591	537	477	78	24	700	200	1000	200	0	试炼专员
63010317	诅咒者	38	0	80	0	1	11740	0	0	1175	1687	629	569	91	30	700	200	1000	200	0	试炼专员
63010318	骷髅兵	5	0	80	0	1	12854	0	0	1243	1783	630	570	91	30	700	200	1000	200	0	试炼专员
63010319	死亡守护者	1	0	90	0	5	14028	0	0	1311	1879	689	629	120	30	700	200	1000	200	0	试炼专员
63010320	漂浮的幽灵	37	0	90	0	5	15262	0	0	1379	1975	752	692	154	31	700	200	1000	500	6	试炼专员
63010321	妖绿食人花	54	0	90	0	5	16560	0	0	1447	2071	802	742	167	33	700	200	1000	500	7	试炼专员
63010322	巨毒蝙蝠	55	0	90	0	1	17918	0	0	1515	2167	842	782	107	33	700	200	1000	200	0	试炼专员
63010323	小怪物	41	0	90	0	1	19344	0	0	1583	2263	884	824	107	33	700	200	1000	200	0	试炼专员
63010324	妖魂	42	0	90	0	1	20832	0	0	1651	2359	926	866	113	36	700	200	1000	200	0	试炼专员
63010325	隐鼠	2	0	100	0	1	22390	0	0	1719	2455	1027	967	114	36	700	200	1000	200	0	试炼专员
63010326	带毒僵尸	17	0	100	0	1	24014	0	0	1787	2551	1068	968	114	36	700	200	1000	200	0	试炼专员
63010327	血骷髅	15	0	100	0	1	25708	0	0	1855	2647	1110	1010	116	37	700	200	1000	200	0	试炼专员
63010328	巨毒骷髅弓箭手	16	0	100	0	5	27472	0	0	1923	2743	1220	1120	161	45	700	200	1000	500	1	试炼专员
63010329	海蓝骷髅战士	20	0	100	0	1	29308	0	0	1991	2839	1323	1223	131	45	700	200	1000	200	0	试炼专员
63010330	血之骷髅弓箭手	43	0	100	0	5	31216	0	0	2059	2935	1448	1348	187	48	700	200	1000	500	1	试炼专员
63010331	铁怪	14	0	110	0	1	33200	0	0	2127	3031	1444	1344	147	48	700	200	1000	200	0	试炼专员
63010332	火人	11	0	110	0	1	35256	0	0	2195	3127	1489	1389	149	48	700	200	1000	200	0	试炼专员
63010333	火焰巨人	12	0	110	0	1	37392	0	0	2263	3223	1534	1434	149	48	700	200	1000	200	0	试炼专员
63010334	鬼火	26	0	110	0	1	39602	0	0	2331	3319	1589	1489	153	51	700	200	1000	200	0	试炼专员
63010335	火焰领主	27	0	110	0	1	41894	0	0	2399	3415	1670	1570	153	51	700	200	1000	200	0	试炼专员
63010336	铁怪弓箭手	22	0	110	0	5	44264	0	0	2467	3511	1696	1546	195	52	700	200	1000	500	1	试炼专员
63010337	金怪	48	0	120	0	1	46716	0	0	2535	3607	1741	1591	159	54	700	200	1000	200	0	试炼专员
63010338	蓝紫巨人	28	0	120	0	1	49250	0	0	2603	3703	1785	1635	178	63	700	200	1000	200	0	试炼专员
63010339	燃烧铁怪	29	0	120	0	1	51868	0	0	2671	3799	1830	1680	178	63	700	200	1000	200	0	试炼专员
63010340	亚玛逊战士	47	0	120	0	2	54570	0	0	2739	3895	1921	1771	184	66	700	200	1000	200	0	试炼专员
63010341	迷你野蛮人	19	0	120	0	2	57360	0	0	2807	3991	1966	1816	194	66	700	200	1000	200	0	试炼专员
63010342	雪域卫兵	21	0	120	0	2	60234	0	0	2875	4087	2012	1862	195	66	700	200	1000	100	0	试炼专员
63010343	雪域剑士	24	0	130	0	2	63200	0	0	2943	4183	2055	1905	195	66	700	200	1000	100	0	试炼专员
63010344	精灵护守者	18	0	130	0	2	66252	0	0	3011	4279	2101	1951	198	67	700	200	1000	100	0	试炼专员
63010345	高级弩箭兵	50	0	130	0	5	69398	0	0	3079	4375	2192	2042	220	69	700	200	1000	500	1	试炼专员
63010346	兽人弓箭手	33	0	130	0	5	72634	0	0	3147	4471	2219	2009	222	70	700	200	1000	500	1	试炼专员
63010347	战斗矮人	45	0	130	0	2	75964	0	0	3215	4567	2317	2107	225	72	700	200	1000	100	0	试炼专员
63010348	兽人战士	46	0	130	0	2	79388	0	0	3283	4663	2379	2169	228	75	700	200	1000	100	0	试炼专员
63010349	亚玛逊弓箭手	25	0	130	0	5	82908	0	0	3351	4759	2449	2239	231	77	700	0	1000	500	1	试炼专员
63010350	皇家狮鹫骑士	44	0	130	0	2	86524	0	0	3419	4855	2553	2343	232	79	700	0	1000	100	0	试炼专员
63020001	吓人球头领	10	0	12	1	5	17500	0	0	382	445	378	324	86	68	480	0	800	300	5	试炼专员
63020002	南瓜假面头领	39	0	24	1	1	37200	0	0	1104	1348	387	330	92	76	480	0	800	300	0	试炼专员
63020003	石人头领	13	0	36	1	1	76216	0	0	1572	1892	669	576	104	84	480	0	800	300	0	试炼专员
63020004	漂浮的幽灵头领	37	0	48	1	5	109648	0	0	1944	2523	1377	1179	134	100	480	0	800	300	6	试炼专员
63020005	隐鼠头领	2	0	60	1	1	141939	0	0	2417	3104	1776	1521	145	104	480	0	800	300	0	试炼专员
63020006	血之诅咒	43	0	72	3	5	300000	0	0	3159	3499	1931	1563	146	135	500	100	700	300	1	试炼boss
63020007	火焰之魂	27	0	84	3	1	400000	0	0	5388	5650	2465	2104	162	176	500	100	700	300	0	试炼boss
63020008	亚马逊族长	47	0	96	3	1	500000	0	0	5817	6301	2599	2345	174	184	500	100	700	300	0	试炼boss
63020009	明斯克	50	0	108	3	5	600000	0	0	7546	7952	2833	1886	181	192	500	100	700	300	1	试炼boss
63020010	新德里	44	0	120	3	1	700000	0	0	7975	8203	3267	3027	181	201	500	100	700	300	0	试炼boss
63010217	精灵卫兵	49	0	117	1	5	52000	52000	52000	10000	10000	5200	5200	1000	1000	700	0	1000	500	1	王者之殿的守卫者
63010218	牛头守卫	53	0	150	1	2	8100000	65000	65000	10000	10000	30000	30000	1000	1000	600	0	1000	600	0	王者之殿的守卫者
63010219	医师·林肯	6	0	14	1	4	70	0	0	0	0	90000	90000	1000	1000	300	0	700	300	0	优秀的医师,会使用加血和加魔法技能，同时会帮你驱除身上的有害魔法。
63010220	地底吞噬者	41	0	90	0	1	19200	0	0	1272	1804	1056	960	184	66	700	200	1000	500	0	生活在地底的怪物
63010221	地底吞噬者头领	41	0	105	3	3	115200	0	0	1972	2804	1921	1771	184	66	480	200	700	500	0	生活在地底的怪物
63010140	圣诞小偷	35	0	100	1	4	800	0	0	1	1	100000	100000	1000	0	300	200	200	200	5	你看我不到
63010141	圣诞小偷	19	0	100	1	1	800	0	0	1	1	100000	100000	1000	0	300	200	200	200	0	你看我不到
63010142	圣诞小偷头领	51	0	100	3	1	8000	0	0	1	1	100000	100000	1000	0	300	200	200	200	0	打……捷~~！**、**、***……统统告诉我密码
63010143	无双·深渊试炼	47	0	0	3	1	44	0	0	1	1	100000	100000	1000	0	300	0	200	200	0	我叫朱丽叶
63010421	黑夜魔王	57	0	120	3	7	1800000	0	0	4000	7000	3000	2500	1000	200	400	200	400	200	5	统治黑夜的魔王
