编号	名字	初始是否激活	激活条件-场景时间	激活条件-场景玩家数	激活条件-怪物死亡计数	复活时间下限	复活时间上限	复活地点范围	可复活次数	复活后发布公告范围(0不公告、1场景公告、2世界公告)	复活公告文本	前进目标位置X	前进目标位置Y	目标区域	随机移动范围	随机移动间隔	主动攻击范围	索敌时间	索敌成功几率	攻击对象PK值优先	攻击对象距离优先	攻击对象等级优先	攻击对象生命优先	攻击对象种族优先	还击时间	在该范围内战斗	飞到目标跟前战斗	超出范围是否飞回	返回途中是否战斗	受攻击时考虑改变攻击目标	超出攻击范围时考虑改变目标	超出攻击范围是否追击	最大追击步数	当生命少于该比例使用治疗技能	使用治疗性技能的几率	治疗性技能编号	使用技能攻击的几率	重复使用攻击技能的几率	攻击技能1	使用技能1的几率	使用技能1的生命条件	技能1的优先选择目标类型	攻击技能2	使用技能2的几率	使用技能2的生命条件	技能2的优先选择目标类型	攻击技能3	使用技能3的几率	使用技能3的生命条件	技能3的优先选择目标类型	攻击技能4	使用技能4的几率	使用技能4的生命条件	技能4的优先选择目标类型	攻击技能5	使用技能5的几率	使用技能5的生命条件	技能5的优先选择目标类型	死亡后计数值	生命少于该值逃跑	受伤害高于该值逃跑	逃跑距离	自动治疗时间间隔	治疗比例(百分比)	免疫状态编号	免疫成功机率	免疫状态编号	免疫成功机率	免疫状态编号	免疫成功机率	免疫状态编号	免疫成功机率	免疫状态编号	免疫成功机率	免疫状态编号	免疫成功机率	免疫状态编号	免疫成功机率	免疫状态编号	免疫成功机率	免疫状态编号	免疫成功机率	免疫状态编号	免疫成功机率	是否开启仇恨记录	攻击目标仇恨优先值	对游侠的仇恨系数	对法师的仇恨系数	对战士的仇恨系数	对近身攻击的仇恨加权系数	对远程攻击的仇恨加权系数	被魔法攻击的仇恨加权系数	被物理攻击的仇恨加权系数
id	name	initialAliveness	activationSceneTime	activationHeroCount	activationDeathCount	minReliveDelay	maxReliveDelay	reliveRange	maxReliveTimes	noticeRangeOnRelived	wordsOfNotice	moveDestX	moveDestY	destRange	randomMoveRange	randomMoveDelay	searchRange	searchDelay	lockTargetRate	preferredPKValue	preferredDistance	preferredLevel	preferredLife	preferredRace	hurtResponseDelay	fightRange	flyToTarget	flyToOrigin	fightOnReturn	changeTargetOnHurt	changeTragetOnAway	tracingTargetOnAway	maxTracingSteps	useCureSpellLifeRate	useCureSpellRate	cureSpell	rateOfUsingSpellToAttack	rateOfRepeatingSpell	attackSpells	useAttackSpellRates	lifeRatesOfUsingSpell	spellTargetPriorities	attackSpells	useAttackSpellRates	lifeRatesOfUsingSpell	spellTargetPriorities	attackSpells	useAttackSpellRates	lifeRatesOfUsingSpell	spellTargetPriorities	attackSpells	useAttackSpellRates	lifeRatesOfUsingSpell	spellTargetPriorities	attackSpells	useAttackSpellRates	lifeRatesOfUsingSpell	spellTargetPriorities	deathCounterValue	escapeMinLife	escapeMaxHurt	escapeRange	autoCureDelay	cureRate	statesResistance	resistanceRates	statesResistance	resistanceRates	statesResistance	resistanceRates	statesResistance	resistanceRates	statesResistance	resistanceRates	statesResistance	resistanceRates	statesResistance	resistanceRates	statesResistance	resistanceRates	statesResistance	resistanceRates	statesResistance	resistanceRates	enmityEnabled	enemyPriority	elfEnmityFactor	manEnmityFactor	orcEnmityFactor	nearDamageEnmityFactor	remoteDamageEnmityFactor	magicDamageEnmityFactor	physicalDamageEnmityFactor
80000001	被动攻击怪物	1	0	0	0	30000	60000	3	99999999	0	0	0	0	0	5	5000	0	0	0	0	0	0	0	2	800	10	0	0	0	1	0	1	9999	0	0	0	0	0	0	0	0	1	0	0	0	1	0	0	0	1	0	0	0	1	0	0	0	1	1	0	0	8	3000	5	0	0	0	0	0	0	0	0	0	0	0	0	0	0	0	0	0	0	0	0	0	0	0	0	0	0	0	0	0
80000002	记仇被动攻击怪物	1	0	0	0	30000	60000	3	99999999	0	0	0	0	0	5	5000	0	0	0	0	0	0	0	2	800	10	0	0	0	1	0	1	9999	0	0	0	0	0	0	0	0	1	0	0	0	1	0	0	0	1	0	0	0	1	0	0	0	1	1	0	0	8	3000	5	0	0	0	0	0	0	0	0	0	0	0	0	0	0	0	0	0	0	0	0	0	0	0	0	0	0	0	0	0
80000003	3格主动攻击怪物	1	0	0	0	30000	60000	3	99999999	0	0	0	0	0	5	5000	3	4000	60	0	1	0	0	2	800	10	0	0	0	1	0	1	8	0	0	0	0	0	0	0	0	1	0	0	0	1	0	0	0	1	0	0	0	1	0	0	0	1	1	0	0	8	3000	5	0	0	0	0	0	0	0	0	0	0	0	0	0	0	0	0	0	0	0	0	0	0	0	0	0	0	0	0	0
80000004	3格记仇攻击怪物	1	0	0	0	30000	60000	3	99999999	0	0	0	0	0	5	5000	3	4000	60	0	1	0	0	2	800	10	0	0	0	1	0	1	8	0	0	0	0	0	0	0	0	1	0	0	0	1	0	0	0	1	0	0	0	1	0	0	0	1	1	0	0	8	3000	5	0	0	0	0	0	0	0	0	0	0	0	0	0	0	0	0	0	0	0	0	0	0	0	0	0	0	0	0	0
80000005	5格主动攻击怪物	1	0	0	0	30000	60000	3	99999999	0	0	0	0	0	5	5000	5	3000	70	0	1	0	0	2	800	10	0	0	0	1	0	1	7	0	0	0	0	0	0	0	0	1	0	0	0	1	0	0	0	1	0	0	0	1	0	0	0	1	1	0	0	8	3000	5	0	0	0	0	0	0	0	0	0	0	0	0	0	0	0	0	0	0	0	0	0	0	0	0	0	0	0	0	0
80000006	5格记仇攻击怪物	1	0	0	0	30000	60000	3	99999999	0	0	0	0	0	5	5000	5	3000	80	0	1	0	0	2	800	10	0	0	0	1	0	1	7	0	0	0	0	0	0	0	0	1	0	0	0	1	0	0	0	1	0	0	0	1	0	0	0	1	1	0	0	8	3000	5	0	0	0	0	0	0	0	0	0	0	0	0	0	0	0	0	0	0	0	0	0	0	0	0	0	0	0	0	0
80000007	小BOSS	1	0	0	0	1500000	1800000	3	99999999	0	0	0	0	0	20	3000	7	0	100	0	1	0	1	2	800	20	0	1	0	1	1	1	9999	0	0	0	50	5	95110451	50	100	1	95110453	100	100	1	0	0	0	0	0	0	0	0	0	0	0	0	1	0	0	8	3000	2	0	0	0	0	0	0	0	0	0	0	0	0	0	0	0	0	0	0	0	0	0	0	0	0	0	0	0	0	0
80000008	高BOSS	1	0	0	0	600000	18000000	10	99999999	0	0	0	0	0	10	3000	7	0	100	0	1	0	0	2	800	20	0	1	0	1	0	1	9999	0	0	0	0	0	0	0	0	1	0	0	0	1	0	0	0	1	0	0	0	1	0	0	0	1	1	0	0	8	3000	2	0	0	0	0	0	0	0	0	0	0	0	0	0	0	0	0	0	0	0	0	0	0	0	0	0	0	0	0	0
80000009	肉肉	1	0	0	0	10000	30000	0	99999999	0	0	0	0	0	5	5000	0	0	0	0	0	0	0	2	800	10	0	0	0	1	0	1	10	0	0	0	0	0	0	0	0	1	0	0	0	1	0	0	0	1	0	0	0	1	0	0	0	1	1	0	0	8	3000	0	850001	100	850004	100	850005	100	850016	100	850017	100	850019	100	851001	100	851002	100	851003	100	0	0	0	0	0	0	0	0	0	0	0
80000010	副本怪	1	0	0	0	10000	30000	3	99999999	0	0	0	0	0	5	5000	5	3000	90	0	1	0	0	2	800	10	0	0	0	1	0	1	15	0	0	0	0	0	0	0	0	1	0	0	0	1	0	0	0	1	0	0	0	1	0	0	0	1	1	0	0	8	3000	5	0	0	0	0	0	0	0	0	0	0	0	0	0	0	0	0	0	0	0	0	0	0	0	0	0	0	0	0	0
80000011	副本小BOSS	1	0	0	0	10000000	10000000	3	99999999	0	0	0	0	0	5	3000	7	0	100	0	1	0	1	2	800	10	0	1	0	1	1	1	9999	0	0	0	0	0	0	0	0	1	0	0	0	1	0	0	0	1	0	0	0	1	0	0	0	1	1	0	0	8	3000	2	0	0	0	0	0	0	0	0	0	0	0	0	0	0	0	0	0	0	0	0	0	0	0	0	0	0	0	0	0
80000012	小BOSS	1	0	0	0	1500000	1800000	1	99999999	0	0	0	0	0	20	3000	7	0	100	0	1	0	1	2	800	20	0	1	0	1	1	1	9999	0	0	0	0	0	0	0	0	1	0	0	0	1	0	0	0	1	0	0	0	1	0	0	0	1	1	0	0	8	3000	2	0	0	0	0	0	0	0	0	0	0	0	0	0	0	0	0	0	0	0	0	0	0	0	0	0	0	0	0	0
80000013	2格主动攻击怪物	1	0	0	0	30000	60000	3	99999999	0	0	0	0	0	5	5000	3	4000	90	0	1	0	0	2	800	5	0	0	0	1	0	1	6	0	0	0	0	0	0	0	0	1	0	0	0	1	0	0	0	1	0	0	0	1	0	0	0	1	1	0	0	8	3000	5	0	0	0	0	0	0	0	0	0	0	0	0	0	0	0	0	0	0	0	0	0	0	0	0	0	0	0	0	0
80000014	远程不追击怪物	1	0	0	0	30000	60000	3	99999999	0	0	0	0	0	5	5000	7	1000	100	0	1	0	0	1	800	5	0	0	0	1	0	0	0	0	0	0	0	0	0	0	0	1	0	0	0	1	0	0	0	1	0	0	0	1	0	0	0	1	1	0	0	8	3000	5	0	0	0	0	0	0	0	0	0	0	0	0	0	0	0	0	0	0	0	0	0	0	0	0	0	0	0	0	0
80000015	玻璃	1	0	0	0	60000	120000	100	99999999	0	0	0	0	0	5	5000	0	0	0	0	0	0	0	2	800	10	0	0	0	1	0	1	10	0	0	0	0	0	0	0	0	1	0	0	0	1	0	0	0	1	0	0	0	1	0	0	0	1	1	0	0	8	3000	5	0	0	0	0	0	0	0	0	0	0	0	0	0	0	0	0	0	0	0	0	0	0	0	0	0	0	0	0	0
88888881	测试3C地图怪物AI-1	0	10000	0	0	0	0	0	0	0	0	30	60	5	5	5000	5	1000	100	0	1	0	0	2	1000	200	0	0	0	1	0	1	10	0	0	0	0	0	0	0	0	1	0	0	0	1	0	0	0	1	0	0	0	1	0	0	0	1	1	0	0	8	0	0	0	0	0	0	0	0	0	0	0	0	0	0	0	0	0	0	0	0	0	0	0	0	0	0	0	0	0	0	0
88888882	测试3C地图怪物AI-2	0	50000	0	0	0	0	0	0	0	0	30	60	5	5	5000	5	1000	100	0	1	0	0	2	1000	200	0	0	0	1	0	1	10	0	0	0	0	0	0	0	0	1	0	0	0	1	0	0	0	1	0	0	0	1	0	0	0	1	1	0	0	8	0	0	0	0	0	0	0	0	0	0	0	0	0	0	0	0	0	0	0	0	0	0	0	0	0	0	0	0	0	0	0
88888883	测试3C地图怪物AI-3	0	120000	0	0	0	0	0	0	0	0	30	60	5	5	5000	5	1000	100	0	1	0	0	2	1000	200	0	0	0	1	0	1	10	0	0	0	0	0	0	0	0	1	0	0	0	1	0	0	0	1	0	0	0	1	0	0	0	1	1	0	0	8	0	0	0	0	0	0	0	0	0	0	0	0	0	0	0	0	0	0	0	0	0	0	0	0	0	0	0	0	0	0	0
88888884	测试3C地图怪物AI-4	0	200000	0	0	0	0	0	0	0	0	30	60	5	5	5000	5	1000	100	0	1	0	0	2	1000	200	0	0	0	1	0	1	10	0	0	0	0	0	0	0	0	1	0	0	0	1	0	0	0	1	0	0	0	1	0	0	0	1	1	0	0	8	0	0	0	0	0	0	0	0	0	0	0	0	0	0	0	0	0	0	0	0	0	0	0	0	0	0	0	0	0	0	0
81000002	赎罪药水第二批怪	0	0	0	12	0	0	0	0	0	0	0	0	0	10	5000	5	1000	80	0	1	0	0	2	800	10	0	0	0	1	0	1	8	0	0	0	0	0	0	0	0	1	0	0	0	1	0	0	0	1	0	0	0	1	0	0	0	1	1	0	0	8	3000	5	0	0	0	0	0	0	0	0	0	0	0	0	0	0	0	0	0	0	0	0	0	0	0	0	0	0	0	0	0
81000006	赎罪药水任务大怪	0	0	0	60	0	0	0	0	0	0	0	0	0	10	5000	5	1000	1000	0	1	0	0	2	800	10	0	1	0	1	0	1	10	0	0	0	0	0	0	0	0	1	0	0	0	1	0	0	0	1	0	0	0	1	0	0	0	1	1	0	0	8	0	2	0	0	0	0	0	0	0	0	0	0	0	0	0	0	0	0	0	0	0	0	0	0	0	0	0	0	0	0	0
81000001	赎罪药水第一批怪	1	0	0	0	0	0	0	0	0	0	0	0	0	10	5000	0	0	0	0	0	0	0	2	800	10	0	0	0	1	0	1	8	0	0	0	0	0	0	0	0	1	0	0	0	1	0	0	0	1	0	0	0	1	0	0	0	1	1	0	0	8	3000	5	0	0	0	0	0	0	0	0	0	0	0	0	0	0	0	0	0	0	0	0	0	0	0	0	0	0	0	0	0
81000003	赎罪药水第三批怪	0	0	0	24	0	0	0	0	0	0	0	0	0	10	5000	5	1000	80	0	1	0	0	2	800	10	0	0	0	1	0	1	8	0	0	0	0	0	0	0	0	1	0	0	0	1	0	0	0	1	0	0	0	1	0	0	0	1	1	0	0	8	3000	5	0	0	0	0	0	0	0	0	0	0	0	0	0	0	0	0	0	0	0	0	0	0	0	0	0	0	0	0	0
81000004	赎罪药水第四批怪	0	0	0	36	0	0	0	0	0	0	0	0	0	10	5000	5	1000	80	0	1	0	0	2	800	10	0	0	0	1	0	1	8	0	0	0	0	0	0	0	0	1	0	0	0	1	0	0	0	1	0	0	0	1	0	0	0	1	1	0	0	8	3000	5	0	0	0	0	0	0	0	0	0	0	0	0	0	0	0	0	0	0	0	0	0	0	0	0	0	0	0	0	0
81000005	赎罪药水第五批怪	0	0	0	48	0	0	0	0	0	0	0	0	0	10	5000	5	1000	80	0	1	0	0	2	800	10	0	0	0	1	0	1	8	0	0	0	0	0	0	0	0	1	0	0	0	1	0	0	0	1	0	0	0	1	0	0	0	1	1	0	0	8	3000	5	0	0	0	0	0	0	0	0	0	0	0	0	0	0	0	0	0	0	0	0	0	0	0	0	0	0	0	0	0
80000016	任务副本怪	1	0	0	0	0	0	0	0	0	0	0	0	0	10	5000	5	1000	70	0	1	0	0	2	800	10	0	0	0	1	0	1	8	0	0	0	0	0	0	0	0	1	0	0	0	1	0	0	0	1	0	0	0	1	0	0	0	1	1	0	0	8	3000	5	0	0	0	0	0	0	0	0	0	0	0	0	0	0	0	0	0	0	0	0	0	0	0	0	0	0	0	0	0
80000017	任务副本BOSS	0	0	0	36	0	0	0	0	0	0	0	0	0	10	5000	5	1000	100	0	1	0	0	2	800	10	0	1	0	1	0	1	8	0	0	0	0	0	0	0	0	1	0	0	0	1	0	0	0	1	0	0	0	1	0	0	0	1	1	0	0	8	3000	5	0	0	0	0	0	0	0	0	0	0	0	0	0	0	0	0	0	0	0	0	0	0	0	0	0	0	0	0	0
80000018	欺骗之心	0	0	0	20	0	0	0	0	1	“欺骗之心”在(75，105)坐标出现了。	0	0	0	10	5000	5	1000	100	0	1	0	0	2	800	10	0	1	0	1	0	1	8	0	0	0	0	0	0	0	0	1	0	0	0	1	0	0	0	1	0	0	0	1	0	0	0	1	0	0	0	8	3000	5	0	0	0	0	0	0	0	0	0	0	0	0	0	0	0	0	0	0	0	0	0	0	0	0	0	0	0	0	0
80000019	诱惑之心	0	0	0	30	0	0	0	0	1	“诱惑之心”在(75，105)坐标出现了。	0	0	0	10	5000	5	1000	100	0	1	0	0	2	800	10	0	1	0	1	0	1	8	0	0	0	0	0	0	0	0	1	0	0	0	1	0	0	0	1	0	0	0	1	0	0	0	1	0	0	0	8	3000	5	0	0	0	0	0	0	0	0	0	0	0	0	0	0	0	0	0	0	0	0	0	0	0	0	0	0	0	0	0
80000020	邪恶之心	0	0	0	50	0	0	0	0	1	“邪恶之心”在(75，105)坐标出现了。	0	0	0	10	5000	5	1000	100	0	1	0	0	2	800	10	0	1	0	1	0	1	8	0	0	0	0	0	0	0	0	1	0	0	0	1	0	0	0	1	0	0	0	1	0	0	0	1	0	0	0	8	3000	5	0	0	0	0	0	0	0	0	0	0	0	0	0	0	0	0	0	0	0	0	0	0	0	0	0	0	0	0	0
80000021	肉肉大兵	1	0	0	0	0	0	0	0	0	0	0	0	0	0	0	0	0	0	0	0	0	0	2	800	10	0	0	0	1	0	0	0	0	0	0	0	0	0	0	0	1	0	0	0	1	0	0	0	1	0	0	0	1	0	0	0	1	1	0	0	0	0	0	850001	100	850004	100	850005	100	850016	100	850017	100	850019	100	851001	100	851002	100	851003	100	0	0	0	0	0	0	0	0	0	0	0
80000022	肉肉卫兵	1	0	0	0	0	0	0	0	0	0	0	0	0	0	0	0	0	0	0	0	0	0	2	800	10	0	0	0	1	0	1	2	0	0	0	0	0	0	0	0	1	0	0	0	1	0	0	0	1	0	0	0	1	0	0	0	1	0	0	0	0	0	0	850001	100	850004	100	850005	100	850016	100	850017	100	850019	100	851001	100	851002	100	851003	100	0	0	0	0	0	0	0	0	0	0	0
80000023	肉肉BOSS	0	0	0	2	0	0	0	0	0	0	0	0	0	5	3000	7	1000	100	0	1	0	0	2	800	10	0	0	0	1	0	1	20	0	0	0	0	0	0	0	0	1	0	0	0	1	0	0	0	1	0	0	0	1	0	0	0	1	0	0	0	0	0	0	850001	100	850004	100	850005	100	850016	100	850017	100	850019	100	851001	100	851002	100	851003	100	0	0	0	0	0	0	0	0	0	0	0
80000024	精英头领	0	0	0	60	0	0	0	0	1	“精英头领”在(36，60)坐标出现了。	0	0	0	5	3000	7	1000	100	0	1	0	0	2	800	10	0	1	0	1	0	1	20	0	0	0	0	0	0	0	0	1	0	0	0	1	0	0	0	1	0	0	0	1	0	0	0	1	100	0	0	0	0	0	0	0	0	0	0	0	0	0	0	0	0	0	0	0	0	0	0	0	0	0	0	0	0	0	0	0	0	0	0
80000025	弗朗西斯	0	0	0	80	0	0	0	0	1	“弗朗西斯”在(74，38)坐标出现了。	0	0	0	5	3000	7	1000	100	0	1	0	0	2	800	10	0	1	0	1	0	1	20	0	0	0	0	0	0	0	0	1	0	0	0	1	0	0	0	1	0	0	0	1	0	0	0	1	100	0	0	0	0	0	0	0	0	0	0	0	0	0	0	0	0	0	0	0	0	0	0	0	0	0	0	0	0	0	0	0	0	0	0
80000026	奥尔亚瑟	0	0	0	100	0	0	0	0	1	“奥尔亚瑟”在(48，100)坐标出现了。	0	0	0	5	3000	7	1000	100	0	1	0	0	2	800	10	0	1	0	1	0	1	20	0	0	0	0	0	0	0	0	1	0	0	0	1	0	0	0	1	0	0	0	1	0	0	0	1	100	0	0	0	0	0	0	0	0	0	0	0	0	0	0	0	0	0	0	0	0	0	0	0	0	0	0	0	0	0	0	0	0	0	0
80000027	恶魔之子	0	0	0	200	0	0	0	0	1	“恶魔之子”在(48，100)坐标出现了。	0	0	0	5	3000	7	1000	100	0	1	0	0	2	800	10	0	1	0	1	0	1	20	0	0	0	0	0	0	0	0	1	0	0	0	1	0	0	0	1	0	0	0	1	0	0	0	1	100	0	0	0	0	0	0	0	0	0	0	0	0	0	0	0	0	0	0	0	0	0	0	0	0	0	0	0	0	0	0	0	0	0	0
80000028	恶梦之邪念	0	0	0	350	0	0	0	0	1	“恶梦之邪念”在(48，100)坐标出现了。	0	0	0	5	3000	7	1000	100	0	1	0	0	2	800	10	0	1	0	1	0	1	20	0	0	0	0	0	0	0	0	1	0	0	0	1	0	0	0	1	0	0	0	1	0	0	0	1	100	0	0	0	0	0	0	0	0	0	0	0	0	0	0	0	0	0	0	0	0	0	0	0	0	0	0	0	0	0	0	0	0	0	0
80000029	黑暗守门人	0	0	0	350	0	0	0	0	1	“黑暗守门人”在(30，42)坐标出现了。	0	0	0	5	3000	7	1000	100	0	1	0	0	2	800	10	0	1	0	1	0	1	20	0	0	0	0	0	0	0	0	1	0	0	0	1	0	0	0	1	0	0	0	1	0	0	0	1	100	0	0	0	0	0	0	0	0	0	0	0	0	0	0	0	0	0	0	0	0	0	0	0	0	0	0	0	0	0	0	0	0	0	0
80000030	黑暗守门人	0	0	1	0	0	0	0	0	1	黑暗中流淌着某种邪恶的气息，似乎有什么东西正在向你靠近。	0	0	0	20	2000	20	200	1000	0	1	0	0	2	200	200	0	1	0	1	1	1	20	0	0	0	0	0	0	0	0	1	0	0	0	1	0	0	0	1	0	0	0	1	0	0	0	1	100	0	0	0	0	0	0	0	0	0	0	0	0	0	0	0	0	0	0	0	0	0	0	0	0	0	0	0	0	0	0	0	0	0	0
80000031	魔巨人·犹加	0	0	0	36	0	0	0	0	1	“魔巨人·犹加”在(36，36)坐标出现了。	0	0	0	10	5000	5	1000	100	0	1	0	0	2	800	10	0	1	0	1	0	1	8	0	0	0	0	0	0	0	0	1	0	0	0	1	0	0	0	1	0	0	0	1	0	0	0	1	1	0	0	8	3000	5	0	0	0	0	0	0	0	0	0	0	0	0	0	0	0	0	0	0	0	0	0	0	0	0	0	0	0	0	0
80010001	深渊地穴领主	1	0	0	0	90000000	8640000	0	86400000	2	邪恶的深渊地穴领主在夏亚地宫二层出现啦，勇士们快去击杀吧~	0	0	0	5	2000	8	200	100	0	1	0	1	1	200	200	0	1	0	1	1	1	15	0	0	0	60	5	95110101	40	100	2	95110102	70	100	2	95110103	95	100	2	95110100	100	100	1	0	0	0	1	0	0	0	0	200	10	850003	80	0	0	0	0	0	0	0	0	0	0	0	0	0	0	0	0	0	0	1	1	10	15	12	50	80	80	60
80010002	远古女妖	1	0	0	0	90000000	8640000	0	86400000	2	狡猾的远古女妖在血精森林出现啦，勇士们快去击杀吧~	0	0	0	5	2000	8	200	100	0	0	1	1	1	200	200	0	1	0	1	1	1	15	0	0	0	60	5	95110201	20	100	5	95110202	50	100	1	95110203	90	100	6	95110204	95	100	7	95110100	100	100	1	0	0	0	0	200	10	850003	80	0	0	0	0	0	0	0	0	0	0	0	0	0	0	0	0	0	0	1	1	15	10	12	80	50	50	80
80010003	杀戮魔	1	0	0	0	90000000	8640000	0	86400000	2	凶残的杀戮魔在在塔魔尼地宫六层出现啦，勇士们快去击杀吧~	0	0	0	5	2000	8	200	100	0	1	0	1	1	200	200	0	1	0	1	1	1	15	0	0	0	60	5	95110301	40	100	2	95110302	80	100	4	95110303	90	30	7	95110304	95	30	1	95110100	100	100	1	0	0	0	0	200	10	850003	80	0	0	0	0	0	0	0	0	0	0	0	0	0	0	0	0	0	0	1	1	12	15	12	60	80	50	50
80010004	牛头军首领	1	0	0	0	90000000	8640000	0	86400000	2	强大的牛头军首领在奇镜岛出现啦，勇士们快去击杀吧~	0	0	0	5	2000	8	200	100	0	1	0	1	1	200	200	0	1	0	1	1	1	15	0	0	0	60	5	95110401	25	100	1	95110402	60	100	1	95110403	95	100	1	95110100	100	100	1	0	0	0	0	0	0	0	0	200	10	850003	80	0	0	0	0	0	0	0	0	0	0	0	0	0	0	0	0	0	0	1	1	15	10	12	80	60	60	80
80010005	血零	1	0	0	0	90000000	8640000	0	86400000	2	凶残的杀戮魔在在塔魔尼地宫六层出现啦，勇士们快去击杀吧~	0	0	0	5	2000	8	200	100	0	1	0	1	1	200	200	0	1	0	1	1	1	15	0	0	0	60	5	95110411	30	100	1	95110412	60	100	1	95110413	80	100	1	95110414	100	100	1	0	0	0	0	0	0	0	0	200	10	850003	80	0	0	0	0	0	0	0	0	0	0	0	0	0	0	0	0	0	0	1	1	12	15	12	60	80	50	50
80010006	魔人夕影	1	0	0	0	90000000	8640000	0	86400000	2	凶残的杀戮魔在在塔魔尼地宫六层出现啦，勇士们快去击杀吧~	0	0	0	5	2000	8	200	100	0	1	0	1	1	200	200	0	1	0	1	1	1	15	0	0	0	60	5	95110421	50	100	1	95110422	100	100	1	0	0	0	0	0	0	0	0	0	0	0	0	0	0	0	0	200	10	850003	80	0	0	0	0	0	0	0	0	0	0	0	0	0	0	0	0	0	0	1	1	12	15	12	60	80	50	50
80010007	金怪	1	0	0	0	90000000	8640000	0	86400000	2	凶残的杀戮魔在在塔魔尼地宫六层出现啦，勇士们快去击杀吧~	0	0	0	5	2000	8	200	100	0	1	0	1	1	200	200	0	1	0	1	1	1	15	0	0	0	60	5	95110431	35	100	1	95110432	70	100	1	95110433	100	100	1	0	0	0	0	0	0	0	0	0	0	0	0	200	10	850003	80	0	0	0	0	0	0	0	0	0	0	0	0	0	0	0	0	0	0	1	1	12	15	12	60	80	50	50
80010008	火焰之魂	1	0	0	0	90000000	8640000	0	86400000	2	凶残的杀戮魔在在塔魔尼地宫六层出现啦，勇士们快去击杀吧~	0	0	0	5	2000	8	200	100	0	1	0	1	1	200	200	0	1	0	1	1	1	15	0	0	0	60	5	95110441	35	100	1	95110442	70	100	1	95110443	100	100	1	0	0	0	0	0	0	0	0	0	0	0	0	200	10	850003	80	0	0	0	0	0	0	0	0	0	0	0	0	0	0	0	0	0	0	1	1	12	15	12	60	80	50	50
80010009	魔石灵	1	0	0	0	90000000	8640000	0	86400000	2	凶残的杀戮魔在在塔魔尼地宫六层出现啦，勇士们快去击杀吧~	0	0	0	5	2000	8	200	100	0	1	0	1	1	200	200	0	1	0	1	1	1	15	0	0	0	60	5	95110451	25	100	1	95110452	50	100	1	95110453	75	100	1	95110454	100	0	1	0	0	0	0	0	0	0	0	200	10	850003	80	0	0	0	0	0	0	0	0	0	0	0	0	0	0	0	0	0	0	1	1	12	15	12	60	80	50	50
80010010	60boss	0	0	0	90	0	0	0	0	1	秘境的boss已经苏醒，坐标（34，40）	0	0	0	5	2000	8	200	100	0	0	1	1	1	200	200	0	1	0	1	1	1	15	0	0	0	60	5	95110201	20	100	5	95110202	50	100	1	95110203	90	100	6	95110204	95	100	7	95110100	100	100	1	0	0	0	0	200	10	850003	80	0	0	0	0	0	0	0	0	0	0	0	0	0	0	0	0	0	0	1	1	15	10	12	80	50	50	80
80010011	70boss	0	0	0	90	0	0	0	0	1	秘境的boss已经苏醒，坐标（34，40）	0	0	0	5	2000	8	200	100	0	1	0	1	1	200	200	0	1	0	1	1	1	15	0	0	0	60	5	95110301	40	100	2	95110302	80	100	4	95110303	90	30	7	95110304	95	30	1	95110100	100	100	1	0	0	0	0	200	10	850003	80	0	0	0	0	0	0	0	0	0	0	0	0	0	0	0	0	0	0	1	1	12	15	12	60	80	50	50
80010012	80boss	0	0	0	90	0	0	0	0	1	秘境的boss已经苏醒，坐标（34，40）	0	0	0	5	2000	8	200	100	0	1	0	1	1	200	200	0	1	0	1	1	1	15	0	0	0	60	5	95110401	25	100	1	95110402	60	100	1	95110403	95	100	1	95110100	100	100	1	0	0	0	0	0	0	0	0	200	10	850003	80	0	0	0	0	0	0	0	0	0	0	0	0	0	0	0	0	0	0	1	1	15	10	12	80	60	60	80
80010013	90boss	0	0	0	90	0	0	0	0	1	秘境的boss已经苏醒，坐标（34，40）	0	0	0	5	2000	8	200	100	0	1	0	1	1	200	200	0	1	0	1	1	1	15	0	0	0	60	5	95110411	30	100	1	95110412	60	100	1	95110413	80	100	1	95110414	100	100	1	0	0	0	0	0	0	0	0	200	10	850003	80	0	0	0	0	0	0	0	0	0	0	0	0	0	0	0	0	0	0	1	1	12	15	12	60	80	50	50
80010014	100boss	0	0	0	90	0	0	0	0	1	秘境的boss已经苏醒，坐标（34，40）	0	0	0	5	2000	8	200	100	0	1	0	1	1	200	200	0	1	0	1	1	1	15	0	0	0	60	5	95110421	50	100	1	95110422	100	100	1	0	0	0	0	0	0	0	0	0	0	0	0	0	0	0	0	200	10	850003	80	0	0	0	0	0	0	0	0	0	0	0	0	0	0	0	0	0	0	1	1	12	15	12	60	80	50	50
80010015	110boss	0	0	0	90	0	0	0	0	1	秘境的boss已经苏醒，坐标（34，40）	0	0	0	5	2000	8	200	100	0	1	0	1	1	200	200	0	1	0	1	1	1	15	0	0	0	60	5	95110431	35	100	1	95110432	70	100	1	95110433	100	100	1	0	0	0	0	0	0	0	0	0	0	0	0	200	10	850003	80	0	0	0	0	0	0	0	0	0	0	0	0	0	0	0	0	0	0	1	1	12	15	12	60	80	50	50
80010016	120boss	0	0	0	90	0	0	0	0	1	秘境的boss已经苏醒，坐标（34，40）	0	0	0	5	2000	8	200	100	0	1	0	1	1	200	200	0	1	0	1	1	1	15	0	0	0	60	5	95110441	35	100	1	95110442	70	100	1	95110443	100	100	1	0	0	0	0	0	0	0	0	0	0	0	0	200	10	850003	80	0	0	0	0	0	0	0	0	0	0	0	0	0	0	0	0	0	0	1	1	12	15	12	60	80	50	50
80010017	130boss	0	0	0	90	0	0	0	0	1	秘境的boss已经苏醒，坐标（34，40）	0	0	0	5	2000	8	200	100	0	1	0	1	1	200	200	0	1	0	1	1	1	15	0	0	0	60	5	95110451	25	100	1	95110452	50	100	1	95110453	75	100	1	95110454	100	0	1	0	0	0	0	0	0	0	0	200	10	850003	80	0	0	0	0	0	0	0	0	0	0	0	0	0	0	0	0	0	0	1	1	12	15	12	60	80	50	50
80020001	城市守卫	1	0	0	0	1000	1000	0	0	0	0	0	0	0	0	0	10	0	0	2	0	0	0	0	500	200	0	0	0	0	1	0	0	0	0	0	0	0	0	0	0	0	0	0	0	0	0	0	0	0	0	0	0	0	0	0	0	0	0	0	0	0	0	0	850001	100	850004	100	850005	100	850016	100	850017	100	850019	100	851001	100	851002	100	851003	100	0	0	0	0	0	0	0	0	0	0	0
80020002	城市守卫	1	0	0	0	1000	1000	0	0	0	0	0	0	0	20	3000	10	0	0	2	0	0	0	0	500	200	0	0	0	0	1	0	0	0	0	0	0	0	0	0	0	0	0	0	0	0	0	0	0	0	0	0	0	0	0	0	0	0	0	0	0	0	0	0	850001	100	850004	100	850005	100	850016	100	850017	100	850019	100	851001	100	851002	100	851003	100	0	0	0	0	0	0	0	0	0	0	0
80010000	试炼之塔小偷	0	1	1	0	0	0	0	0	1	前面似乎有人，快去看看你的奖品吧。	0	0	0	10	3000	14	200	100	0	0	0	0	0	200	200	0	0	0	1	1	1	9999999	0	0	0	0	0	0	0	0	0	0	0	0	0	0	0	0	0	0	0	0	0	0	0	0	0	0	0	0	0	0	0	0	0	0	0	0	0	0	0	0	0	0	0	0	0	0	0	0	0	0	0	0	0	0	0	0	0	0	0	0
80000030	试炼远程普怪	1	0	0	0	0	0	0	0	0	0	0	0	0	4	3000	5	1200	90	0	0	0	0	0	200	7	0	0	0	1	0	1	6	0	0	0	0	0	0	0	0	0	0	0	0	0	0	0	0	0	0	0	0	0	0	0	0	0	1	0	0	8	3000	3	0	0	0	0	0	0	0	0	0	0	0	0	0	0	0	0	0	0	0	0	0	0	0	0	0	0	0	0	0
80010101	试炼之塔72级boss	1	0	0	0	0	0	0	0	0	0	0	0	0	2	2000	6	200	100	0	0	0	0	0	200	200	0	1	0	1	1	1	9999999	0	0	0	50	5	95110450	50	100	1	95110452	100	100	1	0	0	0	0	0	0	0	0	0	0	0	0	10	0	0	0	0	0	0	0	0	0	0	0	0	0	0	0	0	0	0	0	0	0	0	0	0	0	1	0	0	0	0	0	0	0	0
80010102	试炼之塔84级boss	1	0	0	0	0	0	0	0	0	0	0	0	0	2	2000	6	200	100	0	0	0	0	0	200	200	0	1	0	1	1	1	9999999	0	0	0	50	5	95110451	50	100	1	95110453	100	100	1	0	0	0	0	0	0	0	0	0	0	0	0	10	0	0	0	0	0	0	0	0	0	0	0	0	0	0	0	0	0	0	0	0	0	0	0	0	0	1	0	0	0	0	0	0	0	0
80010103	试炼之塔96级boss	1	0	0	0	0	0	0	0	0	0	0	0	0	2	2000	6	200	100	0	0	0	0	0	200	200	0	1	0	1	1	1	9999999	0	0	0	50	5	95110451	50	100	1	95110454	100	100	1	0	0	0	0	0	0	0	0	0	0	0	0	10	0	0	0	0	0	0	0	0	0	0	0	0	0	0	0	0	0	0	0	0	0	0	0	0	0	1	0	0	0	0	0	0	0	0
80010104	试炼之塔108级boss	1	0	0	0	0	0	0	0	0	0	0	0	0	2	2000	6	200	100	0	0	0	0	0	200	200	0	1	0	1	1	1	9999999	0	0	0	35	5	95110450	45	100	1	95110455	100	100	1	0	0	0	0	0	0	0	0	0	0	0	0	10	0	0	0	0	0	0	0	0	0	0	0	0	0	0	0	0	0	0	0	0	0	0	0	0	0	1	0	0	0	0	0	0	0	0
80010105	试炼之塔120级boss	1	0	0	0	0	0	0	0	0	0	0	0	0	2	2000	6	200	100	0	0	0	0	0	200	200	0	1	0	1	1	1	9999999	0	0	0	50	5	95110451	45	100	1	95110456	90	100	1	95110457	100	50	1	0	0	0	0	0	0	0	0	10	0	0	0	20000	1	0	0	0	0	0	0	0	0	0	0	0	0	0	0	0	0	0	0	0	0	1	0	0	0	0	0	0	0	0
80010106	试炼精英怪	1	0	0	0	0	0	0	0	0	0	0	0	0	5	2000	5	1000	92	0	0	0	0	0	0	200	0	0	0	0	1	1	9999999	0	0	0	0	0	0	0	0	0	0	0	0	0	0	0	0	0	0	0	0	0	0	0	0	0	10	0	0	8	5000	0	0	0	0	0	0	0	0	0	0	0	0	0	0	0	0	0	0	0	0	0	0	0	0	0	0	0	0	0	0
80010107	试炼远程普怪	1	0	0	0	0	0	0	0	0	0	0	0	0	4	3000	5	1200	90	0	0	0	0	0	200	200	0	0	0	1	0	1	9999999	0	0	0	0	0	0	0	0	0	0	0	0	0	0	0	0	0	0	0	0	0	0	0	0	0	1	0	0	8	3000	0	0	0	0	0	0	0	0	0	0	0	0	0	0	0	0	0	0	0	0	0	0	0	0	0	0	0	0	0	0
83010317	诅咒者	1	0	0	0	0	0	0	0	0	0	0	0	0	4	3000	5	1200	90	0	0	0	0	0	200	200	0	0	0	1	0	1	9999999	0	0	0	15	10	95110501	100	100	1	0	0	0	0	0	0	0	0	0	0	0	0	0	0	0	0	1	0	0	0	0	0	0	0	0	0	0	0	0	0	0	0	0	0	0	0	0	0	0	0	0	0	1	0	0	0	0	0	0	0	0
83010320	漂浮的幽灵	1	0	0	0	0	0	0	0	0	0	0	0	0	4	3000	5	1200	90	0	0	0	0	0	200	200	0	0	0	1	0	1	9999999	0	0	0	15	10	95110546	100	100	1	0	0	0	0	0	0	0	0	0	0	0	0	0	0	0	0	1	0	0	0	0	0	0	0	0	0	0	0	0	0	0	0	0	0	0	0	0	0	0	0	0	0	1	0	0	0	0	0	0	0	0
83010321	妖绿食人花	1	0	0	0	0	0	0	0	0	0	0	0	0	4	3000	5	1200	90	0	0	0	0	0	200	200	0	0	0	1	0	1	9999999	0	0	0	15	10	95110547	100	100	1	0	0	0	0	0	0	0	0	0	0	0	0	0	0	0	0	1	0	0	0	0	0	0	0	0	0	0	0	0	0	0	0	0	0	0	0	0	0	0	0	0	0	1	0	0	0	0	0	0	0	0
83010322	巨毒蝙蝠	1	0	0	0	0	0	0	0	0	0	0	0	0	4	3000	5	1200	90	0	0	0	0	0	200	200	0	0	0	1	0	1	9999999	0	0	0	15	10	95110502	100	100	1	0	0	0	0	0	0	0	0	0	0	0	0	0	0	0	0	1	0	0	0	0	0	0	0	0	0	0	0	0	0	0	0	0	0	0	0	0	0	0	0	0	0	1	0	0	0	0	0	0	0	0
83010323	小怪物	1	0	0	0	0	0	0	0	0	0	0	0	0	4	3000	5	1200	90	0	0	0	0	0	200	200	0	0	0	1	0	1	9999999	0	0	0	15	10	95110548	100	100	1	0	0	0	0	0	0	0	0	0	0	0	0	0	0	0	0	1	0	0	0	0	0	0	0	0	0	0	0	0	0	0	0	0	0	0	0	0	0	0	0	0	0	1	0	0	0	0	0	0	0	0
83010324	妖魂	1	0	0	0	0	0	0	0	0	0	0	0	0	4	3000	5	1200	90	0	0	0	0	0	200	200	0	0	1	1	0	1	9999999	0	0	0	15	10	95110503	100	100	1	0	0	0	0	0	0	0	0	0	0	0	0	0	0	0	0	1	0	0	0	0	0	0	0	0	0	0	0	0	0	0	0	0	0	0	0	0	0	0	0	0	0	1	0	0	0	0	0	0	0	0
83010325	隐鼠	1	0	0	0	0	0	0	0	0	0	0	0	0	4	3000	5	1200	90	0	0	0	0	0	200	200	0	0	0	1	0	1	9999999	0	0	0	15	10	95110504	100	100	1	0	0	0	0	0	0	0	0	0	0	0	0	0	0	0	0	1	0	0	0	0	0	0	0	0	0	0	0	0	0	0	0	0	0	0	0	0	0	0	0	0	0	1	0	0	0	0	0	0	0	0
83010326	带毒僵尸	1	0	0	0	0	0	0	0	0	0	0	0	0	4	3000	5	1200	90	0	0	0	0	0	200	200	0	0	0	1	0	1	9999999	0	0	0	15	10	95110505	100	100	1	0	0	0	0	0	0	0	0	0	0	0	0	0	0	0	0	1	0	0	0	0	0	0	0	0	0	0	0	0	0	0	0	0	0	0	0	0	0	0	0	0	0	1	0	0	0	0	0	0	0	0
83010327	血骷髅	1	0	0	0	0	0	0	0	0	0	0	0	0	4	3000	5	1200	90	0	0	0	0	0	200	200	0	0	0	1	0	1	9999999	0	0	0	15	10	95110506	100	100	1	0	0	0	0	0	0	0	0	0	0	0	0	0	0	0	0	1	0	0	0	0	0	0	0	0	0	0	0	0	0	0	0	0	0	0	0	0	0	0	0	0	0	1	0	0	0	0	0	0	0	0
83010328	巨毒骷髅弓箭手	1	0	0	0	0	0	0	0	0	0	0	0	0	4	3000	5	1200	90	0	0	0	0	0	200	200	0	0	0	1	0	1	9999999	0	0	0	15	10	95110507	100	100	1	0	0	0	0	0	0	0	0	0	0	0	0	0	0	0	0	1	0	0	0	0	0	0	0	0	0	0	0	0	0	0	0	0	0	0	0	0	0	0	0	0	0	1	0	0	0	0	0	0	0	0
83010329	海蓝骷髅战士	1	0	0	0	0	0	0	0	0	0	0	0	0	4	3000	5	1200	90	0	0	0	0	0	200	200	0	0	0	1	0	1	9999999	0	0	0	15	10	95110508	100	100	1	0	0	0	0	0	0	0	0	0	0	0	0	0	0	0	0	1	0	0	0	0	0	0	0	0	0	0	0	0	0	0	0	0	0	0	0	0	0	0	0	0	0	1	0	0	0	0	0	0	0	0
83010330	血色骷髅弓箭手	1	0	0	0	0	0	0	0	0	0	0	0	0	4	3000	5	1200	90	0	0	0	0	0	200	200	0	0	0	1	0	1	9999999	0	0	0	15	10	95110509	100	100	1	0	0	0	0	0	0	0	0	0	0	0	0	0	0	0	0	1	0	0	0	0	0	0	0	0	0	0	0	0	0	0	0	0	0	0	0	0	0	0	0	0	0	1	0	0	0	0	0	0	0	0
83010331	铁怪	1	0	0	0	0	0	0	0	0	0	0	0	0	4	3000	5	1200	90	0	0	0	0	0	200	200	0	0	0	1	0	1	9999999	0	0	0	15	10	95110510	100	100	1	0	0	0	0	0	0	0	0	0	0	0	0	0	0	0	0	1	0	0	0	0	0	0	0	0	0	0	0	0	0	0	0	0	0	0	0	0	0	0	0	0	0	1	0	0	0	0	0	0	0	0
83010332	火人	1	0	0	0	0	0	0	0	0	0	0	0	0	4	3000	5	1200	90	0	0	0	0	0	200	200	0	0	0	1	0	1	9999999	0	0	0	15	10	95110511	100	100	1	0	0	0	0	0	0	0	0	0	0	0	0	0	0	0	0	1	0	0	0	0	0	0	0	0	0	0	0	0	0	0	0	0	0	0	0	0	0	0	0	0	0	1	0	0	0	0	0	0	0	0
83010333	火焰巨人	1	0	0	0	0	0	0	0	0	0	0	0	0	4	3000	5	1200	90	0	0	0	0	0	200	200	0	0	0	1	0	1	9999999	0	0	0	15	10	95110512	100	100	1	0	0	0	0	0	0	0	0	0	0	0	0	0	0	0	0	1	0	0	0	0	0	0	0	0	0	0	0	0	0	0	0	0	0	0	0	0	0	0	0	0	0	1	0	0	0	0	0	0	0	0
83010334	鬼火	1	0	0	0	0	0	0	0	0	0	0	0	0	4	3000	5	1200	90	0	0	0	0	0	200	200	0	0	0	1	0	1	9999999	0	0	0	15	10	95110513	100	100	1	0	0	0	0	0	0	0	0	0	0	0	0	0	0	0	0	1	0	0	0	0	0	0	0	0	0	0	0	0	0	0	0	0	0	0	0	0	0	0	0	0	0	1	0	0	0	0	0	0	0	0
83010335	火焰领主	1	0	0	0	0	0	0	0	0	0	0	0	0	4	3000	5	1200	90	0	0	0	0	0	200	200	0	0	0	1	0	1	9999999	0	0	0	15	10	95110514	100	100	1	0	0	0	0	0	0	0	0	0	0	0	0	0	0	0	0	1	0	0	0	0	0	0	0	0	0	0	0	0	0	0	0	0	0	0	0	0	0	0	0	0	0	1	0	0	0	0	0	0	0	0
83010336	铁怪弓箭手	1	0	0	0	0	0	0	0	0	0	0	0	0	4	3000	5	1200	90	0	0	0	0	0	200	200	0	0	0	1	0	1	9999999	0	0	0	15	10	95110515	100	100	1	0	0	0	0	0	0	0	0	0	0	0	0	0	0	0	0	1	0	0	0	0	0	0	0	0	0	0	0	0	0	0	0	0	0	0	0	0	0	0	0	0	0	1	0	0	0	0	0	0	0	0
83010337	金怪	1	0	0	0	0	0	0	0	0	0	0	0	0	4	3000	5	1200	90	0	0	0	0	0	200	200	0	0	0	1	0	1	9999999	0	0	0	15	10	95110516	100	100	1	0	0	0	0	0	0	0	0	0	0	0	0	0	0	0	0	1	0	0	0	0	0	0	0	0	0	0	0	0	0	0	0	0	0	0	0	0	0	0	0	0	0	1	0	0	0	0	0	0	0	0
83010338	蓝紫巨人	1	0	0	0	0	0	0	0	0	0	0	0	0	4	3000	5	1200	90	0	0	0	0	0	200	200	0	0	0	1	0	1	9999999	0	0	0	15	10	95110517	100	100	1	0	0	0	0	0	0	0	0	0	0	0	0	0	0	0	0	1	0	0	0	0	0	0	0	0	0	0	0	0	0	0	0	0	0	0	0	0	0	0	0	0	0	1	0	0	0	0	0	0	0	0
83010339	燃烧铁怪	1	0	0	0	0	0	0	0	0	0	0	0	0	4	3000	5	1200	90	0	0	0	0	0	200	200	0	0	0	1	0	1	9999999	0	0	0	15	10	95110518	100	100	1	0	0	0	0	0	0	0	0	0	0	0	0	0	0	0	0	1	0	0	0	0	0	0	0	0	0	0	0	0	0	0	0	0	0	0	0	0	0	0	0	0	0	1	0	0	0	0	0	0	0	0
83010340	亚玛逊战士	1	0	0	0	0	0	0	0	0	0	0	0	0	4	3000	5	1200	90	0	0	0	0	0	200	200	0	0	0	1	0	1	9999999	0	0	0	15	10	95110519	50	100	1	95110520	100	100	1	0	0	0	0	0	0	0	0	0	0	0	0	1	0	0	0	0	0	0	0	0	0	0	0	0	0	0	0	0	0	0	0	0	0	0	0	0	0	1	0	0	0	0	0	0	0	0
83010341	迷你野蛮人	1	0	0	0	0	0	0	0	0	0	0	0	0	4	3000	5	1200	90	0	0	0	0	0	200	200	0	0	0	1	0	1	9999999	0	0	0	15	10	95110521	50	100	1	95110522	100	100	1	0	0	0	0	0	0	0	0	0	0	0	0	1	0	0	0	0	0	0	0	0	0	0	0	0	0	0	0	0	0	0	0	0	0	0	0	0	0	1	0	0	0	0	0	0	0	0
83010342	特种卫兵	1	0	0	0	0	0	0	0	0	0	0	0	0	4	3000	5	1200	90	0	0	0	0	0	200	200	0	0	0	1	0	1	9999999	0	0	0	15	10	95110523	50	100	1	95110524	100	100	1	0	0	0	0	0	0	0	0	0	0	0	0	1	0	0	0	0	0	0	0	0	0	0	0	0	0	0	0	0	0	0	0	0	0	0	0	0	0	1	0	0	0	0	0	0	0	0
83010343	特种剑士	1	0	0	0	0	0	0	0	0	0	0	0	0	4	3000	5	1200	90	0	0	0	0	0	200	200	0	0	0	1	0	1	9999999	0	0	0	15	10	95110525	50	100	1	95110526	100	100	1	0	0	0	0	0	0	0	0	0	0	0	0	1	0	0	0	0	0	0	0	0	0	0	0	0	0	0	0	0	0	0	0	0	0	0	0	0	0	1	0	0	0	0	0	0	0	0
83010344	精灵护守者	1	0	0	0	0	0	0	0	0	0	0	0	0	4	3000	5	1200	90	0	0	0	0	0	200	200	0	0	0	1	0	1	9999999	0	0	0	15	10	95110527	50	100	1	95110528	100	100	1	0	0	0	0	0	0	0	0	0	0	0	0	1	0	0	0	0	0	0	0	0	0	0	0	0	0	0	0	0	0	0	0	0	0	0	0	0	0	1	0	0	0	0	0	0	0	0
83010345	高级弩箭兵	1	0	0	0	0	0	0	0	0	0	0	0	0	4	3000	5	1200	90	0	0	0	0	0	200	200	0	0	0	1	0	1	9999999	0	0	0	15	10	95110529	50	100	1	95110530	100	100	1	0	0	0	0	0	0	0	0	0	0	0	0	1	0	0	0	0	0	0	0	0	0	0	0	0	0	0	0	0	0	0	0	0	0	0	0	0	0	1	0	0	0	0	0	0	0	0
83010346	兽人弓箭手	1	0	0	0	0	0	0	0	0	0	0	0	0	4	3000	5	1200	90	0	0	0	0	0	200	200	0	0	0	1	0	1	9999999	0	0	0	15	10	95110531	50	100	1	95110532	100	100	1	0	0	0	0	0	0	0	0	0	0	0	0	1	0	0	0	0	0	0	0	0	0	0	0	0	0	0	0	0	0	0	0	0	0	0	0	0	0	1	0	0	0	0	0	0	0	0
83010347	战斗矮人	1	0	0	0	0	0	0	0	0	0	0	0	0	4	3000	5	1200	90	0	0	0	0	0	200	200	0	0	0	1	0	1	9999999	0	0	0	15	10	95110533	50	100	1	95110534	100	100	1	0	0	0	0	0	0	0	0	0	0	0	0	1	0	0	0	0	0	0	0	0	0	0	0	0	0	0	0	0	0	0	0	0	0	0	0	0	0	1	0	0	0	0	0	0	0	0
83010348	兽人战士	1	0	0	0	0	0	0	0	0	0	0	0	0	4	3000	5	1200	90	0	0	0	0	0	200	200	0	0	0	1	0	1	9999999	0	0	0	15	10	95110535	50	100	1	95110536	100	100	1	0	0	0	0	0	0	0	0	0	0	0	0	1	0	0	0	0	0	0	0	0	0	0	0	0	0	0	0	0	0	0	0	0	0	0	0	0	0	1	0	0	0	0	0	0	0	0
83010349	亚玛逊弓箭手	1	0	0	0	0	0	0	0	0	0	0	0	0	4	3000	5	1200	90	0	0	0	0	0	200	200	0	0	0	1	0	1	9999999	0	0	0	15	10	95110537	50	100	1	95110538	100	100	1	0	0	0	0	0	0	0	0	0	0	0	0	1	0	0	0	0	0	0	0	0	0	0	0	0	0	0	0	0	0	0	0	0	0	0	0	0	0	1	0	0	0	0	0	0	0	0
83010350	高级骑士	1	0	0	0	0	0	0	0	0	0	0	0	0	4	3000	5	1200	90	0	0	0	0	0	200	200	0	0	0	1	0	1	9999999	0	0	0	15	10	95110539	50	100	1	95110540	100	100	1	0	0	0	0	0	0	0	0	0	0	0	0	1	0	0	0	0	0	0	0	0	0	0	0	0	0	0	0	0	0	0	0	0	0	0	0	0	0	1	0	0	0	0	0	0	0	0
83020001	吓人球头领	1	0	0	0	0	0	0	0	0	0	0	0	0	4	3000	5	1200	90	0	0	0	0	0	200	200	0	0	0	1	0	1	9999999	0	0	0	15	10	95110541	100	100	1	0	0	0	0	0	0	0	0	0	0	0	0	0	0	0	0	10	0	0	0	0	0	0	0	0	0	0	0	0	0	0	0	0	0	0	0	0	0	0	0	0	0	1	0	0	0	0	0	0	0	0
83020002	南瓜假面头领	1	0	0	0	0	0	0	0	0	0	0	0	0	4	3000	5	1200	90	0	0	0	0	0	200	200	0	0	0	1	0	1	9999999	0	0	0	15	10	95110542	100	100	1	0	0	0	0	0	0	0	0	0	0	0	0	0	0	0	0	10	0	0	0	0	0	0	0	0	0	0	0	0	0	0	0	0	0	0	0	0	0	0	0	0	0	1	0	0	0	0	0	0	0	0
83020003	石人头领	1	0	0	0	0	0	0	0	0	0	0	0	0	4	3000	5	1200	90	0	0	0	0	0	200	200	0	0	0	1	0	1	9999999	0	0	0	15	10	95110543	100	100	1	0	0	0	0	0	0	0	0	0	0	0	0	0	0	0	0	10	0	0	0	0	0	0	0	0	0	0	0	0	0	0	0	0	0	0	0	0	0	0	0	0	0	1	0	0	0	0	0	0	0	0
83020004	漂浮的幽灵头领	1	0	0	0	0	0	0	0	0	0	0	0	0	4	3000	5	1200	90	0	0	0	0	0	200	200	0	0	0	1	0	1	9999999	0	0	0	15	10	95110544	100	100	1	0	0	0	0	0	0	0	0	0	0	0	0	0	0	0	0	10	0	0	0	0	0	0	0	0	0	0	0	0	0	0	0	0	0	0	0	0	0	0	0	0	0	1	0	0	0	0	0	0	0	0
83020005	隐鼠头领	1	0	0	0	0	0	0	0	0	0	0	0	0	4	3000	5	1200	90	0	0	0	0	0	200	200	0	0	0	1	0	1	9999999	0	0	0	15	10	95110545	100	100	1	0	0	0	0	0	0	0	0	0	0	0	0	0	0	0	0	10	0	0	0	0	0	0	0	0	0	0	0	0	0	0	0	0	0	0	0	0	0	0	0	0	0	1	0	0	0	0	0	0	0	0
83010120	兽族大巨	1	0	0	0	0	0	0	0	0	0	0	0	0	4	3000	5	1200	90	0	0	0	0	0	200	200	0	0	1	1	0	1	9999999	0	0	0	20	10	95110510	100	100	1	0	0	0	0	0	0	0	0	0	0	0	0	0	0	0	0	1	0	0	0	0	0	0	0	0	0	0	0	0	0	0	0	0	0	0	0	0	0	0	0	0	0	1	0	0	0	0	0	0	0	0
83010121	兽族猎头	1	0	0	0	0	0	0	0	0	0	0	0	0	4	3000	5	1200	90	0	0	0	0	0	200	200	0	0	1	1	0	1	9999999	0	0	0	20	10	95110515	100	100	1	0	0	0	0	0	0	0	0	0	0	0	0	0	0	0	0	1	0	0	0	0	0	0	0	0	0	0	0	0	0	0	0	0	0	0	0	0	0	0	0	0	0	1	0	0	0	0	0	0	0	0
83010122	施瓦新格	0	0	0	36	0	0	3	0	1	“施瓦新格”在(50，70)坐标出现了，它似乎受了重伤。	0	0	0	4	3000	10	1200	90	0	0	0	0	0	200	200	0	0	1	1	0	1	9999999	0	0	0	25	10	95110533	50	100	1	95110549	100	100	1	0	0	0	0	0	0	0	0	0	0	0	0	1000	0	0	0	0	0	0	0	0	0	0	0	0	0	0	0	0	0	0	0	0	0	0	0	0	0	1	0	0	0	0	0	0	0	0
83010118	参赛者	1	0	0	0	0	0	0	0	0	0	0	0	0	0	0	3	1200	100	0	0	0	0	0	200	200	0	0	1	1	0	1	9999	0	0	0	20	10	95110510	100	100	1	0	0	0	0	0	0	0	0	0	0	0	0	0	0	0	0	1	0	0	0	0	0	0	0	0	0	0	0	0	0	0	0	0	0	0	0	0	0	0	0	0	0	1	0	0	0	0	0	0	0	0
83010119	参赛者	1	0	0	0	0	0	0	0	0	0	0	0	0	0	0	3	1200	100	0	0	0	0	0	200	200	0	0	1	1	0	1	9999	0	0	0	20	10	95110510	100	100	1	0	0	0	0	0	0	0	0	0	0	0	0	0	0	0	0	1	0	0	0	0	0	0	0	0	0	0	0	0	0	0	0	0	0	0	0	0	0	0	0	0	0	1	0	0	0	0	0	0	0	0
83010123	兽族大巨	0	0	0	180	0	0	0	0	1	“施瓦新格”带着一些部队逃到“阿塞林地”，大家可以找“指挥员”传送过去，务必要消灭“施瓦新格”。	0	0	0	4	3000	5	1200	90	0	0	0	0	0	200	200	0	0	1	1	0	1	9999999	0	0	0	20	10	95110510	100	100	1	0	0	0	0	0	0	0	0	0	0	0	0	0	0	0	0	1	0	0	0	0	0	0	0	0	0	0	0	0	0	0	0	0	0	0	0	0	0	0	0	0	0	1	0	0	0	0	0	0	0	0
83010124	普罗·克洛托的骷髅	1	0	0	0	15000	40000	8	99999999	1	“普罗·克洛托的骷髅”复活了	0	0	0	4	3000	5	1200	90	0	0	0	0	0	200	20	0	1	1	1	0	1	9999999	0	0	0	25	10	95110533	50	100	1	95110540	100	100	1	0	0	0	0	0	0	0	0	0	0	0	0	1	0	0	0	0	0	0	0	0	0	0	0	0	0	0	0	0	0	0	0	0	0	0	0	0	0	1	0	0	0	0	0	0	0	0
83010125	普罗·克洛托的灵魂	1	0	0	0	15000	40000	8	99999999	1	“普罗·克洛托的灵魂”复活了	0	0	0	4	3000	5	1200	90	0	0	0	0	0	200	20	0	1	1	1	0	1	9999999	0	0	0	20	10	95110523	50	100	1	95110501	100	100	1	0	0	0	0	0	0	0	0	0	0	0	0	1	0	0	0	0	0	0	0	0	0	0	0	0	0	0	0	0	0	0	0	0	0	0	0	0	0	1	0	0	0	0	0	0	0	0
83010126	怪异食人花	1	0	0	0	15000	40000	8	99999999	1	“怪异的食人花”复活了	0	0	0	4	3000	5	1200	90	0	0	0	0	0	200	20	0	1	1	1	0	1	9999999	0	0	0	20	10	95110547	50	100	1	95110523	100	100	1	0	0	0	0	0	0	0	0	0	0	0	0	1	0	0	0	0	0	0	0	0	0	0	0	0	0	0	0	0	0	0	0	0	0	0	0	0	0	1	0	0	0	0	0	0	0	0
80020010	王者之殿不移动会反击	1	0	0	0	1000	1000	0	99999999	0	0	0	0	0	0	0	10	0	0	2	0	0	0	0	500	200	0	0	0	0	1	0	0	0	0	0	0	0	0	0	0	0	0	0	0	0	0	0	0	0	0	0	0	0	0	0	0	0	0	0	0	0	0	0	850001	100	850004	100	850005	100	0	0	0	0	0	0	0	0	0	0	0	0	0	0	0	0	0	0	0	0	0	0	0
80020011	王者之殿牛头	1	0	0	0	1000	1000	0	99999999	0	0	0	0	0	0	0	10	0	0	2	0	0	0	0	500	10	1	1	0	0	1	0	0	0	0	0	0	0	0	0	0	0	0	0	0	0	0	0	0	0	0	0	0	0	0	0	0	0	0	0	0	0	0	0	850001	100	850004	100	850005	100	0	0	0	0	0	0	0	0	0	0	0	0	0	0	0	0	0	0	0	0	0	0	0
80000081	地狱星	1	0	0	0	40000	55000	4	99999999	0		0	0	0	5	2000	6	4000	70	0	0	0	0	0	200	20	0	0	1	1	0	1	200	0	0	0	15	10	95120081	100	100	1	0	0	0	0	0	0	0	0	0	0	0	0	0	0	0	0	0	0	0	0	2000	5	0	0	0	0	0	0	0	0	0	0	0	0	0	0	0	0	0	0	0	0	1	1	1	1	1	1	1	1	1
80000082	地狱星	1	0	0	0	40000	55000	4	99999999	0		0	0	0	5	2000	6	4000	70	0	0	0	0	0	200	20	0	0	1	1	0	1	200	0	0	0	15	10	95120082	100	100	1	0	0	0	0	0	0	0	0	0	0	0	0	0	0	0	0	0	0	0	0	2000	5	0	0	0	0	0	0	0	0	0	0	0	0	0	0	0	0	0	0	0	0	1	1	1	1	1	1	1	1	1
80000083	魔域妖草	1	0	0	0	40000	55000	4	99999999	0		0	0	0	5	2000	6	4000	70	0	0	0	0	0	200	20	0	0	1	1	0	1	200	0	0	0	15	10	95120083	100	100	1	0	0	0	0	0	0	0	0	0	0	0	0	0	0	0	0	0	0	0	0	2000	5	0	0	0	0	0	0	0	0	0	0	0	0	0	0	0	0	0	0	0	0	1	1	1	1	1	1	1	1	1
80000084	魔域妖草	1	0	0	0	40000	55000	4	99999999	0		0	0	0	5	2000	6	4000	70	0	0	0	0	0	200	20	0	0	1	1	0	1	200	0	0	0	15	10	95120084	100	100	1	0	0	0	0	0	0	0	0	0	0	0	0	0	0	0	0	0	0	0	0	2000	5	0	0	0	0	0	0	0	0	0	0	0	0	0	0	0	0	0	0	0	0	1	1	1	1	1	1	1	1	1
80000085	多目邪眼	1	0	0	0	40000	55000	4	99999999	0		0	0	0	5	2000	6	4000	70	0	0	0	0	0	200	20	0	0	1	1	0	1	200	0	0	0	15	10	95120085	100	100	1	0	0	0	0	0	0	0	0	0	0	0	0	0	0	0	0	0	0	0	0	2000	5	0	0	0	0	0	0	0	0	0	0	0	0	0	0	0	0	0	0	0	0	1	1	1	1	1	1	1	1	1
80000086	多目邪眼	1	0	0	0	40000	55000	4	99999999	0		0	0	0	5	2000	6	4000	70	0	0	0	0	0	200	20	0	0	1	1	0	1	200	0	0	0	15	10	95120086	100	100	1	0	0	0	0	0	0	0	0	0	0	0	0	0	0	0	0	0	0	0	0	2000	5	0	0	0	0	0	0	0	0	0	0	0	0	0	0	0	0	0	0	0	0	1	1	1	1	1	1	1	1	1
80000087	梦魇	1	0	0	0	40000	55000	4	99999999	0		0	0	0	5	2000	6	4000	70	0	0	0	0	0	200	20	0	0	1	1	0	1	200	0	0	0	15	10	95120087	100	100	1	0	0	0	0	0	0	0	0	0	0	0	0	0	0	0	0	0	0	0	0	2000	5	0	0	0	0	0	0	0	0	0	0	0	0	0	0	0	0	0	0	0	0	1	1	1	1	1	1	1	1	1
80000088	梦魇	1	0	0	0	40000	55000	4	99999999	0		0	0	0	5	2000	6	4000	70	0	0	0	0	0	200	20	0	0	1	1	0	1	200	0	0	0	15	10	95120088	100	100	1	0	0	0	0	0	0	0	0	0	0	0	0	0	0	0	0	0	0	0	0	2000	5	0	0	0	0	0	0	0	0	0	0	0	0	0	0	0	0	0	0	0	0	1	1	1	1	1	1	1	1	1
80000089	原生兽人	1	0	0	0	40000	55000	4	99999999	0		0	0	0	5	2000	6	4000	70	0	0	0	0	0	200	20	0	0	1	1	0	1	200	0	0	0	15	10	95120089	100	100	1	0	0	0	0	0	0	0	0	0	0	0	0	0	0	0	0	0	0	0	0	2000	5	0	0	0	0	0	0	0	0	0	0	0	0	0	0	0	0	0	0	0	0	1	1	1	1	1	1	1	1	1
80000090	原生兽人	1	0	0	0	40000	55000	4	99999999	0		0	0	0	5	2000	6	4000	70	0	0	0	0	0	200	20	0	0	1	1	0	1	200	0	0	0	15	10	95120090	100	100	1	0	0	0	0	0	0	0	0	0	0	0	0	0	0	0	0	0	0	0	0	2000	5	0	0	0	0	0	0	0	0	0	0	0	0	0	0	0	0	0	0	0	0	1	1	1	1	1	1	1	1	1
80000091	死亡精灵	1	0	0	0	40000	55000	4	99999999	0		0	0	0	5	2000	6	4000	70	0	0	0	0	0	200	20	0	0	1	1	0	1	200	0	0	0	15	10	95120091	100	100	1	0	0	0	0	0	0	0	0	0	0	0	0	0	0	0	0	0	0	0	0	2000	5	0	0	0	0	0	0	0	0	0	0	0	0	0	0	0	0	0	0	0	0	1	1	1	1	1	1	1	1	1
80000092	死亡精灵	1	0	0	0	40000	55000	4	99999999	0		0	0	0	5	2000	6	4000	70	0	0	0	0	0	200	20	0	0	1	1	0	1	200	0	0	0	15	10	95120092	100	100	1	0	0	0	0	0	0	0	0	0	0	0	0	0	0	0	0	0	0	0	0	2000	5	0	0	0	0	0	0	0	0	0	0	0	0	0	0	0	0	0	0	0	0	1	1	1	1	1	1	1	1	1
80000093	恶魔守卫	1	0	0	0	40000	55000	4	99999999	0		0	0	0	5	2000	6	4000	70	0	0	0	0	0	200	20	0	0	1	1	0	1	200	0	0	0	15	10	95120093	100	100	1	0	0	0	0	0	0	0	0	0	0	0	0	0	0	0	0	0	0	0	0	2000	5	0	0	0	0	0	0	0	0	0	0	0	0	0	0	0	0	0	0	0	0	1	1	1	1	1	1	1	1	1
80000094	恶灵之火	1	0	0	0	40000	55000	4	99999999	0		0	0	0	5	2000	6	4000	70	0	0	0	0	0	200	20	0	0	1	1	0	1	200	0	0	0	15	10	95120094	100	100	1	0	0	0	0	0	0	0	0	0	0	0	0	0	0	0	0	0	0	0	0	2000	5	0	0	0	0	0	0	0	0	0	0	0	0	0	0	0	0	0	0	0	0	1	1	1	1	1	1	1	1	1
80000095	魔域石灵	1	0	0	0	40000	55000	4	99999999	0		0	0	0	5	2000	6	4000	70	0	0	0	0	0	200	20	0	0	1	1	0	1	200	0	0	0	15	10	95120095	100	100	1	0	0	0	0	0	0	0	0	0	0	0	0	0	0	0	0	0	0	0	0	2000	5	0	0	0	0	0	0	0	0	0	0	0	0	0	0	0	0	0	0	0	0	1	1	1	1	1	1	1	1	1
83010219	医师·林肯	0	1	1	0	0	0	0	0	1	“医师·林肯”已前来帮助您，他将沿途为你提供治疗。	0	0	0	0	0	14	200	100	0	0	0	0	0	200	200	0	0	1	0	0	1	9999999	0	0	0	100	100	95100001	100	100	0	0	0	0	0	0	0	0	0	0	0	0	0	0	0	0	0	1	0	0	0	3000	2	850001	100	850004	100	850005	100	850016	100	850017	100	850019	100	851001	100	851002	100	851003	100	0	0	1	0	0	0	0	0	0	0	0
83010220	地底吞噬者	1	0	0	0	0	0	0	0	0	0	0	0	0	0	0	7	200	100	0	0	0	0	0	200	20	0	0	0	1	1	1	15	0	0	0	15	10	95100002	100	100	0	0	0	0	0	0	0	0	0	0	0	0	0	0	0	0	0	1	0	0	0	3000	2	0	0	0	0	0	0	0	0	0	0	0	0	0	0	0	0	0	0	0	0	1	0	0	0	0	0	0	0	0
83010221	地底吞噬者头领	1	0	0	0	0	0	0	0	0	0	0	0	0	0	0	7	200	100	0	0	0	0	0	200	20	0	0	0	1	1	1	15	0	0	0	30	10	95100002	25	100	0	95110523	50	100	0	95110546	100	100	0	0	0	0	0	0	0	0	0	1	0	0	0	3000	2	0	0	0	0	0	0	0	0	0	0	0	0	0	0	0	0	0	0	0	0	1	0	0	0	0	0	0	0	0
83010127	兽人弓箭手	1	0	0	0	10000	20000	3	3	0	0	0	0	0	5	2000	6	200	70	0	1	0	0	0	200	10	0	0	0	1	1	1	15	0	0	0	30	0	95110550	50	100	1	0	0	0	0	0	0	0	0	0	0	0	0	0	0	0	0	0	0	0	0	0	0	0	0	0	0	0	0	0	0	0	0	0	0	0	0	0	0	0	0	0	0	1	0	0	0	0	0	0	0	0
83010128	兽人刀盾手	1	0	0	0	10000	20000	3	3	0	0	0	0	0	5	2000	6	200	70	0	1	0	0	0	200	10	0	0	0	1	1	1	15	0	0	0	30	0	95110551	50	100	1	0	0	0	0	0	0	0	0	0	0	0	0	0	0	0	0	0	0	0	0	0	0	0	0	0	0	0	0	0	0	0	0	0	0	0	0	0	0	0	0	0	0	1	0	0	0	0	0	0	0	0
83010129	兽人精英	1	0	0	0	0	0	0	0	0	0	0	0	0	5	2000	10	200	100	0	1	0	0	0	200	10	0	0	0	1	1	1	15	0	0	0	50	0	95110552	50	100	1	0	0	0	0	0	0	0	0	0	0	0	0	0	0	0	0	0	0	0	0	0	0	0	0	0	0	0	0	0	0	0	0	0	0	0	0	0	0	0	0	0	0	1	0	0	0	0	0	0	0	0
83010130	施瓦新格	1	0	0	0	0	0	0	0	0	0	0	0	0	5	2000	10	200	100	0	1	0	0	0	200	24	0	1	0	1	1	1	15	0	0	0	60	0	95110553	50	100	1	95110554	100	100	1	0	0	0	0	0	0	0	0	0	0	0	0	20000	0	0	0	0	0	850001	30	850004	30	850005	30	850016	30	850017	30	850019	30	851001	100	851002	100	851003	100	0	0	1	0	0	0	0	0	0	0	0
83010131	战斗祭司	1	0	0	0	0	0	0	0	0	0	0	0	0	0	0	6	200	70	0	0	0	0	0	200	0	0	0	0	0	0	0	0	0	0	0	100	0	95110555	50	100	1	95110556	100	100	1	0	0	0	0	0	0	0	0	0	0	0	0	0	0	0	0	0	0	850001	100	850004	100	850005	100	850016	100	850017	100	850019	100	851001	100	851002	100	851003	100	0	0	1	0	0	0	0	0	0	0	0
83010132	邪恶祭司	0	0	0	10	0	0	0	0	0	0	0	0	0	5	2000	6	200	70	0	0	0	0	0	200	10	0	0	0	0	0	1	15	0	0	0	30	0	95110557	50	100	1	0	0	0	0	0	0	0	0	0	0	0	0	0	0	0	0	0	0	0	0	0	0	0	0	0	0	0	0	0	0	0	0	0	0	0	0	0	0	0	0	0	0	1	0	0	0	0	0	0	0	0
83010133	守卫剑士	0	0	0	10	0	0	0	0	0	0	0	0	0	5	2000	6	200	70	0	0	0	0	0	200	10	0	0	0	0	0	1	15	0	0	0	30	0	95110558	50	100	1	0	0	0	0	0	0	0	0	0	0	0	0	0	0	0	0	0	0	0	0	0	0	0	0	0	0	0	0	0	0	0	0	0	0	0	0	0	0	0	0	0	0	1	0	0	0	0	0	0	0	0
83010134	皇家护卫	0	0	0	10	0	0	0	0	0	0	0	0	0	5	2000	6	200	70	0	0	0	0	0	200	10	0	0	0	0	0	1	15	0	0	0	50	0	95110559	50	100	1	0	0	0	0	0	0	0	0	0	0	0	0	0	0	0	0	0	0	0	0	0	0	0	0	0	0	0	0	0	0	0	0	0	0	0	0	0	0	0	0	0	0	1	0	0	0	0	0	0	0	0
83010135	梅迪乌斯	0	0	0	10	0	0	0	0	1	“梅迪乌斯”带着他军队，把这里包围了。	0	0	0	5	2000	10	200	100	0	0	0	0	0	200	30	0	0	0	0	0	1	9999999	0	0	0	60	0	95110560	50	100	1	95110561	100	100	1	0	0	0	0	0	0	0	0	0	0	0	0	0	0	0	0	0	0	0	0	0	0	0	0	0	0	0	0	0	0	0	0	0	0	0	0	0	0	1	0	0	0	0	0	0	0	0
83010136	雕像化神	0	0	0	10	0	0	0	0	0	0	0	0	0	0	2000	12	1200	100	0	0	0	0	0	200	11	0	0	0	0	0	0	0	0	0	0	100	100	95110564	100	100	1	0	0	0	0	0	0	0	0	0	0	0	0	0	0	0	0	0	0	0	0	0	0	850001	100	850004	100	850005	100	850016	100	850017	100	850019	100	851001	100	851002	100	851003	100	0	0	1	0	0	0	0	0	0	0	0
83010137	雕像治愈	0	0	0	10	0	0	0	0	0	0	0	0	0	0	2000	13	1200	100	0	0	0	0	0	200	13	0	0	0	0	0	0	0	0	0	0	100	100	95110562	100	100	1	0	0	0	0	0	0	0	0	0	0	0	0	0	0	0	0	0	0	0	0	0	0	850001	100	850004	100	850005	100	850016	100	850017	100	850019	100	851001	100	851002	100	851003	100	0	0	1	0	0	0	0	0	0	0	0
83010138	雕像神化	0	0	0	10	0	0	0	0	0	0	0	0	0	0	2000	14	1200	100	0	0	0	0	0	200	14	0	0	0	0	0	0	0	0	0	0	100	100	95110563	100	100	1	0	0	0	0	0	0	0	0	0	0	0	0	0	0	0	0	0	0	0	0	0	0	850001	100	850004	100	850005	100	850016	100	850017	100	850019	100	851001	100	851002	100	851003	100	0	0	1	0	0	0	0	0	0	0	0
83010139	5格主动攻击多目怪	1	0	0	0	0	0	0	0	0	0	0	0	0	5	5000	5	1000	70	0	1	0	0	2	800	10	0	0	0	1	0	1	7	0	0	0	0	0	0	0	0	1	0	0	0	1	0	0	0	1	0	0	0	1	0	0	0	1	1	0	0	8	3000	5	0	0	0	0	0	0	0	0	0	0	0	0	0	0	0	0	0	0	0	0	0	0	0	0	0	0	0	0	0
83010140	圣诞小偷	1	0	0	0	60000	70000	6	99999999	0	0	0	0	0	100	200	6	200	100	0	0	0	0	0	200	300	0	0	1	1	1	1	9999999	0	0	0	0	0	0	0	0	0	0	0	0	0	0	0	0	0	0	0	0	0	0	0	0	0	0	280	300	500	200	100	850001	100	850004	100	850005	100	850016	100	850017	100	850019	100	0	0	0	0	0	0	0	0	0	0	0	0	0	0	0	0	0
83010141	圣诞小偷	1	0	0	0	60000	70000	6	99999999	0	0	0	0	0	100	200	6	200	100	0	0	0	0	0	200	300	0	0	1	1	1	1	9999999	0	0	0	0	0	0	0	0	0	0	0	0	0	0	0	0	0	0	0	0	0	0	0	0	0	0	280	300	500	200	100	850001	100	850004	100	850005	100	850016	100	850017	100	850019	100	0	0	0	0	0	0	0	0	0	0	0	0	0	0	0	0	0
83010142	圣诞小偷头领	1	0	0	0	864000	864000	200	700	2	圣诞小偷头领在“1号圣诞之乡”出现了！它的脖子上挂着“圣诞星星”哦。	0	0	0	100	200	10	200	100	0	0	0	0	0	200	300	0	0	1	1	1	1	9999999	0	0	0	0	0	0	0	0	0	0	0	0	0	0	0	0	0	0	0	0	0	0	0	0	0	0	1000	0	500	200	100	850001	100	850004	100	850005	100	850016	100	850017	100	850019	100	0	0	0	0	0	0	0	0	0	0	0	0	0	0	0	0	0
83010143	圣诞小偷头领	1	0	0	0	864000	864000	200	700	2	圣诞小偷头领在“2号圣诞之乡”出现了！它的脖子上挂着“圣诞星星”哦。	0	0	0	100	200	10	200	100	0	0	0	0	0	200	300	0	0	1	1	1	1	9999999	0	0	0	0	0	0	0	0	0	0	0	0	0	0	0	0	0	0	0	0	0	0	0	0	0	0	1000	0	500	200	100	850001	100	850004	100	850005	100	850016	100	850017	100	850019	100	0	0	0	0	0	0	0	0	0	0	0	0	0	0	0	0	0
83010144	圣诞小偷头领	1	0	0	0	864000	864000	200	700	2	圣诞小偷头领在“3号圣诞之乡”出现了！它的脖子上挂着“圣诞星星”哦。	0	0	0	100	200	10	200	100	0	0	0	0	0	200	300	0	0	1	1	1	1	9999999	0	0	0	0	0	0	0	0	0	0	0	0	0	0	0	0	0	0	0	0	0	0	0	0	0	0	1000	0	500	200	100	850001	100	850004	100	850005	100	850016	100	850017	100	850019	100	0	0	0	0	0	0	0	0	0	0	0	0	0	0	0	0	0
83010145	肉肉大兵	1	0	0	0	200	200	0	99999999	0	0	0	0	0	0	0	0	0	0	0	0	0	0	0	0	0	0	0	0	0	0	0	0	0	0	0	0	0	0	0	0	0	0	0	0	0	0	0	0	0	0	0	0	0	0	0	0	0	0	0	0	0	200	100	850001	100	850004	100	850005	100	850016	100	850017	100	850019	100	851001	100	851002	100	851003	100	0	0	0	0	0	0	0	0	0	0	0
83010146	粉色肉肉	1	0	0	0	3600000	7200000	200	99999999	2	粉色肉肉带着肉肉国王的奖品，出现在迷宫中，玩家可以找贝伦城的肉肉首相进入。	0	0	0	0	0	0	0	0	0	0	0	0	0	0	0	0	0	0	0	0	0	0	0	0	0	0	0	0	0	0	0	0	0	0	0	0	0	0	0	0	0	0	0	0	0	0	0	0	12	0	500	3000	100	850001	100	850004	100	850005	100	850016	100	850017	100	850019	100	851001	100	851002	100	851003	100	0	0	0	0	0	0	0	0	0	0	0
80010221	攻城BOSS	1	0	0	0	90000000	93600000	0	99999999	2	凶残的杀戮魔在在塔魔尼地宫六层出现啦，勇士们快去击杀吧~	0	0	0	5	2000	8	200	100	0	1	0	1	1	200	200	0	1	0	1	1	1	15	0	0	0	60	5	95110301	40	100	2	95110302	80	100	4	95110303	90	30	7	95110304	95	30	1	95110100	100	100	1	0	0	0	0	200	10	850003	80	0	0	0	0	0	0	0	0	0	0	0	0	0	0	0	0	0	0	1	1	12	15	12	60	80	50	50
