긍뵀	츰俚	陋구矜헹된섬	陋구틔醴	냥묘섯쪽	냥묘빈괏즛된섬섯쪽	냥묘빈슉돕0섬섯쪽	냥묘빈踞샙슉섬섯쪽	呵겨빈슉섬섯쪽	呵겨빈슉돕0섬섯쪽	呵겨빈句呵섯쪽
id	name	requiredLevel	quality	successRate	keepLevelRate	clearLevelRate1	randomDropRate1	randomDropRate2	clearLevelRate2	destroyRate
10011	12섬겜쫄	12	0	10000	1000	7000	10000	4000	9500	10000
10012	12섬쫄융	12	1	5000	1000	7000	10000	3500	9000	10000
10013	12섬융凜	12	2	2500	500	8500	10000	2500	8000	10000
10014	12섬凜냠	12	3	1000	100	9100	10000	500	6000	10000
10021	24섬겜쫄	24	0	10000	1000	7000	10000	4000	9300	10000
10022	24섬쫄융	24	1	5000	1000	7000	10000	3400	8700	10000
10023	24섬융凜	24	2	2500	500	8500	10000	2200	7500	10000
10024	24섬凜냠	24	3	1000	100	9100	10000	200	5500	10000
10031	36섬겜쫄	36	0	10000	1000	7000	10000	4300	9100	10000
10032	36섬쫄융	36	1	5000	1000	7000	10000	3600	8400	10000
10033	36섬융凜	36	2	1000	100	9100	10000	2200	7000	10000
10034	36섬凜냠	36	3	200	50	9050	10000	200	5000	10000
10041	48섬겜쫄	48	0	9000	1000	7000	10000	4600	8900	10000
10042	48섬쫄융	48	1	1000	500	7500	10000	3800	8100	10000
10043	48섬융凜	48	2	100	100	9100	10000	2200	6500	10000
10044	48섬凜냠	48	3	10	50	9050	10000	200	4500	10000
10051	60섬겜쫄	60	0	9000	800	7800	10000	3800	8700	10000
10052	60섬쫄융	60	1	1000	400	7900	10000	3000	7900	10000
10053	60섬융凜	60	2	100	100	9100	10000	2100	6000	10000
10054	60섬凜냠	60	3	10	50	9550	10000	100	4000	10000
10061	72섬겜쫄	72	0	7500	500	8000	10000	3600	8500	10000
10062	72섬쫄융	72	1	750	200	8200	10000	2800	7700	10000
10063	72섬융凜	72	2	50	50	9050	10000	2100	5500	10000
10064	72섬凜냠	72	3	5	30	9530	10000	100	3500	10000
10071	84섬겜쫄	84	0	7500	200	8200	10000	3350	8300	10000
10072	84섬쫄융	84	1	750	100	8600	10000	2550	7500	10000
10073	84섬융凜	84	2	50	50	9050	10000	2050	5000	10000
10074	84섬凜냠	84	3	5	30	9530	10000	50	3000	10000
10081	96섬겜쫄	96	0	6000	100	8600	10000	3650	8100	10000
10082	96섬쫄융	96	1	300	50	9050	10000	2750	7200	10000
10083	96섬융凜	96	2	20	30	9530	10000	2050	4500	10000
10084	96섬凜냠	96	3	2	10	9710	10000	50	2500	10000
10091	108섬겜쫄	108	0	6000	50	9050	10000	3910	7900	10000
10092	108섬쫄융	108	1	300	30	9530	10000	2910	6900	10000
10093	108섬융凜	108	2	20	10	9710	10000	2010	4000	10000
10094	108섬凜냠	108	3	2	10	9710	10000	10	2000	10000
10101	120섬겜쫄	120	0	5000	30	9530	10000	4210	7700	10000
10102	120섬쫄융	120	1	100	10	9710	10000	3110	6600	10000
10103	120섬융凜	120	2	7	5	9905	10000	2010	3500	10000
10104	120섬凜냠	120	3	1	5	9905	10000	10	1500	10000
11011	18겜쫄	18	0	10000	1000	7000	10000	4000	9300	10000
11012	18쫄융	18	1	5000	1000	7000	10000	3400	8700	10000
11021	30겜쫄	30	0	10000	1000	7000	10000	4300	9100	10000
11022	30쫄융	30	1	5000	1000	7000	10000	3600	8400	10000
11031	42겜쫄	42	0	9000	1000	7000	10000	4600	8900	10000
11032	42쫄융	42	1	1000	500	7500	10000	3800	8100	10000
11041	54겜쫄	54	0	9000	800	7800	10000	3800	8700	10000
11042	54쫄융	54	1	1000	400	7900	10000	3000	7900	10000
11051	66겜쫄	66	0	7500	500	8000	10000	3600	8500	10000
11052	66쫄융	66	1	750	200	8200	10000	2800	7700	10000
11061	78겜쫄	78	0	7500	200	8200	10000	3350	8300	10000
11062	78쫄융	78	1	750	100	8600	10000	2550	7500	10000
11071	90겜쫄	90	0	6000	100	8600	10000	3650	8100	10000
11072	90쫄융	90	1	300	50	9050	10000	2750	7200	10000
11081	102겜쫄	102	0	6000	50	9050	10000	3910	7900	10000
11082	102쫄융	102	1	300	30	9530	10000	2910	6900	10000
11091	114겜쫄	114	0	5000	30	9530	10000	4210	7700	10000
11092	114쫄융	114	1	100	10	9710	10000	3110	6600	10000
11101	119겜쫄	119	0	5000	30	9530	10000	4210	7700	10000
11102	119쫄융	119	1	100	10	9710	10000	3110	6600	10000
