编号	名字	等级需求	光影等级	图标	品质	金币	元宝	功能描述	攻击距离增加	描述	升等费用	精炼几率	精炼费用	升级费用	种族要求	武器攻击附加状态	状态产生几率	最小物理攻击	最大物理攻击	最小魔法攻击	最大魔法攻击	增加攻击时间	增加攻击间隔	增加攻击命中	双倍攻击几率	附加最小物理攻击	附加最大物理攻击	附加最小魔法攻击	附加最大魔法攻击	物攻加成（等级）	物攻加成（强壮）	物攻加成（敏捷）	物攻加成（智慧）	魔攻加成（等级）	魔攻加成（强壮）	魔攻加成（敏捷）	魔攻加成（智慧）
id	name	requiredLevel	haloIndex	icon	quality	moneyCost	treasureCost	functionDesc	attackRange	description	increaseCost	refineRate	refineCost	upgradeCost	requiredRace	attachedFightState	fightStateRate	minPhysicalDamage	maxPhysicalDamage	minMagicDamage	maxMagicDamage	attackTime	attackDelay	hittingAbility	doubleDamageRate	extraMinPhysicalDamage	extraMaxPhysicalDamage	extraMinMagicDamage	extraMaxMagicDamage	pdLevelFactor	pdStrengthFactor	pdDexterityFactor	pdWisdomFactor	mdLevelFactor	mdStrengthFactor	mdDexterityFactor	mdWisdomFactor
1210000100	短木弓	0	0	1	0	9	0		0	很一般的木制弓箭	0	0	0	0	0	0	0	38	48	8	12	-500	-500	3	0	0	0	0	0	0	0	0	0	0	0	0	0
1210000101	短木弓+1	0	0	1	0	9	0		0	很一般的木制弓箭	0	0	0	0	0	0	0	62	72	16	20	-500	-500	4	0	0	0	0	0	0	0	0	0	0	0	0	0
1210000102	短木弓+2	0	0	1	0	9	0		0	很一般的木制弓箭	0	0	0	0	0	0	0	86	96	24	28	-500	-500	5	0	0	0	0	0	0	0	0	0	0	0	0	0
1210000103	短木弓+3	0	0	1	0	9	0		0	很一般的木制弓箭	0	0	0	0	0	0	0	110	120	32	36	-500	-500	6	0	0	0	0	0	0	0	0	0	0	0	0	0
1210000104	短木弓+4	0	0	1	0	9	0		0	很一般的木制弓箭	0	0	0	0	0	0	0	134	144	40	44	-500	-500	7	0	0	0	0	0	0	0	0	0	0	0	0	0
1210000105	短木弓+5	0	0	1	0	9	0		0	很一般的木制弓箭	0	0	0	0	0	0	0	158	168	48	52	-500	-500	8	0	0	0	0	0	0	0	0	0	0	0	0	0
1210000106	短木弓+6	0	0	1	0	9	0		0	很一般的木制弓箭	0	0	0	0	0	0	0	182	192	56	60	-500	-500	9	0	0	0	0	0	0	0	0	0	0	0	0	0
1210000107	短木弓+7	0	0	1	0	9	0		0	很一般的木制弓箭	0	0	0	0	0	0	0	206	216	64	68	-500	-500	10	0	0	0	0	0	0	0	0	0	0	0	0	0
1210000108	短木弓+8	0	0	1	0	9	0		0	很一般的木制弓箭	0	0	0	0	0	0	0	230	240	72	76	-500	-500	11	0	0	0	0	0	0	0	0	0	0	0	0	0
1210000109	短木弓+9	0	0	1	0	9	0		0	很一般的木制弓箭	0	0	0	0	0	0	0	254	264	80	84	-500	-500	12	0	0	0	0	0	0	0	0	0	0	0	0	0
1210000110	短木弓+10	0	0	1	0	9	0		0	很一般的木制弓箭	0	0	0	0	0	0	0	278	288	88	92	-500	-500	13	0	0	0	0	0	0	0	0	0	0	0	0	0
1210000200	硬弓	12	0	2	0	2000	0		0	用比较好材料打造的弓箭	500	0	0	0	0	0	0	172	230	42	56	-500	-500	6	1	0	0	0	0	0	0	0	0	0	0	0	0
1210000201	硬弓+1	12	0	2	0	2000	0		0	用比较好材料打造的弓箭	600	0	0	0	0	0	0	196	254	50	64	-500	-500	7	1	0	0	0	0	0	0	0	0	0	0	0	0
1210000202	硬弓+2	12	0	2	0	2000	0		0	用比较好材料打造的弓箭	700	0	0	0	0	0	0	220	278	58	72	-500	-500	8	1	0	0	0	0	0	0	0	0	0	0	0	0
1210000203	硬弓+3	12	0	2	0	2000	0		0	用比较好材料打造的弓箭	800	10000	500	0	0	0	0	244	302	66	80	-500	-500	9	1	0	0	0	0	0	0	0	0	0	0	0	0
1210000204	硬弓+4	12	0	2	0	2000	0		0	用比较好材料打造的弓箭	900	10000	500	0	0	0	0	268	326	74	88	-500	-500	10	1	0	0	0	0	0	0	0	0	0	0	0	0
1210000205	硬弓+5	12	0	2	0	2000	0		0	用比较好材料打造的弓箭	1000	10000	500	0	0	0	0	292	350	82	96	-500	-500	11	1	0	0	0	0	0	0	0	0	0	0	0	0
1210000206	硬弓+6	12	0	2	0	2000	0		0	用比较好材料打造的弓箭	1100	10000	500	0	0	0	0	316	374	90	104	-500	-500	12	1	0	0	0	0	0	0	0	0	0	0	0	0
1210000207	硬弓+7	12	0	2	0	2000	0		0	用比较好材料打造的弓箭	1200	10000	500	0	0	0	0	340	398	98	112	-500	-500	13	1	0	0	0	0	0	0	0	0	0	0	0	0
1210000208	硬弓+8	12	0	2	0	2000	0		0	用比较好材料打造的弓箭	1300	10000	500	0	0	0	0	364	422	106	120	-500	-500	14	1	0	0	0	0	0	0	0	0	0	0	0	0
1210000209	硬弓+9	12	0	2	0	2000	0		0	用比较好材料打造的弓箭	1400	10000	500	0	0	0	0	388	446	114	128	-500	-500	15	1	0	0	0	0	0	0	0	0	0	0	0	0
1210000210	硬弓+10	12	0	2	0	2000	0		0	用比较好材料打造的弓箭	0	10000	500	0	0	0	0	412	470	122	136	-500	-500	16	1	0	0	0	0	0	0	0	0	0	0	0	0
1210010200	精品硬弓	12	0	2	1	2000	0		0	用比较好材料打造的弓箭	500	0	0	0	0	0	0	172	230	42	56	-500	-500	6	1	21	28	0	0	0	0	0	0	0	0	0	0
1210010201	精品硬弓+1	12	0	2	1	2000	0		0	用比较好材料打造的弓箭	600	0	0	0	0	0	0	196	254	50	64	-500	-500	7	1	24	31	0	0	0	0	0	0	0	0	0	0
1210010202	精品硬弓+2	12	0	2	1	2000	0		0	用比较好材料打造的弓箭	700	0	0	0	0	0	0	220	278	58	72	-500	-500	8	1	27	34	0	0	0	0	0	0	0	0	0	0
1210010203	精品硬弓+3	12	1	2	1	2000	0		0	用比较好材料打造的弓箭	800	0	0	0	0	0	0	244	302	66	80	-500	-500	9	1	30	37	0	0	0	0	0	0	0	0	0	0
1210010204	精品硬弓+4	12	1	2	1	2000	0		0	用比较好材料打造的弓箭	900	5000	1000	0	0	0	0	268	326	74	88	-500	-500	10	1	33	40	0	0	0	0	0	0	0	0	0	0
1210010205	精品硬弓+5	12	2	2	1	2000	0		0	用比较好材料打造的弓箭	1000	6000	1000	0	0	0	0	292	350	82	96	-500	-500	11	1	36	43	0	0	0	0	0	0	0	0	0	0
1210010206	精品硬弓+6	12	2	2	1	2000	0		0	用比较好材料打造的弓箭	1100	7000	1000	0	0	0	0	316	374	90	104	-500	-500	12	1	39	46	0	0	0	0	0	0	0	0	0	0
1210010207	精品硬弓+7	12	2	2	1	2000	0		0	用比较好材料打造的弓箭	1200	8000	1000	0	0	0	0	340	398	98	112	-500	-500	13	1	42	49	0	0	0	0	0	0	0	0	0	0
1210010208	精品硬弓+8	12	3	2	1	2000	0		0	用比较好材料打造的弓箭	1300	9000	1000	0	0	0	0	364	422	106	120	-500	-500	14	1	45	52	0	0	0	0	0	0	0	0	0	0
1210010209	精品硬弓+9	12	3	2	1	2000	0		0	用比较好材料打造的弓箭	1400	10000	1000	0	0	0	0	388	446	114	128	-500	-500	15	1	48	55	0	0	0	0	0	0	0	0	0	0
1210010210	精品硬弓+10	12	4	2	1	2000	0		0	用比较好材料打造的弓箭	0	10000	1000	0	0	0	0	412	470	122	136	-500	-500	16	1	51	58	0	0	0	0	0	0	0	0	0	0
1210020200	极品硬弓	12	0	2	2	2000	0		0	用比较好材料打造的弓箭	500	0	0	0	0	0	0	172	230	42	56	-500	-500	6	1	21	28	5	7	2	0	0	0	2	0	0	0
1210020201	极品硬弓+1	12	0	2	2	2000	0		0	用比较好材料打造的弓箭	600	0	0	0	0	0	0	196	254	50	64	-500	-500	7	1	24	31	6	8	2	0	0	0	2	0	0	0
1210020202	极品硬弓+2	12	0	2	2	2000	0		0	用比较好材料打造的弓箭	700	0	0	0	0	0	0	220	278	58	72	-500	-500	8	1	27	34	7	9	2	0	0	0	2	0	0	0
1210020203	极品硬弓+3	12	2	2	2	2000	0		0	用比较好材料打造的弓箭	800	0	0	0	0	0	0	244	302	66	80	-500	-500	9	1	30	37	8	10	2	0	0	0	2	0	0	0
1210020204	极品硬弓+4	12	2	2	2	2000	0		0	用比较好材料打造的弓箭	900	0	0	0	0	0	0	268	326	74	88	-500	-500	10	1	33	40	9	11	2	0	0	0	2	0	0	0
1210020205	极品硬弓+5	12	3	2	2	2000	0		0	用比较好材料打造的弓箭	1000	2500	1500	0	0	0	0	292	350	82	96	-500	-500	11	1	36	43	10	12	2	0	0	0	2	0	0	0
1210020206	极品硬弓+6	12	3	2	2	2000	0		0	用比较好材料打造的弓箭	1100	3500	1500	0	0	0	0	316	374	90	104	-500	-500	12	1	39	46	11	13	2	0	0	0	2	0	0	0
1210020207	极品硬弓+7	12	3	2	2	2000	0		0	用比较好材料打造的弓箭	1200	4500	1500	0	0	0	0	340	398	98	112	-500	-500	13	1	42	49	12	14	2	0	0	0	2	0	0	0
1210020208	极品硬弓+8	12	4	2	2	2000	0		0	用比较好材料打造的弓箭	1300	5500	1500	0	0	0	0	364	422	106	120	-500	-500	14	1	45	52	13	15	2	0	0	0	2	0	0	0
1210020209	极品硬弓+9	12	4	2	2	2000	0		0	用比较好材料打造的弓箭	1400	7000	1500	0	0	0	0	388	446	114	128	-500	-500	15	1	48	55	14	16	2	0	0	0	2	0	0	0
1210020210	极品硬弓+10	12	5	2	2	2000	0		0	用比较好材料打造的弓箭	0	10000	1500	0	0	0	0	412	470	122	136	-500	-500	16	1	51	58	15	17	2	0	0	0	2	0	0	0
1210030200	完美硬弓	12	0	2	3	300000	60		0	用比较好材料打造的弓箭	500	0	0	120	0	0	0	172	230	42	56	-500	-500	6	1	21	28	5	7	2	0	10	0	2	0	0	10
1210030201	完美硬弓+1	12	0	2	3	300000	60		0	用比较好材料打造的弓箭	600	0	0	120	0	0	0	196	254	50	64	-500	-500	7	1	24	31	6	8	2	0	10	0	2	0	0	10
1210030202	完美硬弓+2	12	0	2	3	300000	60		0	用比较好材料打造的弓箭	700	0	0	120	0	0	0	220	278	58	72	-500	-500	8	1	27	34	7	9	2	0	10	0	2	0	0	10
1210030203	完美硬弓+3	12	3	2	3	300000	60		0	用比较好材料打造的弓箭	800	0	0	120	0	0	0	244	302	66	80	-500	-500	9	1	30	37	8	10	2	0	10	0	2	0	0	10
1210030204	完美硬弓+4	12	3	2	3	300000	60		0	用比较好材料打造的弓箭	900	0	0	120	0	0	0	268	326	74	88	-500	-500	10	1	33	40	9	11	2	0	10	0	2	0	0	10
1210030205	完美硬弓+5	12	4	2	3	300000	60		0	用比较好材料打造的弓箭	1000	0	0	120	0	0	0	292	350	82	96	-500	-500	11	1	36	43	10	12	2	0	10	0	2	0	0	10
1210030206	完美硬弓+6	12	4	2	3	300000	60		0	用比较好材料打造的弓箭	1100	0	0	120	0	0	0	316	374	90	104	-500	-500	12	1	39	46	11	13	2	0	10	0	2	0	0	10
1210030207	完美硬弓+7	12	4	2	3	300000	60		0	用比较好材料打造的弓箭	1200	1000	2000	120	0	0	0	340	398	98	112	-500	-500	13	1	42	49	12	14	2	0	10	0	2	0	0	10
1210030208	完美硬弓+8	12	5	2	3	300000	60		0	用比较好材料打造的弓箭	1300	1100	2000	120	0	0	0	364	422	106	120	-500	-500	14	1	45	52	13	15	2	0	10	0	2	0	0	10
1210030209	完美硬弓+9	12	5	2	3	300000	60		0	用比较好材料打造的弓箭	1400	1200	2000	120	0	0	0	388	446	114	128	-500	-500	15	1	48	55	14	16	2	0	10	0	2	0	0	10
1210030210	完美硬弓+10	12	6	2	3	300000	60		0	用比较好材料打造的弓箭	0	1300	2000	120	0	0	0	412	470	122	136	-500	-500	16	1	51	58	15	17	2	0	10	0	2	0	0	10
1210040200	神品硬弓	12	0	2	4	500000	100		0	用比较好材料打造的弓箭	500	0	0	200	0	85000501	5	172	230	42	56	-500	-500	6	1	21	28	5	7	2	10	10	10	2	10	10	10
1210040201	神品硬弓+1	12	0	2	4	500000	100		0	用比较好材料打造的弓箭	600	0	0	200	0	85000501	10	196	254	50	64	-500	-500	7	1	24	31	6	8	2	10	10	10	2	10	10	10
1210040202	神品硬弓+2	12	0	2	4	500000	100		0	用比较好材料打造的弓箭	700	0	0	200	0	85000501	15	220	278	58	72	-500	-500	8	1	27	34	7	9	2	10	10	10	2	10	10	10
1210040203	神品硬弓+3	12	4	2	4	500000	100		0	用比较好材料打造的弓箭	800	0	0	200	0	85000501	20	244	302	66	80	-500	-500	9	1	30	37	8	10	2	10	10	10	2	10	10	10
1210040204	神品硬弓+4	12	4	2	4	500000	100		0	用比较好材料打造的弓箭	900	0	0	200	0	85000501	25	268	326	74	88	-500	-500	10	1	33	40	9	11	2	10	10	10	2	10	10	10
1210040205	神品硬弓+5	12	5	2	4	500000	100		0	用比较好材料打造的弓箭	1000	0	0	200	0	85000501	30	292	350	82	96	-500	-500	11	1	36	43	10	12	2	10	10	10	2	10	10	10
1210040206	神品硬弓+6	12	5	2	4	500000	100		0	用比较好材料打造的弓箭	1100	0	0	200	0	85000501	35	316	374	90	104	-500	-500	12	1	39	46	11	13	2	10	10	10	2	10	10	10
1210040207	神品硬弓+7	12	5	2	4	500000	100		0	用比较好材料打造的弓箭	1200	0	0	200	0	85000501	40	340	398	98	112	-500	-500	13	1	42	49	12	14	2	10	10	10	2	10	10	10
1210040208	神品硬弓+8	12	6	2	4	500000	100		0	用比较好材料打造的弓箭	1300	0	0	200	0	85000501	45	364	422	106	120	-500	-500	14	1	45	52	13	15	2	10	10	10	2	10	10	10
1210040209	神品硬弓+9	12	6	2	4	500000	100		0	用比较好材料打造的弓箭	1400	0	0	200	0	85000501	50	388	446	114	128	-500	-500	15	1	48	55	14	16	2	10	10	10	2	10	10	10
1210040210	神品硬弓+10	12	7	2	4	500000	100		0	用比较好材料打造的弓箭	0	0	0	200	0	85000501	55	412	470	122	136	-500	-500	16	1	51	58	15	17	2	10	10	10	2	10	10	10
1210000300	钢弓	24	0	3	0	3000	0		0	用纯钢打造的弓箭	800	0	0	0	0	0	0	316	422	80	104	-500	-500	10	1	0	0	0	0	0	0	0	0	0	0	0	0
1210000301	钢弓+1	24	0	3	0	3000	0		0	用纯钢打造的弓箭	900	0	0	0	0	0	0	342	448	90	114	-500	-500	11	1	0	0	0	0	0	0	0	0	0	0	0	0
1210000302	钢弓+2	24	0	3	0	3000	0		0	用纯钢打造的弓箭	1000	0	0	0	0	0	0	368	474	100	124	-500	-500	12	1	0	0	0	0	0	0	0	0	0	0	0	0
1210000303	钢弓+3	24	0	3	0	3000	0		0	用纯钢打造的弓箭	1100	10000	1500	0	0	0	0	394	500	110	134	-500	-500	13	1	0	0	0	0	0	0	0	0	0	0	0	0
1210000304	钢弓+4	24	0	3	0	3000	0		0	用纯钢打造的弓箭	1200	10000	1500	0	0	0	0	420	526	120	144	-500	-500	14	1	0	0	0	0	0	0	0	0	0	0	0	0
1210000305	钢弓+5	24	0	3	0	3000	0		0	用纯钢打造的弓箭	1300	10000	1500	0	0	0	0	446	552	130	154	-500	-500	15	1	0	0	0	0	0	0	0	0	0	0	0	0
1210000306	钢弓+6	24	0	3	0	3000	0		0	用纯钢打造的弓箭	1400	10000	1500	0	0	0	0	472	578	140	164	-500	-500	16	1	0	0	0	0	0	0	0	0	0	0	0	0
1210000307	钢弓+7	24	0	3	0	3000	0		0	用纯钢打造的弓箭	1500	10000	1500	0	0	0	0	498	604	150	174	-500	-500	17	1	0	0	0	0	0	0	0	0	0	0	0	0
1210000308	钢弓+8	24	0	3	0	3000	0		0	用纯钢打造的弓箭	1600	10000	1500	0	0	0	0	524	630	160	184	-500	-500	18	1	0	0	0	0	0	0	0	0	0	0	0	0
1210000309	钢弓+9	24	0	3	0	3000	0		0	用纯钢打造的弓箭	1700	10000	1500	0	0	0	0	550	656	170	194	-500	-500	19	1	0	0	0	0	0	0	0	0	0	0	0	0
1210000310	钢弓+10	24	0	3	0	3000	0		0	用纯钢打造的弓箭	0	10000	1500	0	0	0	0	576	682	180	204	-500	-500	20	1	0	0	0	0	0	0	0	0	0	0	0	0
1210010300	精品钢弓	24	0	3	1	3000	0		0	用纯钢打造的弓箭	800	0	0	0	0	0	0	316	422	80	104	-500	-500	10	1	39	52	0	0	0	0	0	0	0	0	0	0
1210010301	精品钢弓+1	24	0	3	1	3000	0		0	用纯钢打造的弓箭	900	0	0	0	0	0	0	342	448	90	114	-500	-500	11	1	42	56	0	0	0	0	0	0	0	0	0	0
1210010302	精品钢弓+2	24	0	3	1	3000	0		0	用纯钢打造的弓箭	1000	0	0	0	0	0	0	368	474	100	124	-500	-500	12	1	46	59	0	0	0	0	0	0	0	0	0	0
1210010303	精品钢弓+3	24	1	3	1	3000	0		0	用纯钢打造的弓箭	1100	0	0	0	0	0	0	394	500	110	134	-500	-500	13	1	49	62	0	0	0	0	0	0	0	0	0	0
1210010304	精品钢弓+4	24	1	3	1	3000	0		0	用纯钢打造的弓箭	1200	5000	2000	0	0	0	0	420	526	120	144	-500	-500	14	1	52	65	0	0	0	0	0	0	0	0	0	0
1210010305	精品钢弓+5	24	2	3	1	3000	0		0	用纯钢打造的弓箭	1300	6000	2000	0	0	0	0	446	552	130	154	-500	-500	15	1	55	69	0	0	0	0	0	0	0	0	0	0
1210010306	精品钢弓+6	24	2	3	1	3000	0		0	用纯钢打造的弓箭	1400	7000	2000	0	0	0	0	472	578	140	164	-500	-500	16	1	59	72	0	0	0	0	0	0	0	0	0	0
1210010307	精品钢弓+7	24	2	3	1	3000	0		0	用纯钢打造的弓箭	1500	8000	2000	0	0	0	0	498	604	150	174	-500	-500	17	1	62	75	0	0	0	0	0	0	0	0	0	0
1210010308	精品钢弓+8	24	3	3	1	3000	0		0	用纯钢打造的弓箭	1600	9000	2000	0	0	0	0	524	630	160	184	-500	-500	18	1	65	78	0	0	0	0	0	0	0	0	0	0
1210010309	精品钢弓+9	24	3	3	1	3000	0		0	用纯钢打造的弓箭	1700	10000	2000	0	0	0	0	550	656	170	194	-500	-500	19	1	68	82	0	0	0	0	0	0	0	0	0	0
1210010310	精品钢弓+10	24	4	3	1	3000	0		0	用纯钢打造的弓箭	0	10000	2000	0	0	0	0	576	682	180	204	-500	-500	20	1	72	85	0	0	0	0	0	0	0	0	0	0
1210020300	极品钢弓	24	0	3	2	3000	0		0	用纯钢打造的弓箭	800	0	0	0	0	0	0	316	422	80	104	-500	-500	10	1	39	52	10	13	2	0	0	0	2	0	0	0
1210020301	极品钢弓+1	24	0	3	2	3000	0		0	用纯钢打造的弓箭	900	0	0	0	0	0	0	342	448	90	114	-500	-500	11	1	42	56	11	14	2	0	0	0	2	0	0	0
1210020302	极品钢弓+2	24	0	3	2	3000	0		0	用纯钢打造的弓箭	1000	0	0	0	0	0	0	368	474	100	124	-500	-500	12	1	46	59	12	15	2	0	0	0	2	0	0	0
1210020303	极品钢弓+3	24	2	3	2	3000	0		0	用纯钢打造的弓箭	1100	0	0	0	0	0	0	394	500	110	134	-500	-500	13	1	49	62	13	16	2	0	0	0	2	0	0	0
1210020304	极品钢弓+4	24	2	3	2	3000	0		0	用纯钢打造的弓箭	1200	0	0	0	0	0	0	420	526	120	144	-500	-500	14	1	52	65	15	18	2	0	0	0	2	0	0	0
1210020305	极品钢弓+5	24	3	3	2	3000	0		0	用纯钢打造的弓箭	1300	2500	2500	0	0	0	0	446	552	130	154	-500	-500	15	1	55	69	16	19	2	0	0	0	2	0	0	0
1210020306	极品钢弓+6	24	3	3	2	3000	0		0	用纯钢打造的弓箭	1400	3500	2500	0	0	0	0	472	578	140	164	-500	-500	16	1	59	72	17	20	2	0	0	0	2	0	0	0
1210020307	极品钢弓+7	24	3	3	2	3000	0		0	用纯钢打造的弓箭	1500	4500	2500	0	0	0	0	498	604	150	174	-500	-500	17	1	62	75	18	21	2	0	0	0	2	0	0	0
1210020308	极品钢弓+8	24	4	3	2	3000	0		0	用纯钢打造的弓箭	1600	5500	2500	0	0	0	0	524	630	160	184	-500	-500	18	1	65	78	20	23	2	0	0	0	2	0	0	0
1210020309	极品钢弓+9	24	4	3	2	3000	0		0	用纯钢打造的弓箭	1700	7000	2500	0	0	0	0	550	656	170	194	-500	-500	19	1	68	82	21	24	2	0	0	0	2	0	0	0
1210020310	极品钢弓+10	24	5	3	2	3000	0		0	用纯钢打造的弓箭	0	10000	2500	0	0	0	0	576	682	180	204	-500	-500	20	1	72	85	22	25	2	0	0	0	2	0	0	0
1210030300	完美钢弓	24	0	3	3	600000	90		0	用纯钢打造的弓箭	800	0	0	336	0	0	0	316	422	80	104	-500	-500	10	1	39	52	10	13	2	0	10	0	2	0	0	10
1210030301	完美钢弓+1	24	0	3	3	600000	90		0	用纯钢打造的弓箭	900	0	0	336	0	0	0	342	448	90	114	-500	-500	11	1	42	56	11	14	2	0	10	0	2	0	0	10
1210030302	完美钢弓+2	24	0	3	3	600000	90		0	用纯钢打造的弓箭	1000	0	0	336	0	0	0	368	474	100	124	-500	-500	12	1	46	59	12	15	2	0	10	0	2	0	0	10
1210030303	完美钢弓+3	24	3	3	3	600000	90		0	用纯钢打造的弓箭	1100	0	0	336	0	0	0	394	500	110	134	-500	-500	13	1	49	62	13	16	2	0	10	0	2	0	0	10
1210030304	完美钢弓+4	24	3	3	3	600000	90		0	用纯钢打造的弓箭	1200	0	0	336	0	0	0	420	526	120	144	-500	-500	14	1	52	65	15	18	2	0	10	0	2	0	0	10
1210030305	完美钢弓+5	24	4	3	3	600000	90		0	用纯钢打造的弓箭	1300	0	0	336	0	0	0	446	552	130	154	-500	-500	15	1	55	69	16	19	2	0	10	0	2	0	0	10
1210030306	完美钢弓+6	24	4	3	3	600000	90		0	用纯钢打造的弓箭	1400	0	0	336	0	0	0	472	578	140	164	-500	-500	16	1	59	72	17	20	2	0	10	0	2	0	0	10
1210030307	完美钢弓+7	24	4	3	3	600000	90		0	用纯钢打造的弓箭	1500	1000	3000	336	0	0	0	498	604	150	174	-500	-500	17	1	62	75	18	21	2	0	10	0	2	0	0	10
1210030308	完美钢弓+8	24	5	3	3	600000	90		0	用纯钢打造的弓箭	1600	2000	3000	336	0	0	0	524	630	160	184	-500	-500	18	1	65	78	20	23	2	0	10	0	2	0	0	10
1210030309	完美钢弓+9	24	5	3	3	600000	90		0	用纯钢打造的弓箭	1700	3000	3000	336	0	0	0	550	656	170	194	-500	-500	19	1	68	82	21	24	2	0	10	0	2	0	0	10
1210030310	完美钢弓+10	24	6	3	3	600000	90		0	用纯钢打造的弓箭	0	4000	3000	336	0	0	0	576	682	180	204	-500	-500	20	1	72	85	22	25	2	0	10	0	2	0	0	10
1210040300	神品钢弓	24	0	3	4	1000000	150		0	用纯钢打造的弓箭	800	0	0	560	0	85000502	5	316	422	80	104	-500	-500	10	1	39	52	10	13	2	10	10	10	2	10	10	10
1210040301	神品钢弓+1	24	0	3	4	1000000	150		0	用纯钢打造的弓箭	900	0	0	560	0	85000502	10	342	448	90	114	-500	-500	11	1	42	56	11	14	2	10	10	10	2	10	10	10
1210040302	神品钢弓+2	24	0	3	4	1000000	150		0	用纯钢打造的弓箭	1000	0	0	560	0	85000502	15	368	474	100	124	-500	-500	12	1	46	59	12	15	2	10	10	10	2	10	10	10
1210040303	神品钢弓+3	24	4	3	4	1000000	150		0	用纯钢打造的弓箭	1100	0	0	560	0	85000502	20	394	500	110	134	-500	-500	13	1	49	62	13	16	2	10	10	10	2	10	10	10
1210040304	神品钢弓+4	24	4	3	4	1000000	150		0	用纯钢打造的弓箭	1200	0	0	560	0	85000502	25	420	526	120	144	-500	-500	14	1	52	65	15	18	2	10	10	10	2	10	10	10
1210040305	神品钢弓+5	24	5	3	4	1000000	150		0	用纯钢打造的弓箭	1300	0	0	560	0	85000502	30	446	552	130	154	-500	-500	15	1	55	69	16	19	2	10	10	10	2	10	10	10
1210040306	神品钢弓+6	24	5	3	4	1000000	150		0	用纯钢打造的弓箭	1400	0	0	560	0	85000502	35	472	578	140	164	-500	-500	16	1	59	72	17	20	2	10	10	10	2	10	10	10
1210040307	神品钢弓+7	24	5	3	4	1000000	150		0	用纯钢打造的弓箭	1500	0	0	560	0	85000502	40	498	604	150	174	-500	-500	17	1	62	75	18	21	2	10	10	10	2	10	10	10
1210040308	神品钢弓+8	24	6	3	4	1000000	150		0	用纯钢打造的弓箭	1600	0	0	560	0	85000502	45	524	630	160	184	-500	-500	18	1	65	78	20	23	2	10	10	10	2	10	10	10
1210040309	神品钢弓+9	24	6	3	4	1000000	150		0	用纯钢打造的弓箭	1700	0	0	560	0	85000502	50	550	656	170	194	-500	-500	19	1	68	82	21	24	2	10	10	10	2	10	10	10
1210040310	神品钢弓+10	24	7	3	4	1000000	150		0	用纯钢打造的弓箭	0	0	0	560	0	85000502	55	576	682	180	204	-500	-500	20	1	72	85	22	25	2	10	10	10	2	10	10	10
1210000400	森林长弓	36	0	4	0	4500	0		0	资深的老猎人才能够使用的长弓	1200	0	0	0	0	0	0	470	624	128	160	-500	-500	15	2	0	0	0	0	0	0	0	0	0	0	0	0
1210000401	森林长弓+1	36	0	4	0	4500	0		0	资深的老猎人才能够使用的长弓	1300	0	0	0	0	0	0	496	650	138	170	-500	-500	16	2	0	0	0	0	0	0	0	0	0	0	0	0
1210000402	森林长弓+2	36	0	4	0	4500	0		0	资深的老猎人才能够使用的长弓	1400	0	3000	0	0	0	0	522	676	148	180	-500	-500	17	2	0	0	0	0	0	0	0	0	0	0	0	0
1210000403	森林长弓+3	36	0	4	0	4500	0		0	资深的老猎人才能够使用的长弓	1500	10000	3000	0	0	0	0	548	702	158	190	-500	-500	18	2	0	0	0	0	0	0	0	0	0	0	0	0
1210000404	森林长弓+4	36	0	4	0	4500	0		0	资深的老猎人才能够使用的长弓	1600	10000	3000	0	0	0	0	574	728	168	200	-500	-500	19	2	0	0	0	0	0	0	0	0	0	0	0	0
1210000405	森林长弓+5	36	0	4	0	4500	0		0	资深的老猎人才能够使用的长弓	1700	10000	3000	0	0	0	0	600	754	178	210	-500	-500	20	2	0	0	0	0	0	0	0	0	0	0	0	0
1210000406	森林长弓+6	36	0	4	0	4500	0		0	资深的老猎人才能够使用的长弓	1800	10000	3000	0	0	0	0	626	780	188	220	-500	-500	21	2	0	0	0	0	0	0	0	0	0	0	0	0
1210000407	森林长弓+7	36	0	4	0	4500	0		0	资深的老猎人才能够使用的长弓	1900	10000	3000	0	0	0	0	652	806	198	230	-500	-500	22	2	0	0	0	0	0	0	0	0	0	0	0	0
1210000408	森林长弓+8	36	0	4	0	4500	0		0	资深的老猎人才能够使用的长弓	2000	10000	3000	0	0	0	0	678	832	208	240	-500	-500	23	2	0	0	0	0	0	0	0	0	0	0	0	0
1210000409	森林长弓+9	36	0	4	0	4500	0		0	资深的老猎人才能够使用的长弓	2100	10000	3000	0	0	0	0	704	858	218	250	-500	-500	24	2	0	0	0	0	0	0	0	0	0	0	0	0
1210000410	森林长弓+10	36	0	4	0	4500	0		0	资深的老猎人才能够使用的长弓	0	10000	3000	0	0	0	0	730	884	228	260	-500	-500	25	2	0	0	0	0	0	0	0	0	0	0	0	0
1210010400	精品森林长弓	36	0	4	1	4500	0		0	资深的老猎人才能够使用的长弓	1200	0	0	0	0	0	0	470	624	128	160	-500	-500	15	2	58	78	0	0	0	0	0	0	0	0	0	0
1210010401	精品森林长弓+1	36	0	4	1	4500	0		0	资深的老猎人才能够使用的长弓	1300	0	0	0	0	0	0	496	650	138	170	-500	-500	16	2	62	81	0	0	0	0	0	0	0	0	0	0
1210010402	精品森林长弓+2	36	0	4	1	4500	0		0	资深的老猎人才能够使用的长弓	1400	0	0	0	0	0	0	522	676	148	180	-500	-500	17	2	65	84	0	0	0	0	0	0	0	0	0	0
1210010403	精品森林长弓+3	36	1	4	1	4500	0		0	资深的老猎人才能够使用的长弓	1500	0	0	0	0	0	0	548	702	158	190	-500	-500	18	2	68	87	0	0	0	0	0	0	0	0	0	0
1210010404	精品森林长弓+4	36	1	4	1	4500	0		0	资深的老猎人才能够使用的长弓	1600	5000	4000	0	0	0	0	574	728	168	200	-500	-500	19	2	71	91	0	0	0	0	0	0	0	0	0	0
1210010405	精品森林长弓+5	36	2	4	1	4500	0		0	资深的老猎人才能够使用的长弓	1700	6000	4000	0	0	0	0	600	754	178	210	-500	-500	20	2	75	94	0	0	0	0	0	0	0	0	0	0
1210010406	精品森林长弓+6	36	2	4	1	4500	0		0	资深的老猎人才能够使用的长弓	1800	7000	4000	0	0	0	0	626	780	188	220	-500	-500	21	2	78	97	0	0	0	0	0	0	0	0	0	0
1210010407	精品森林长弓+7	36	2	4	1	4500	0		0	资深的老猎人才能够使用的长弓	1900	8000	4000	0	0	0	0	652	806	198	230	-500	-500	22	2	81	100	0	0	0	0	0	0	0	0	0	0
1210010408	精品森林长弓+8	36	3	4	1	4500	0		0	资深的老猎人才能够使用的长弓	2000	9000	4000	0	0	0	0	678	832	208	240	-500	-500	23	2	84	104	0	0	0	0	0	0	0	0	0	0
1210010409	精品森林长弓+9	36	3	4	1	4500	0		0	资深的老猎人才能够使用的长弓	2100	10000	4000	0	0	0	0	704	858	218	250	-500	-500	24	2	88	107	0	0	0	0	0	0	0	0	0	0
1210010410	精品森林长弓+10	36	4	4	1	4500	0		0	资深的老猎人才能够使用的长弓	0	10000	4000	0	0	0	0	730	884	228	260	-500	-500	25	2	91	110	0	0	0	0	0	0	0	0	0	0
1210020400	极品森林长弓	36	0	4	2	4500	0		0	资深的老猎人才能够使用的长弓	1200	0	0	0	0	0	0	470	624	128	160	-500	-500	15	2	58	78	16	20	2	0	0	0	2	0	0	0
1210020401	极品森林长弓+1	36	0	4	2	4500	0		0	资深的老猎人才能够使用的长弓	1300	0	0	0	0	0	0	496	650	138	170	-500	-500	16	2	62	81	17	21	2	0	0	0	2	0	0	0
1210020402	极品森林长弓+2	36	0	4	2	4500	0		0	资深的老猎人才能够使用的长弓	1400	0	0	0	0	0	0	522	676	148	180	-500	-500	17	2	65	84	18	22	2	0	0	0	2	0	0	0
1210020403	极品森林长弓+3	36	2	4	2	4500	0		0	资深的老猎人才能够使用的长弓	1500	0	0	0	0	0	0	548	702	158	190	-500	-500	18	2	68	87	19	23	2	0	0	0	2	0	0	0
1210020404	极品森林长弓+4	36	2	4	2	4500	0		0	资深的老猎人才能够使用的长弓	1600	0	0	0	0	0	0	574	728	168	200	-500	-500	19	2	71	91	21	25	2	0	0	0	2	0	0	0
1210020405	极品森林长弓+5	36	3	4	2	4500	0		0	资深的老猎人才能够使用的长弓	1700	1000	5000	0	0	0	0	600	754	178	210	-500	-500	20	2	75	94	22	26	2	0	0	0	2	0	0	0
1210020406	极品森林长弓+6	36	3	4	2	4500	0		0	资深的老猎人才能够使用的长弓	1800	2000	5000	0	0	0	0	626	780	188	220	-500	-500	21	2	78	97	23	27	2	0	0	0	2	0	0	0
1210020407	极品森林长弓+7	36	3	4	2	4500	0		0	资深的老猎人才能够使用的长弓	1900	3500	5000	0	0	0	0	652	806	198	230	-500	-500	22	2	81	100	24	28	2	0	0	0	2	0	0	0
1210020408	极品森林长弓+8	36	4	4	2	4500	0		0	资深的老猎人才能够使用的长弓	2000	5000	5000	0	0	0	0	678	832	208	240	-500	-500	23	2	84	104	26	30	2	0	0	0	2	0	0	0
1210020409	极品森林长弓+9	36	4	4	2	4500	0		0	资深的老猎人才能够使用的长弓	2100	7000	5000	0	0	0	0	704	858	218	250	-500	-500	24	2	88	107	27	31	2	0	0	0	2	0	0	0
1210020410	极品森林长弓+10	36	5	4	2	4500	0		0	资深的老猎人才能够使用的长弓	0	10000	5000	0	0	0	0	730	884	228	260	-500	-500	25	2	91	110	28	32	2	0	0	0	2	0	0	0
1210030400	完美森林长弓	36	0	4	3	1440000	108		0	资深的老猎人才能够使用的长弓	1200	0	0	384	0	0	0	470	624	128	160	-500	-500	15	2	58	78	16	20	2	0	10	0	2	0	0	10
1210030401	完美森林长弓+1	36	0	4	3	1440000	108		0	资深的老猎人才能够使用的长弓	1300	0	0	384	0	0	0	496	650	138	170	-500	-500	16	2	62	81	17	21	2	0	10	0	2	0	0	10
1210030402	完美森林长弓+2	36	0	4	3	1440000	108		0	资深的老猎人才能够使用的长弓	1400	0	0	384	0	0	0	522	676	148	180	-500	-500	17	2	65	84	18	22	2	0	10	0	2	0	0	10
1210030403	完美森林长弓+3	36	3	4	3	1440000	108		0	资深的老猎人才能够使用的长弓	1500	0	0	384	0	0	0	548	702	158	190	-500	-500	18	2	68	87	19	23	2	0	10	0	2	0	0	10
1210030404	完美森林长弓+4	36	3	4	3	1440000	108		0	资深的老猎人才能够使用的长弓	1600	0	0	384	0	0	0	574	728	168	200	-500	-500	19	2	71	91	21	25	2	0	10	0	2	0	0	10
1210030405	完美森林长弓+5	36	4	4	3	1440000	108		0	资深的老猎人才能够使用的长弓	1700	0	0	384	0	0	0	600	754	178	210	-500	-500	20	2	75	94	22	26	2	0	10	0	2	0	0	10
1210030406	完美森林长弓+6	36	4	4	3	1440000	108		0	资深的老猎人才能够使用的长弓	1800	0	0	384	0	0	0	626	780	188	220	-500	-500	21	2	78	97	23	27	2	0	10	0	2	0	0	10
1210030407	完美森林长弓+7	36	4	4	3	1440000	108		0	资深的老猎人才能够使用的长弓	1900	1000	6000	384	0	0	0	652	806	198	230	-500	-500	22	2	81	100	24	28	2	0	10	0	2	0	0	10
1210030408	完美森林长弓+8	36	5	4	3	1440000	108		0	资深的老猎人才能够使用的长弓	2000	2000	6000	384	0	0	0	678	832	208	240	-500	-500	23	2	84	104	26	30	2	0	10	0	2	0	0	10
1210030409	完美森林长弓+9	36	5	4	3	1440000	108		0	资深的老猎人才能够使用的长弓	2100	3000	6000	384	0	0	0	704	858	218	250	-500	-500	24	2	88	107	27	31	2	0	10	0	2	0	0	10
1210030410	完美森林长弓+10	36	6	4	3	1440000	108		0	资深的老猎人才能够使用的长弓	0	4000	6000	384	0	0	0	730	884	228	260	-500	-500	25	2	91	110	28	32	2	0	10	0	2	0	0	10
1210040400	神品森林长弓	36	0	4	4	2400000	180		0	资深的老猎人才能够使用的长弓	1200	0	0	640	0	85000503	5	470	624	128	160	-500	-500	15	2	58	78	16	20	2	10	10	10	2	10	10	10
1210040401	神品森林长弓+1	36	0	4	4	2400000	180		0	资深的老猎人才能够使用的长弓	1300	0	0	640	0	85000503	10	496	650	138	170	-500	-500	16	2	62	81	17	21	2	10	10	10	2	10	10	10
1210040402	神品森林长弓+2	36	0	4	4	2400000	180		0	资深的老猎人才能够使用的长弓	1400	0	0	640	0	85000503	15	522	676	148	180	-500	-500	17	2	65	84	18	22	2	10	10	10	2	10	10	10
1210040403	神品森林长弓+3	36	4	4	4	2400000	180		0	资深的老猎人才能够使用的长弓	1500	0	0	640	0	85000503	20	548	702	158	190	-500	-500	18	2	68	87	19	23	2	10	10	10	2	10	10	10
1210040404	神品森林长弓+4	36	4	4	4	2400000	180		0	资深的老猎人才能够使用的长弓	1600	0	0	640	0	85000503	25	574	728	168	200	-500	-500	19	2	71	91	21	25	2	10	10	10	2	10	10	10
1210040405	神品森林长弓+5	36	5	4	4	2400000	180		0	资深的老猎人才能够使用的长弓	1700	0	0	640	0	85000503	30	600	754	178	210	-500	-500	20	2	75	94	22	26	2	10	10	10	2	10	10	10
1210040406	神品森林长弓+6	36	5	4	4	2400000	180		0	资深的老猎人才能够使用的长弓	1800	0	0	640	0	85000503	35	626	780	188	220	-500	-500	21	2	78	97	23	27	2	10	10	10	2	10	10	10
1210040407	神品森林长弓+7	36	5	4	4	2400000	180		0	资深的老猎人才能够使用的长弓	1900	0	0	640	0	85000503	40	652	806	198	230	-500	-500	22	2	81	100	24	28	2	10	10	10	2	10	10	10
1210040408	神品森林长弓+8	36	6	4	4	2400000	180		0	资深的老猎人才能够使用的长弓	2000	0	0	640	0	85000503	45	678	832	208	240	-500	-500	23	2	84	104	26	30	2	10	10	10	2	10	10	10
1210040409	神品森林长弓+9	36	6	4	4	2400000	180		0	资深的老猎人才能够使用的长弓	2100	0	0	640	0	85000503	50	704	858	218	250	-500	-500	24	2	88	107	27	31	2	10	10	10	2	10	10	10
1210040410	神品森林长弓+10	36	7	4	4	2400000	180		0	资深的老猎人才能够使用的长弓	0	0	0	640	0	85000503	55	730	884	228	260	-500	-500	25	2	91	110	28	32	2	10	10	10	2	10	10	10
1210000500	卓越长弓	48	0	5	0	5624	0		0	经过高明工匠精心制作的卓越之弓	1600	0	0	0	0	0	0	600	878	186	204	-500	-500	21	2	0	0	0	0	0	0	0	0	0	0	0	0
1210000501	卓越长弓+1	48	0	5	0	5624	0		0	经过高明工匠精心制作的卓越之弓	1800	0	0	0	0	0	0	626	904	196	214	-500	-500	22	2	0	0	0	0	0	0	0	0	0	0	0	0
1210000502	卓越长弓+2	48	0	5	0	5624	0		0	经过高明工匠精心制作的卓越之弓	2000	0	0	0	0	0	0	652	930	206	224	-500	-500	23	2	0	0	0	0	0	0	0	0	0	0	0	0
1210000503	卓越长弓+3	48	0	5	0	5624	0		0	经过高明工匠精心制作的卓越之弓	2200	9000	5000	0	0	0	0	678	956	216	234	-500	-500	24	2	0	0	0	0	0	0	0	0	0	0	0	0
1210000504	卓越长弓+4	48	0	5	0	5624	0		0	经过高明工匠精心制作的卓越之弓	2400	10000	5000	0	0	0	0	704	982	226	244	-500	-500	25	2	0	0	0	0	0	0	0	0	0	0	0	0
1210000505	卓越长弓+5	48	0	5	0	5624	0		0	经过高明工匠精心制作的卓越之弓	2600	10000	5000	0	0	0	0	730	1008	236	254	-500	-500	26	2	0	0	0	0	0	0	0	0	0	0	0	0
1210000506	卓越长弓+6	48	0	5	0	5624	0		0	经过高明工匠精心制作的卓越之弓	2800	10000	5000	0	0	0	0	756	1034	246	264	-500	-500	27	2	0	0	0	0	0	0	0	0	0	0	0	0
1210000507	卓越长弓+7	48	0	5	0	5624	0		0	经过高明工匠精心制作的卓越之弓	3000	10000	5000	0	0	0	0	782	1060	256	274	-500	-500	28	2	0	0	0	0	0	0	0	0	0	0	0	0
1210000508	卓越长弓+8	48	0	5	0	5624	0		0	经过高明工匠精心制作的卓越之弓	3200	10000	5000	0	0	0	0	808	1086	266	284	-500	-500	29	2	0	0	0	0	0	0	0	0	0	0	0	0
1210000509	卓越长弓+9	48	0	5	0	5624	0		0	经过高明工匠精心制作的卓越之弓	3400	10000	5000	0	0	0	0	834	1112	276	294	-500	-500	30	2	0	0	0	0	0	0	0	0	0	0	0	0
1210000510	卓越长弓+10	48	0	5	0	5624	0		0	经过高明工匠精心制作的卓越之弓	0	10000	5000	0	0	0	0	860	1138	286	304	-500	-500	31	2	0	0	0	0	0	0	0	0	0	0	0	0
1210010500	精品卓越长弓	48	0	5	1	5624	0		0	经过高明工匠精心制作的卓越之弓	1600	0	0	0	0	0	0	600	878	186	204	-500	-500	21	2	75	109	0	0	0	0	0	0	0	0	0	0
1210010501	精品卓越长弓+1	48	0	5	1	5624	0		0	经过高明工匠精心制作的卓越之弓	1800	0	0	0	0	0	0	626	904	196	214	-500	-500	22	2	78	113	0	0	0	0	0	0	0	0	0	0
1210010502	精品卓越长弓+2	48	0	5	1	5624	0		0	经过高明工匠精心制作的卓越之弓	2000	0	0	0	0	0	0	652	930	206	224	-500	-500	23	2	81	116	0	0	0	0	0	0	0	0	0	0
1210010503	精品卓越长弓+3	48	1	5	1	5624	0		0	经过高明工匠精心制作的卓越之弓	2200	0	0	0	0	0	0	678	956	216	234	-500	-500	24	2	84	119	0	0	0	0	0	0	0	0	0	0
1210010504	精品卓越长弓+4	48	1	5	1	5624	0		0	经过高明工匠精心制作的卓越之弓	2400	1000	6000	0	0	0	0	704	982	226	244	-500	-500	25	2	88	122	0	0	0	0	0	0	0	0	0	0
1210010505	精品卓越长弓+5	48	2	5	1	5624	0		0	经过高明工匠精心制作的卓越之弓	2600	3000	6000	0	0	0	0	730	1008	236	254	-500	-500	26	2	91	126	0	0	0	0	0	0	0	0	0	0
1210010506	精品卓越长弓+6	48	2	5	1	5624	0		0	经过高明工匠精心制作的卓越之弓	2800	5000	6000	0	0	0	0	756	1034	246	264	-500	-500	27	2	94	129	0	0	0	0	0	0	0	0	0	0
1210010507	精品卓越长弓+7	48	2	5	1	5624	0		0	经过高明工匠精心制作的卓越之弓	3000	7000	6000	0	0	0	0	782	1060	256	274	-500	-500	28	2	97	132	0	0	0	0	0	0	0	0	0	0
1210010508	精品卓越长弓+8	48	3	5	1	5624	0		0	经过高明工匠精心制作的卓越之弓	3200	8000	6000	0	0	0	0	808	1086	266	284	-500	-500	29	2	101	135	0	0	0	0	0	0	0	0	0	0
1210010509	精品卓越长弓+9	48	3	5	1	5624	0		0	经过高明工匠精心制作的卓越之弓	3400	9000	6000	0	0	0	0	834	1112	276	294	-500	-500	30	2	104	139	0	0	0	0	0	0	0	0	0	0
1210010510	精品卓越长弓+10	48	4	5	1	5624	0		0	经过高明工匠精心制作的卓越之弓	0	10000	6000	0	0	0	0	860	1138	286	304	-500	-500	31	2	107	142	0	0	0	0	0	0	0	0	0	0
1210020500	极品卓越长弓	48	0	5	2	5624	0		0	经过高明工匠精心制作的卓越之弓	1600	0	0	0	0	0	0	600	878	186	204	-500	-500	21	2	75	109	23	25	2	0	0	0	2	0	0	0
1210020501	极品卓越长弓+1	48	0	5	2	5624	0		0	经过高明工匠精心制作的卓越之弓	1800	0	0	0	0	0	0	626	904	196	214	-500	-500	22	2	78	113	24	26	2	0	0	0	2	0	0	0
1210020502	极品卓越长弓+2	48	0	5	2	5624	0		0	经过高明工匠精心制作的卓越之弓	2000	0	0	0	0	0	0	652	930	206	224	-500	-500	23	2	81	116	25	28	2	0	0	0	2	0	0	0
1210020503	极品卓越长弓+3	48	2	5	2	5624	0		0	经过高明工匠精心制作的卓越之弓	2200	0	0	0	0	0	0	678	956	216	234	-500	-500	24	2	84	119	27	29	2	0	0	0	2	0	0	0
1210020504	极品卓越长弓+4	48	2	5	2	5624	0		0	经过高明工匠精心制作的卓越之弓	2400	0	0	0	0	0	0	704	982	226	244	-500	-500	25	2	88	122	28	30	2	0	0	0	2	0	0	0
1210020505	极品卓越长弓+5	48	3	5	2	5624	0		0	经过高明工匠精心制作的卓越之弓	2600	1000	7000	0	0	0	0	730	1008	236	254	-500	-500	26	2	91	126	29	31	2	0	0	0	2	0	0	0
1210020506	极品卓越长弓+6	48	3	5	2	5624	0		0	经过高明工匠精心制作的卓越之弓	2800	2000	7000	0	0	0	0	756	1034	246	264	-500	-500	27	2	94	129	30	33	2	0	0	0	2	0	0	0
1210020507	极品卓越长弓+7	48	3	5	2	5624	0		0	经过高明工匠精心制作的卓越之弓	3000	3000	7000	0	0	0	0	782	1060	256	274	-500	-500	28	2	97	132	32	34	2	0	0	0	2	0	0	0
1210020508	极品卓越长弓+8	48	4	5	2	5624	0		0	经过高明工匠精心制作的卓越之弓	3200	4000	7000	0	0	0	0	808	1086	266	284	-500	-500	29	2	101	135	33	35	2	0	0	0	2	0	0	0
1210020509	极品卓越长弓+9	48	4	5	2	5624	0		0	经过高明工匠精心制作的卓越之弓	3400	5000	7000	0	0	0	0	834	1112	276	294	-500	-500	30	2	104	139	34	36	2	0	0	0	2	0	0	0
1210020510	极品卓越长弓+10	48	5	5	2	5624	0		0	经过高明工匠精心制作的卓越之弓	0	6000	7000	0	0	0	0	860	1138	286	304	-500	-500	31	2	107	142	35	38	2	0	0	0	2	0	0	0
1210030500	完美卓越长弓	48	0	5	3	2400000	132		0	经过高明工匠精心制作的卓越之弓	1600	0	0	480	0	0	0	600	878	186	204	-500	-500	21	2	75	109	23	25	2	0	10	0	2	0	0	10
1210030501	完美卓越长弓+1	48	0	5	3	2400000	132		0	经过高明工匠精心制作的卓越之弓	1800	0	0	480	0	0	0	626	904	196	214	-500	-500	22	2	78	113	24	26	2	0	10	0	2	0	0	10
1210030502	完美卓越长弓+2	48	0	5	3	2400000	132		0	经过高明工匠精心制作的卓越之弓	2000	0	0	480	0	0	0	652	930	206	224	-500	-500	23	2	81	116	25	28	2	0	10	0	2	0	0	10
1210030503	完美卓越长弓+3	48	3	5	3	2400000	132		0	经过高明工匠精心制作的卓越之弓	2200	0	0	480	0	0	0	678	956	216	234	-500	-500	24	2	84	119	27	29	2	0	10	0	2	0	0	10
1210030504	完美卓越长弓+4	48	3	5	3	2400000	132		0	经过高明工匠精心制作的卓越之弓	2400	0	0	480	0	0	0	704	982	226	244	-500	-500	25	2	88	122	28	30	2	0	10	0	2	0	0	10
1210030505	完美卓越长弓+5	48	4	5	3	2400000	132		0	经过高明工匠精心制作的卓越之弓	2600	0	0	480	0	0	0	730	1008	236	254	-500	-500	26	2	91	126	29	31	2	0	10	0	2	0	0	10
1210030506	完美卓越长弓+6	48	4	5	3	2400000	132		0	经过高明工匠精心制作的卓越之弓	2800	0	0	480	0	0	0	756	1034	246	264	-500	-500	27	2	94	129	30	33	2	0	10	0	2	0	0	10
1210030507	完美卓越长弓+7	48	4	5	3	2400000	132		0	经过高明工匠精心制作的卓越之弓	3000	100	8000	480	0	0	0	782	1060	256	274	-500	-500	28	2	97	132	32	34	2	0	10	0	2	0	0	10
1210030508	完美卓越长弓+8	48	5	5	3	2400000	132		0	经过高明工匠精心制作的卓越之弓	3200	600	8000	480	0	0	0	808	1086	266	284	-500	-500	29	2	101	135	33	35	2	0	10	0	2	0	0	10
1210030509	完美卓越长弓+9	48	5	5	3	2400000	132		0	经过高明工匠精心制作的卓越之弓	3400	1100	8000	480	0	0	0	834	1112	276	294	-500	-500	30	2	104	139	34	36	2	0	10	0	2	0	0	10
1210030510	完美卓越长弓+10	48	6	5	3	2400000	132		0	经过高明工匠精心制作的卓越之弓	0	1600	8000	480	0	0	0	860	1138	286	304	-500	-500	31	2	107	142	35	38	2	0	10	0	2	0	0	10
1210040500	神品卓越长弓	48	0	5	4	4000000	220		0	经过高明工匠精心制作的卓越之弓	1600	0	0	800	0	0	0	600	878	186	204	-500	-500	21	2	75	109	23	25	2	10	10	10	2	10	10	10
1210040501	神品卓越长弓+1	48	0	5	4	4000000	220		0	经过高明工匠精心制作的卓越之弓	1800	0	0	800	0	0	0	626	904	196	214	-500	-500	22	2	78	113	24	26	2	10	10	10	2	10	10	10
1210040502	神品卓越长弓+2	48	0	5	4	4000000	220		0	经过高明工匠精心制作的卓越之弓	2000	0	0	800	0	0	0	652	930	206	224	-500	-500	23	2	81	116	25	28	2	10	10	10	2	10	10	10
1210040503	神品卓越长弓+3	48	4	5	4	4000000	220		0	经过高明工匠精心制作的卓越之弓	2200	0	0	800	0	0	0	678	956	216	234	-500	-500	24	2	84	119	27	29	2	10	10	10	2	10	10	10
1210040504	神品卓越长弓+4	48	4	5	4	4000000	220		0	经过高明工匠精心制作的卓越之弓	2400	0	0	800	0	0	0	704	982	226	244	-500	-500	25	2	88	122	28	30	2	10	10	10	2	10	10	10
1210040505	神品卓越长弓+5	48	5	5	4	4000000	220		0	经过高明工匠精心制作的卓越之弓	2600	0	0	800	0	0	0	730	1008	236	254	-500	-500	26	2	91	126	29	31	2	10	10	10	2	10	10	10
1210040506	神品卓越长弓+6	48	5	5	4	4000000	220		0	经过高明工匠精心制作的卓越之弓	2800	0	0	800	0	0	0	756	1034	246	264	-500	-500	27	2	94	129	30	33	2	10	10	10	2	10	10	10
1210040507	神品卓越长弓+7	48	5	5	4	4000000	220		0	经过高明工匠精心制作的卓越之弓	3000	0	0	800	0	0	0	782	1060	256	274	-500	-500	28	2	97	132	32	34	2	10	10	10	2	10	10	10
1210040508	神品卓越长弓+8	48	6	5	4	4000000	220		0	经过高明工匠精心制作的卓越之弓	3200	0	0	800	0	0	0	808	1086	266	284	-500	-500	29	2	101	135	33	35	2	10	10	10	2	10	10	10
1210040509	神品卓越长弓+9	48	6	5	4	4000000	220		0	经过高明工匠精心制作的卓越之弓	3400	0	0	800	0	0	0	834	1112	276	294	-500	-500	30	2	104	139	34	36	2	10	10	10	2	10	10	10
1210040510	神品卓越长弓+10	48	7	5	4	4000000	220		0	经过高明工匠精心制作的卓越之弓	0	0	0	800	0	0	0	860	1138	286	304	-500	-500	31	2	107	142	35	38	2	10	10	10	2	10	10	10
1210000600	圣殿长弓	60	0	6	0	8437	0		0	守护圣殿的游侠们所使用的弓，是极高荣誉的象征	2200	0	0	0	0	0	0	762	1108	220	272	-500	-500	24	3	0	0	0	0	0	0	0	0	0	0	0	0
1210000601	圣殿长弓+1	60	0	6	0	8437	0		0	守护圣殿的游侠们所使用的弓，是极高荣誉的象征	2400	0	0	0	0	0	0	790	1136	232	284	-500	-500	25	3	0	0	0	0	0	0	0	0	0	0	0	0
1210000602	圣殿长弓+2	60	0	6	0	8437	0		0	守护圣殿的游侠们所使用的弓，是极高荣誉的象征	2600	0	0	0	0	0	0	818	1164	244	296	-500	-500	26	3	0	0	0	0	0	0	0	0	0	0	0	0
1210000603	圣殿长弓+3	60	0	6	0	8437	0		0	守护圣殿的游侠们所使用的弓，是极高荣誉的象征	2800	9000	7000	0	0	0	0	846	1192	256	308	-500	-500	27	3	0	0	0	0	0	0	0	0	0	0	0	0
1210000604	圣殿长弓+4	60	0	6	0	8437	0		0	守护圣殿的游侠们所使用的弓，是极高荣誉的象征	3000	10000	7000	0	0	0	0	874	1220	268	320	-500	-500	28	3	0	0	0	0	0	0	0	0	0	0	0	0
1210000605	圣殿长弓+5	60	0	6	0	8437	0		0	守护圣殿的游侠们所使用的弓，是极高荣誉的象征	3200	10000	7000	0	0	0	0	902	1248	280	332	-500	-500	29	3	0	0	0	0	0	0	0	0	0	0	0	0
1210000606	圣殿长弓+6	60	0	6	0	8437	0		0	守护圣殿的游侠们所使用的弓，是极高荣誉的象征	3400	10000	7000	0	0	0	0	930	1276	292	344	-500	-500	30	3	0	0	0	0	0	0	0	0	0	0	0	0
1210000607	圣殿长弓+7	60	0	6	0	8437	0		0	守护圣殿的游侠们所使用的弓，是极高荣誉的象征	3600	10000	7000	0	0	0	0	958	1304	304	356	-500	-500	31	3	0	0	0	0	0	0	0	0	0	0	0	0
1210000608	圣殿长弓+8	60	0	6	0	8437	0		0	守护圣殿的游侠们所使用的弓，是极高荣誉的象征	3800	10000	7000	0	0	0	0	986	1332	316	368	-500	-500	32	3	0	0	0	0	0	0	0	0	0	0	0	0
1210000609	圣殿长弓+9	60	0	6	0	8437	0		0	守护圣殿的游侠们所使用的弓，是极高荣誉的象征	4000	10000	7000	0	0	0	0	1014	1360	328	380	-500	-500	33	3	0	0	0	0	0	0	0	0	0	0	0	0
1210000610	圣殿长弓+10	60	0	6	0	8437	0		0	守护圣殿的游侠们所使用的弓，是极高荣誉的象征	0	10000	7000	0	0	0	0	1042	1388	340	392	-500	-500	34	3	0	0	0	0	0	0	0	0	0	0	0	0
1210010600	精品圣殿长弓	60	0	6	1	8437	0		0	守护圣殿的游侠们所使用的弓，是极高荣誉的象征	2200	0	0	0	0	0	0	762	1108	220	272	-500	-500	24	3	95	138	0	0	0	0	0	0	0	0	0	0
1210010601	精品圣殿长弓+1	60	0	6	1	8437	0		0	守护圣殿的游侠们所使用的弓，是极高荣誉的象征	2400	0	0	0	0	0	0	790	1136	232	284	-500	-500	25	3	98	142	0	0	0	0	0	0	0	0	0	0
1210010602	精品圣殿长弓+2	60	0	6	1	8437	0		0	守护圣殿的游侠们所使用的弓，是极高荣誉的象征	2600	0	0	0	0	0	0	818	1164	244	296	-500	-500	26	3	102	145	0	0	0	0	0	0	0	0	0	0
1210010603	精品圣殿长弓+3	60	1	6	1	8437	0		0	守护圣殿的游侠们所使用的弓，是极高荣誉的象征	2800	0	0	0	0	0	0	846	1192	256	308	-500	-500	27	3	105	149	0	0	0	0	0	0	0	0	0	0
1210010604	精品圣殿长弓+4	60	1	6	1	8437	0		0	守护圣殿的游侠们所使用的弓，是极高荣誉的象征	3000	1000	9000	0	0	0	0	874	1220	268	320	-500	-500	28	3	109	152	0	0	0	0	0	0	0	0	0	0
1210010605	精品圣殿长弓+5	60	2	6	1	8437	0		0	守护圣殿的游侠们所使用的弓，是极高荣誉的象征	3200	3000	9000	0	0	0	0	902	1248	280	332	-500	-500	29	3	112	156	0	0	0	0	0	0	0	0	0	0
1210010606	精品圣殿长弓+6	60	2	6	1	8437	0		0	守护圣殿的游侠们所使用的弓，是极高荣誉的象征	3400	5000	9000	0	0	0	0	930	1276	292	344	-500	-500	30	3	116	159	0	0	0	0	0	0	0	0	0	0
1210010607	精品圣殿长弓+7	60	2	6	1	8437	0		0	守护圣殿的游侠们所使用的弓，是极高荣誉的象征	3600	7000	9000	0	0	0	0	958	1304	304	356	-500	-500	31	3	119	163	0	0	0	0	0	0	0	0	0	0
1210010608	精品圣殿长弓+8	60	3	6	1	8437	0		0	守护圣殿的游侠们所使用的弓，是极高荣誉的象征	3800	8000	9000	0	0	0	0	986	1332	316	368	-500	-500	32	3	123	166	0	0	0	0	0	0	0	0	0	0
1210010609	精品圣殿长弓+9	60	3	6	1	8437	0		0	守护圣殿的游侠们所使用的弓，是极高荣誉的象征	4000	9000	9000	0	0	0	0	1014	1360	328	380	-500	-500	33	3	126	170	0	0	0	0	0	0	0	0	0	0
1210010610	精品圣殿长弓+10	60	4	6	1	8437	0		0	守护圣殿的游侠们所使用的弓，是极高荣誉的象征	0	10000	9000	0	0	0	0	1042	1388	340	392	-500	-500	34	3	130	173	0	0	0	0	0	0	0	0	0	0
1210020600	极品圣殿长弓	60	0	6	2	8437	0		0	守护圣殿的游侠们所使用的弓，是极高荣誉的象征	2200	0	0	0	0	0	0	762	1108	220	272	-500	-500	24	3	95	138	27	34	2	0	0	0	2	0	0	0
1210020601	极品圣殿长弓+1	60	0	6	2	8437	0		0	守护圣殿的游侠们所使用的弓，是极高荣誉的象征	2400	0	0	0	0	0	0	790	1136	232	284	-500	-500	25	3	98	142	29	35	2	0	0	0	2	0	0	0
1210020602	极品圣殿长弓+2	60	0	6	2	8437	0		0	守护圣殿的游侠们所使用的弓，是极高荣誉的象征	2600	0	0	0	0	0	0	818	1164	244	296	-500	-500	26	3	102	145	30	37	2	0	0	0	2	0	0	0
1210020603	极品圣殿长弓+3	60	2	6	2	8437	0		0	守护圣殿的游侠们所使用的弓，是极高荣誉的象征	2800	0	0	0	0	0	0	846	1192	256	308	-500	-500	27	3	105	149	32	38	2	0	0	0	2	0	0	0
1210020604	极品圣殿长弓+4	60	2	6	2	8437	0		0	守护圣殿的游侠们所使用的弓，是极高荣誉的象征	3000	0	0	0	0	0	0	874	1220	268	320	-500	-500	28	3	109	152	33	40	2	0	0	0	2	0	0	0
1210020605	极品圣殿长弓+5	60	3	6	2	8437	0		0	守护圣殿的游侠们所使用的弓，是极高荣誉的象征	3200	1000	11000	0	0	0	0	902	1248	280	332	-500	-500	29	3	112	156	35	41	2	0	0	0	2	0	0	0
1210020606	极品圣殿长弓+6	60	3	6	2	8437	0		0	守护圣殿的游侠们所使用的弓，是极高荣誉的象征	3400	2000	11000	0	0	0	0	930	1276	292	344	-500	-500	30	3	116	159	36	43	2	0	0	0	2	0	0	0
1210020607	极品圣殿长弓+7	60	3	6	2	8437	0		0	守护圣殿的游侠们所使用的弓，是极高荣誉的象征	3600	3000	11000	0	0	0	0	958	1304	304	356	-500	-500	31	3	119	163	38	44	2	0	0	0	2	0	0	0
1210020608	极品圣殿长弓+8	60	4	6	2	8437	0		0	守护圣殿的游侠们所使用的弓，是极高荣誉的象征	3800	4000	11000	0	0	0	0	986	1332	316	368	-500	-500	32	3	123	166	39	46	2	0	0	0	2	0	0	0
1210020609	极品圣殿长弓+9	60	4	6	2	8437	0		0	守护圣殿的游侠们所使用的弓，是极高荣誉的象征	4000	5000	11000	0	0	0	0	1014	1360	328	380	-500	-500	33	3	126	170	41	47	2	0	0	0	2	0	0	0
1210020610	极品圣殿长弓+10	60	5	6	2	8437	0		0	守护圣殿的游侠们所使用的弓，是极高荣誉的象征	0	6000	11000	0	0	0	0	1042	1388	340	392	-500	-500	34	3	130	173	42	49	2	0	0	0	2	0	0	0
1210030600	完美圣殿长弓	60	0	6	3	3600000	162		0	守护圣殿的游侠们所使用的弓，是极高荣誉的象征	2200	0	0	720	0	0	0	762	1108	220	272	-500	-500	24	3	95	138	27	34	2	0	10	0	2	0	0	10
1210030601	完美圣殿长弓+1	60	0	6	3	3600000	162		0	守护圣殿的游侠们所使用的弓，是极高荣誉的象征	2400	0	0	720	0	0	0	790	1136	232	284	-500	-500	25	3	98	142	29	35	2	0	10	0	2	0	0	10
1210030602	完美圣殿长弓+2	60	0	6	3	3600000	162		0	守护圣殿的游侠们所使用的弓，是极高荣誉的象征	2600	0	0	720	0	0	0	818	1164	244	296	-500	-500	26	3	102	145	30	37	2	0	10	0	2	0	0	10
1210030603	完美圣殿长弓+3	60	3	6	3	3600000	162		0	守护圣殿的游侠们所使用的弓，是极高荣誉的象征	2800	0	0	720	0	0	0	846	1192	256	308	-500	-500	27	3	105	149	32	38	2	0	10	0	2	0	0	10
1210030604	完美圣殿长弓+4	60	3	6	3	3600000	162		0	守护圣殿的游侠们所使用的弓，是极高荣誉的象征	3000	0	0	720	0	0	0	874	1220	268	320	-500	-500	28	3	109	152	33	40	2	0	10	0	2	0	0	10
1210030605	完美圣殿长弓+5	60	4	6	3	3600000	162		0	守护圣殿的游侠们所使用的弓，是极高荣誉的象征	3200	0	0	720	0	0	0	902	1248	280	332	-500	-500	29	3	112	156	35	41	2	0	10	0	2	0	0	10
1210030606	完美圣殿长弓+6	60	4	6	3	3600000	162		0	守护圣殿的游侠们所使用的弓，是极高荣誉的象征	3400	0	0	720	0	0	0	930	1276	292	344	-500	-500	30	3	116	159	36	43	2	0	10	0	2	0	0	10
1210030607	完美圣殿长弓+7	60	4	6	3	3600000	162		0	守护圣殿的游侠们所使用的弓，是极高荣誉的象征	3600	100	13000	720	0	0	0	958	1304	304	356	-500	-500	31	3	119	163	38	44	2	0	10	0	2	0	0	10
1210030608	完美圣殿长弓+8	60	5	6	3	3600000	162		0	守护圣殿的游侠们所使用的弓，是极高荣誉的象征	3800	200	13000	720	0	0	0	986	1332	316	368	-500	-500	32	3	123	166	39	46	2	0	10	0	2	0	0	10
1210030609	完美圣殿长弓+9	60	5	6	3	3600000	162		0	守护圣殿的游侠们所使用的弓，是极高荣誉的象征	4000	300	13000	720	0	0	0	1014	1360	328	380	-500	-500	33	3	126	170	41	47	2	0	10	0	2	0	0	10
1210030610	完美圣殿长弓+10	60	6	6	3	3600000	162		0	守护圣殿的游侠们所使用的弓，是极高荣誉的象征	0	400	13000	720	0	0	0	1042	1388	340	392	-500	-500	34	3	130	173	42	49	2	0	10	0	2	0	0	10
1210040600	神品圣殿长弓	60	0	6	4	6000000	270		0	守护圣殿的游侠们所使用的弓，是极高荣誉的象征	2200	0	0	1200	0	0	0	762	1108	220	272	-500	-500	24	3	95	138	27	34	2	10	10	10	2	10	10	10
1210040601	神品圣殿长弓+1	60	0	6	4	6000000	270		0	守护圣殿的游侠们所使用的弓，是极高荣誉的象征	2400	0	0	1200	0	0	0	790	1136	232	284	-500	-500	25	3	98	142	29	35	2	10	10	10	2	10	10	10
1210040602	神品圣殿长弓+2	60	0	6	4	6000000	270		0	守护圣殿的游侠们所使用的弓，是极高荣誉的象征	2600	0	0	1200	0	0	0	818	1164	244	296	-500	-500	26	3	102	145	30	37	2	10	10	10	2	10	10	10
1210040603	神品圣殿长弓+3	60	4	6	4	6000000	270		0	守护圣殿的游侠们所使用的弓，是极高荣誉的象征	2800	0	0	1200	0	0	0	846	1192	256	308	-500	-500	27	3	105	149	32	38	2	10	10	10	2	10	10	10
1210040604	神品圣殿长弓+4	60	4	6	4	6000000	270		0	守护圣殿的游侠们所使用的弓，是极高荣誉的象征	3000	0	0	1200	0	0	0	874	1220	268	320	-500	-500	28	3	109	152	33	40	2	10	10	10	2	10	10	10
1210040605	神品圣殿长弓+5	60	5	6	4	6000000	270		0	守护圣殿的游侠们所使用的弓，是极高荣誉的象征	3200	0	0	1200	0	0	0	902	1248	280	332	-500	-500	29	3	112	156	35	41	2	10	10	10	2	10	10	10
1210040606	神品圣殿长弓+6	60	5	6	4	6000000	270		0	守护圣殿的游侠们所使用的弓，是极高荣誉的象征	3400	0	0	1200	0	0	0	930	1276	292	344	-500	-500	30	3	116	159	36	43	2	10	10	10	2	10	10	10
1210040607	神品圣殿长弓+7	60	5	6	4	6000000	270		0	守护圣殿的游侠们所使用的弓，是极高荣誉的象征	3600	0	0	1200	0	0	0	958	1304	304	356	-500	-500	31	3	119	163	38	44	2	10	10	10	2	10	10	10
1210040608	神品圣殿长弓+8	60	6	6	4	6000000	270		0	守护圣殿的游侠们所使用的弓，是极高荣誉的象征	3800	0	0	1200	0	0	0	986	1332	316	368	-500	-500	32	3	123	166	39	46	2	10	10	10	2	10	10	10
1210040609	神品圣殿长弓+9	60	6	6	4	6000000	270		0	守护圣殿的游侠们所使用的弓，是极高荣誉的象征	4000	0	0	1200	0	0	0	1014	1360	328	380	-500	-500	33	3	126	170	41	47	2	10	10	10	2	10	10	10
1210040610	神品圣殿长弓+10	60	7	6	4	6000000	270		0	守护圣殿的游侠们所使用的弓，是极高荣誉的象征	0	0	0	1200	0	0	0	1042	1388	340	392	-500	-500	34	3	130	173	42	49	2	10	10	10	2	10	10	10
1210000700	黄金长弓	72	0	7	0	10124	0		0	皇帝的近卫军使用的白金长弓	3000	0	0	0	0	0	0	936	1348	288	314	-500	-500	31	3	0	0	0	0	0	0	0	0	0	0	0	0
1210000701	黄金长弓+1	72	0	7	0	10124	0		0	皇帝的近卫军使用的白金长弓	3500	0	0	0	0	0	0	964	1376	300	326	-500	-500	32	3	0	0	0	0	0	0	0	0	0	0	0	0
1210000702	黄金长弓+2	72	0	7	0	10124	0		0	皇帝的近卫军使用的白金长弓	4000	0	0	0	0	0	0	992	1404	312	338	-500	-500	33	3	0	0	0	0	0	0	0	0	0	0	0	0
1210000703	黄金长弓+3	72	0	7	0	10124	0		0	皇帝的近卫军使用的白金长弓	4500	7500	11000	0	0	0	0	1020	1432	324	350	-500	-500	34	3	0	0	0	0	0	0	0	0	0	0	0	0
1210000704	黄金长弓+4	72	0	7	0	10124	0		0	皇帝的近卫军使用的白金长弓	5000	8500	11000	0	0	0	0	1048	1460	336	362	-500	-500	35	3	0	0	0	0	0	0	0	0	0	0	0	0
1210000705	黄金长弓+5	72	0	7	0	10124	0		0	皇帝的近卫军使用的白金长弓	5500	9500	11000	0	0	0	0	1076	1488	348	374	-500	-500	36	3	0	0	0	0	0	0	0	0	0	0	0	0
1210000706	黄金长弓+6	72	0	7	0	10124	0		0	皇帝的近卫军使用的白金长弓	6000	10000	11000	0	0	0	0	1104	1516	360	386	-500	-500	37	3	0	0	0	0	0	0	0	0	0	0	0	0
1210000707	黄金长弓+7	72	0	7	0	10124	0		0	皇帝的近卫军使用的白金长弓	6500	10000	11000	0	0	0	0	1132	1544	372	398	-500	-500	38	3	0	0	0	0	0	0	0	0	0	0	0	0
1210000708	黄金长弓+8	72	0	7	0	10124	0		0	皇帝的近卫军使用的白金长弓	7000	10000	11000	0	0	0	0	1160	1572	384	410	-500	-500	39	3	0	0	0	0	0	0	0	0	0	0	0	0
1210000709	黄金长弓+9	72	0	7	0	10124	0		0	皇帝的近卫军使用的白金长弓	7500	10000	11000	0	0	0	0	1188	1600	396	422	-500	-500	40	3	0	0	0	0	0	0	0	0	0	0	0	0
1210000710	黄金长弓+10	72	0	7	0	10124	0		0	皇帝的近卫军使用的白金长弓	0	10000	11000	0	0	0	0	1216	1628	408	434	-500	-500	41	3	0	0	0	0	0	0	0	0	0	0	0	0
1210010700	精品黄金长弓	72	0	7	1	10124	0		0	皇帝的近卫军使用的白金长弓	3000	0	0	0	0	0	0	936	1348	288	314	-500	-500	31	3	117	168	0	0	0	0	0	0	0	0	0	0
1210010701	精品黄金长弓+1	72	0	7	1	10124	0		0	皇帝的近卫军使用的白金长弓	3500	0	0	0	0	0	0	964	1376	300	326	-500	-500	32	3	120	172	0	0	0	0	0	0	0	0	0	0
1210010702	精品黄金长弓+2	72	0	7	1	10124	0		0	皇帝的近卫军使用的白金长弓	4000	0	0	0	0	0	0	992	1404	312	338	-500	-500	33	3	124	175	0	0	0	0	0	0	0	0	0	0
1210010703	精品黄金长弓+3	72	1	7	1	10124	0		0	皇帝的近卫军使用的白金长弓	4500	0	0	0	0	0	0	1020	1432	324	350	-500	-500	34	3	127	179	0	0	0	0	0	0	0	0	0	0
1210010704	精品黄金长弓+4	72	1	7	1	10124	0		0	皇帝的近卫军使用的白金长弓	5000	1000	13000	0	0	0	0	1048	1460	336	362	-500	-500	35	3	131	182	0	0	0	0	0	0	0	0	0	0
1210010705	精品黄金长弓+5	72	2	7	1	10124	0		0	皇帝的近卫军使用的白金长弓	5500	3000	13000	0	0	0	0	1076	1488	348	374	-500	-500	36	3	134	186	0	0	0	0	0	0	0	0	0	0
1210010706	精品黄金长弓+6	72	2	7	1	10124	0		0	皇帝的近卫军使用的白金长弓	6000	5000	13000	0	0	0	0	1104	1516	360	386	-500	-500	37	3	138	189	0	0	0	0	0	0	0	0	0	0
1210010707	精品黄金长弓+7	72	2	7	1	10124	0		0	皇帝的近卫军使用的白金长弓	6500	7000	13000	0	0	0	0	1132	1544	372	398	-500	-500	38	3	141	193	0	0	0	0	0	0	0	0	0	0
1210010708	精品黄金长弓+8	72	3	7	1	10124	0		0	皇帝的近卫军使用的白金长弓	7000	8000	13000	0	0	0	0	1160	1572	384	410	-500	-500	39	3	145	196	0	0	0	0	0	0	0	0	0	0
1210010709	精品黄金长弓+9	72	3	7	1	10124	0		0	皇帝的近卫军使用的白金长弓	7500	9000	13000	0	0	0	0	1188	1600	396	422	-500	-500	40	3	148	200	0	0	0	0	0	0	0	0	0	0
1210010710	精品黄金长弓+10	72	4	7	1	10124	0		0	皇帝的近卫军使用的白金长弓	0	10000	13000	0	0	0	0	1216	1628	408	434	-500	-500	41	3	152	203	0	0	0	0	0	0	0	0	0	0
1210020700	极品黄金长弓	72	0	7	2	10124	0		0	皇帝的近卫军使用的白金长弓	3000	0	0	0	0	0	0	936	1348	288	314	-500	-500	31	3	117	168	36	39	2	0	0	0	2	0	0	0
1210020701	极品黄金长弓+1	72	0	7	2	10124	0		0	皇帝的近卫军使用的白金长弓	3500	0	0	0	0	0	0	964	1376	300	326	-500	-500	32	3	120	172	37	40	2	0	0	0	2	0	0	0
1210020702	极品黄金长弓+2	72	0	7	2	10124	0		0	皇帝的近卫军使用的白金长弓	4000	0	0	0	0	0	0	992	1404	312	338	-500	-500	33	3	124	175	39	42	2	0	0	0	2	0	0	0
1210020703	极品黄金长弓+3	72	2	7	2	10124	0		0	皇帝的近卫军使用的白金长弓	4500	0	0	0	0	0	0	1020	1432	324	350	-500	-500	34	3	127	179	40	43	2	0	0	0	2	0	0	0
1210020704	极品黄金长弓+4	72	2	7	2	10124	0		0	皇帝的近卫军使用的白金长弓	5000	0	0	0	0	0	0	1048	1460	336	362	-500	-500	35	3	131	182	42	45	2	0	0	0	2	0	0	0
1210020705	极品黄金长弓+5	72	3	7	2	10124	0		0	皇帝的近卫军使用的白金长弓	5500	500	15000	0	0	0	0	1076	1488	348	374	-500	-500	36	3	134	186	43	46	2	0	0	0	2	0	0	0
1210020706	极品黄金长弓+6	72	3	7	2	10124	0		0	皇帝的近卫军使用的白金长弓	6000	700	15000	0	0	0	0	1104	1516	360	386	-500	-500	37	3	138	189	45	48	2	0	0	0	2	0	0	0
1210020707	极品黄金长弓+7	72	3	7	2	10124	0		0	皇帝的近卫军使用的白金长弓	6500	900	15000	0	0	0	0	1132	1544	372	398	-500	-500	38	3	141	193	46	49	2	0	0	0	2	0	0	0
1210020708	极品黄金长弓+8	72	4	7	2	10124	0		0	皇帝的近卫军使用的白金长弓	7000	1100	15000	0	0	0	0	1160	1572	384	410	-500	-500	39	3	145	196	48	51	2	0	0	0	2	0	0	0
1210020709	极品黄金长弓+9	72	4	7	2	10124	0		0	皇帝的近卫军使用的白金长弓	7500	1300	15000	0	0	0	0	1188	1600	396	422	-500	-500	40	3	148	200	49	52	2	0	0	0	2	0	0	0
1210020710	极品黄金长弓+10	72	5	7	2	10124	0		0	皇帝的近卫军使用的白金长弓	0	1500	15000	0	0	0	0	1216	1628	408	434	-500	-500	41	3	152	203	51	54	2	0	0	0	2	0	0	0
1210030700	完美黄金长弓	72	0	7	3	5400000	216		0	皇帝的近卫军使用的白金长弓	3000	0	0	960	0	0	0	936	1348	288	314	-500	-500	31	3	117	168	36	39	2	0	10	0	2	0	0	10
1210030701	完美黄金长弓+1	72	0	7	3	5400000	216		0	皇帝的近卫军使用的白金长弓	3500	0	0	960	0	0	0	964	1376	300	326	-500	-500	32	3	120	172	37	40	2	0	10	0	2	0	0	10
1210030702	完美黄金长弓+2	72	0	7	3	5400000	216		0	皇帝的近卫军使用的白金长弓	4000	0	0	960	0	0	0	992	1404	312	338	-500	-500	33	3	124	175	39	42	2	0	10	0	2	0	0	10
1210030703	完美黄金长弓+3	72	3	7	3	5400000	216		0	皇帝的近卫军使用的白金长弓	4500	0	0	960	0	0	0	1020	1432	324	350	-500	-500	34	3	127	179	40	43	2	0	10	0	2	0	0	10
1210030704	完美黄金长弓+4	72	3	7	3	5400000	216		0	皇帝的近卫军使用的白金长弓	5000	0	0	960	0	0	0	1048	1460	336	362	-500	-500	35	3	131	182	42	45	2	0	10	0	2	0	0	10
1210030705	完美黄金长弓+5	72	4	7	3	5400000	216		0	皇帝的近卫军使用的白金长弓	5500	0	0	960	0	0	0	1076	1488	348	374	-500	-500	36	3	134	186	43	46	2	0	10	0	2	0	0	10
1210030706	完美黄金长弓+6	72	4	7	3	5400000	216		0	皇帝的近卫军使用的白金长弓	6000	0	0	960	0	0	0	1104	1516	360	386	-500	-500	37	3	138	189	45	48	2	0	10	0	2	0	0	10
1210030707	完美黄金长弓+7	72	4	7	3	5400000	216		0	皇帝的近卫军使用的白金长弓	6500	50	17000	960	0	0	0	1132	1544	372	398	-500	-500	38	3	141	193	46	49	2	0	10	0	2	0	0	10
1210030708	完美黄金长弓+8	72	5	7	3	5400000	216		0	皇帝的近卫军使用的白金长弓	7000	150	17000	960	0	0	0	1160	1572	384	410	-500	-500	39	3	145	196	48	51	2	0	10	0	2	0	0	10
1210030709	完美黄金长弓+9	72	5	7	3	5400000	216		0	皇帝的近卫军使用的白金长弓	7500	250	17000	960	0	0	0	1188	1600	396	422	-500	-500	40	3	148	200	49	52	2	0	10	0	2	0	0	10
1210030710	完美黄金长弓+10	72	6	7	3	5400000	216		0	皇帝的近卫军使用的白金长弓	0	350	17000	960	0	0	0	1216	1628	408	434	-500	-500	41	3	152	203	51	54	2	0	10	0	2	0	0	10
1210040700	神品黄金长弓	72	0	7	4	9000000	360		0	皇帝的近卫军使用的白金长弓	3000	0	0	1600	0	0	0	936	1348	288	314	-500	-500	31	3	117	168	36	39	2	10	10	10	2	10	10	10
1210040701	神品黄金长弓+1	72	0	7	4	9000000	360		0	皇帝的近卫军使用的白金长弓	3500	0	0	1600	0	0	0	964	1376	300	326	-500	-500	32	3	120	172	37	40	2	10	10	10	2	10	10	10
1210040702	神品黄金长弓+2	72	0	7	4	9000000	360		0	皇帝的近卫军使用的白金长弓	4000	0	0	1600	0	0	0	992	1404	312	338	-500	-500	33	3	124	175	39	42	2	10	10	10	2	10	10	10
1210040703	神品黄金长弓+3	72	4	7	4	9000000	360		0	皇帝的近卫军使用的白金长弓	4500	0	0	1600	0	0	0	1020	1432	324	350	-500	-500	34	3	127	179	40	43	2	10	10	10	2	10	10	10
1210040704	神品黄金长弓+4	72	4	7	4	9000000	360		0	皇帝的近卫军使用的白金长弓	5000	0	0	1600	0	0	0	1048	1460	336	362	-500	-500	35	3	131	182	42	45	2	10	10	10	2	10	10	10
1210040705	神品黄金长弓+5	72	5	7	4	9000000	360		0	皇帝的近卫军使用的白金长弓	5500	0	0	1600	0	0	0	1076	1488	348	374	-500	-500	36	3	134	186	43	46	2	10	10	10	2	10	10	10
1210040706	神品黄金长弓+6	72	5	7	4	9000000	360		0	皇帝的近卫军使用的白金长弓	6000	0	0	1600	0	0	0	1104	1516	360	386	-500	-500	37	3	138	189	45	48	2	10	10	10	2	10	10	10
1210040707	神品黄金长弓+7	72	5	7	4	9000000	360		0	皇帝的近卫军使用的白金长弓	6500	0	0	1600	0	0	0	1132	1544	372	398	-500	-500	38	3	141	193	46	49	2	10	10	10	2	10	10	10
1210040708	神品黄金长弓+8	72	6	7	4	9000000	360		0	皇帝的近卫军使用的白金长弓	7000	0	0	1600	0	0	0	1160	1572	384	410	-500	-500	39	3	145	196	48	51	2	10	10	10	2	10	10	10
1210040709	神品黄金长弓+9	72	6	7	4	9000000	360		0	皇帝的近卫军使用的白金长弓	7500	0	0	1600	0	0	0	1188	1600	396	422	-500	-500	40	3	148	200	49	52	2	10	10	10	2	10	10	10
1210040710	神品黄金长弓+10	72	7	7	4	9000000	360		0	皇帝的近卫军使用的白金长弓	0	0	0	1600	0	0	0	1216	1628	408	434	-500	-500	41	3	152	203	51	54	2	10	10	10	2	10	10	10
1210000800	水晶弓	84	0	8	0	15187	0		0	用水晶制作的弓身能够更稳定的发射	4500	0	0	0	0	0	0	1118	1598	364	392	-500	-500	39	3	0	0	0	0	0	0	0	0	0	0	0	0
1210000801	水晶弓+1	84	0	8	0	15187	0		0	用水晶制作的弓身能够更稳定的发射	5000	0	0	0	0	0	0	1146	1626	376	404	-500	-500	40	3	0	0	0	0	0	0	0	0	0	0	0	0
1210000802	水晶弓+2	84	0	8	0	15187	0		0	用水晶制作的弓身能够更稳定的发射	5500	0	0	0	0	0	0	1174	1654	388	416	-500	-500	41	3	0	0	0	0	0	0	0	0	0	0	0	0
1210000803	水晶弓+3	84	0	8	0	15187	0		0	用水晶制作的弓身能够更稳定的发射	6000	7500	15000	0	0	0	0	1202	1682	400	428	-500	-500	42	3	0	0	0	0	0	0	0	0	0	0	0	0
1210000804	水晶弓+4	84	0	8	0	15187	0		0	用水晶制作的弓身能够更稳定的发射	6500	8500	15000	0	0	0	0	1230	1710	412	440	-500	-500	43	3	0	0	0	0	0	0	0	0	0	0	0	0
1210000805	水晶弓+5	84	0	8	0	15187	0		0	用水晶制作的弓身能够更稳定的发射	7000	9500	15000	0	0	0	0	1258	1738	424	452	-500	-500	44	3	0	0	0	0	0	0	0	0	0	0	0	0
1210000806	水晶弓+6	84	0	8	0	15187	0		0	用水晶制作的弓身能够更稳定的发射	7500	10000	15000	0	0	0	0	1286	1766	436	464	-500	-500	45	3	0	0	0	0	0	0	0	0	0	0	0	0
1210000807	水晶弓+7	84	0	8	0	15187	0		0	用水晶制作的弓身能够更稳定的发射	8000	10000	15000	0	0	0	0	1314	1794	448	476	-500	-500	46	3	0	0	0	0	0	0	0	0	0	0	0	0
1210000808	水晶弓+8	84	0	8	0	15187	0		0	用水晶制作的弓身能够更稳定的发射	8500	10000	15000	0	0	0	0	1342	1822	460	488	-500	-500	47	3	0	0	0	0	0	0	0	0	0	0	0	0
1210000809	水晶弓+9	84	0	8	0	15187	0		0	用水晶制作的弓身能够更稳定的发射	9000	10000	15000	0	0	0	0	1370	1850	472	500	-500	-500	48	3	0	0	0	0	0	0	0	0	0	0	0	0
1210000810	水晶弓+10	84	0	8	0	15187	0		0	用水晶制作的弓身能够更稳定的发射	0	10000	15000	0	0	0	0	1398	1878	484	512	-500	-500	49	3	0	0	0	0	0	0	0	0	0	0	0	0
1210010800	精品水晶弓	84	0	8	1	15187	0		0	用水晶制作的弓身能够更稳定的发射	4500	0	0	0	0	0	0	1118	1598	364	392	-500	-500	39	3	139	199	0	0	0	0	0	0	0	0	0	0
1210010801	精品水晶弓+1	84	0	8	1	15187	0		0	用水晶制作的弓身能够更稳定的发射	5000	0	0	0	0	0	0	1146	1626	376	404	-500	-500	40	3	143	203	0	0	0	0	0	0	0	0	0	0
1210010802	精品水晶弓+2	84	0	8	1	15187	0		0	用水晶制作的弓身能够更稳定的发射	5500	0	0	0	0	0	0	1174	1654	388	416	-500	-500	41	3	146	206	0	0	0	0	0	0	0	0	0	0
1210010803	精品水晶弓+3	84	1	8	1	15187	0		0	用水晶制作的弓身能够更稳定的发射	6000	0	0	0	0	0	0	1202	1682	400	428	-500	-500	42	3	150	210	0	0	0	0	0	0	0	0	0	0
1210010804	精品水晶弓+4	84	1	8	1	15187	0		0	用水晶制作的弓身能够更稳定的发射	6500	1000	18000	0	0	0	0	1230	1710	412	440	-500	-500	43	3	153	213	0	0	0	0	0	0	0	0	0	0
1210010805	精品水晶弓+5	84	2	8	1	15187	0		0	用水晶制作的弓身能够更稳定的发射	7000	2000	18000	0	0	0	0	1258	1738	424	452	-500	-500	44	3	157	217	0	0	0	0	0	0	0	0	0	0
1210010806	精品水晶弓+6	84	2	8	1	15187	0		0	用水晶制作的弓身能够更稳定的发射	7500	3000	18000	0	0	0	0	1286	1766	436	464	-500	-500	45	3	160	220	0	0	0	0	0	0	0	0	0	0
1210010807	精品水晶弓+7	84	2	8	1	15187	0		0	用水晶制作的弓身能够更稳定的发射	8000	4000	18000	0	0	0	0	1314	1794	448	476	-500	-500	46	3	164	224	0	0	0	0	0	0	0	0	0	0
1210010808	精品水晶弓+8	84	3	8	1	15187	0		0	用水晶制作的弓身能够更稳定的发射	8500	6000	18000	0	0	0	0	1342	1822	460	488	-500	-500	47	3	167	227	0	0	0	0	0	0	0	0	0	0
1210010809	精品水晶弓+9	84	3	8	1	15187	0		0	用水晶制作的弓身能够更稳定的发射	9000	8000	18000	0	0	0	0	1370	1850	472	500	-500	-500	48	3	171	231	0	0	0	0	0	0	0	0	0	0
1210010810	精品水晶弓+10	84	4	8	1	15187	0		0	用水晶制作的弓身能够更稳定的发射	0	10000	18000	0	0	0	0	1398	1878	484	512	-500	-500	49	3	174	234	0	0	0	0	0	0	0	0	0	0
1210020800	极品水晶弓	84	0	8	2	15187	0		0	用水晶制作的弓身能够更稳定的发射	4500	0	0	0	0	0	0	1118	1598	364	392	-500	-500	39	3	139	199	45	49	2	0	0	0	2	0	0	0
1210020801	极品水晶弓+1	84	0	8	2	15187	0		0	用水晶制作的弓身能够更稳定的发射	5000	0	0	0	0	0	0	1146	1626	376	404	-500	-500	40	3	143	203	47	50	2	0	0	0	2	0	0	0
1210020802	极品水晶弓+2	84	0	8	2	15187	0		0	用水晶制作的弓身能够更稳定的发射	5500	0	0	0	0	0	0	1174	1654	388	416	-500	-500	41	3	146	206	48	52	2	0	0	0	2	0	0	0
1210020803	极品水晶弓+3	84	2	8	2	15187	0		0	用水晶制作的弓身能够更稳定的发射	6000	0	0	0	0	0	0	1202	1682	400	428	-500	-500	42	3	150	210	50	53	2	0	0	0	2	0	0	0
1210020804	极品水晶弓+4	84	2	8	2	15187	0		0	用水晶制作的弓身能够更稳定的发射	6500	0	0	0	0	0	0	1230	1710	412	440	-500	-500	43	3	153	213	51	55	2	0	0	0	2	0	0	0
1210020805	极品水晶弓+5	84	3	8	2	15187	0		0	用水晶制作的弓身能够更稳定的发射	7000	500	21000	0	0	0	0	1258	1738	424	452	-500	-500	44	3	157	217	53	56	2	0	0	0	2	0	0	0
1210020806	极品水晶弓+6	84	3	8	2	15187	0		0	用水晶制作的弓身能够更稳定的发射	7500	700	21000	0	0	0	0	1286	1766	436	464	-500	-500	45	3	160	220	54	58	2	0	0	0	2	0	0	0
1210020807	极品水晶弓+7	84	3	8	2	15187	0		0	用水晶制作的弓身能够更稳定的发射	8000	900	21000	0	0	0	0	1314	1794	448	476	-500	-500	46	3	164	224	56	59	2	0	0	0	2	0	0	0
1210020808	极品水晶弓+8	84	4	8	2	15187	0		0	用水晶制作的弓身能够更稳定的发射	8500	1100	21000	0	0	0	0	1342	1822	460	488	-500	-500	47	3	167	227	57	61	2	0	0	0	2	0	0	0
1210020809	极品水晶弓+9	84	4	8	2	15187	0		0	用水晶制作的弓身能够更稳定的发射	9000	1300	21000	0	0	0	0	1370	1850	472	500	-500	-500	48	3	171	231	59	62	2	0	0	0	2	0	0	0
1210020810	极品水晶弓+10	84	5	8	2	15187	0		0	用水晶制作的弓身能够更稳定的发射	0	1500	21000	0	0	0	0	1398	1878	484	512	-500	-500	49	3	174	234	60	64	2	0	0	0	2	0	0	0
1210030800	完美水晶弓	84	0	8	3	7800000	273		0	用水晶制作的弓身能够更稳定的发射	4500	0	0	1200	0	0	0	1118	1598	364	392	-500	-500	39	3	139	199	45	49	2	0	10	0	2	0	0	10
1210030801	完美水晶弓+1	84	0	8	3	7800000	273		0	用水晶制作的弓身能够更稳定的发射	5000	0	0	1200	0	0	0	1146	1626	376	404	-500	-500	40	3	143	203	47	50	2	0	10	0	2	0	0	10
1210030802	完美水晶弓+2	84	0	8	3	7800000	273		0	用水晶制作的弓身能够更稳定的发射	5500	0	0	1200	0	0	0	1174	1654	388	416	-500	-500	41	3	146	206	48	52	2	0	10	0	2	0	0	10
1210030803	完美水晶弓+3	84	3	8	3	7800000	273		0	用水晶制作的弓身能够更稳定的发射	6000	0	0	1200	0	0	0	1202	1682	400	428	-500	-500	42	3	150	210	50	53	2	0	10	0	2	0	0	10
1210030804	完美水晶弓+4	84	3	8	3	7800000	273		0	用水晶制作的弓身能够更稳定的发射	6500	0	0	1200	0	0	0	1230	1710	412	440	-500	-500	43	3	153	213	51	55	2	0	10	0	2	0	0	10
1210030805	完美水晶弓+5	84	4	8	3	7800000	273		0	用水晶制作的弓身能够更稳定的发射	7000	0	0	1200	0	0	0	1258	1738	424	452	-500	-500	44	3	157	217	53	56	2	0	10	0	2	0	0	10
1210030806	完美水晶弓+6	84	4	8	3	7800000	273		0	用水晶制作的弓身能够更稳定的发射	7500	0	0	1200	0	0	0	1286	1766	436	464	-500	-500	45	3	160	220	54	58	2	0	10	0	2	0	0	10
1210030807	完美水晶弓+7	84	4	8	3	7800000	273		0	用水晶制作的弓身能够更稳定的发射	8000	50	24000	1200	0	0	0	1314	1794	448	476	-500	-500	46	3	164	224	56	59	2	0	10	0	2	0	0	10
1210030808	完美水晶弓+8	84	5	8	3	7800000	273		0	用水晶制作的弓身能够更稳定的发射	8500	150	24000	1200	0	0	0	1342	1822	460	488	-500	-500	47	3	167	227	57	61	2	0	10	0	2	0	0	10
1210030809	完美水晶弓+9	84	5	8	3	7800000	273		0	用水晶制作的弓身能够更稳定的发射	9000	250	24000	1200	0	0	0	1370	1850	472	500	-500	-500	48	3	171	231	59	62	2	0	10	0	2	0	0	10
1210030810	完美水晶弓+10	84	6	8	3	7800000	273		0	用水晶制作的弓身能够更稳定的发射	0	350	24000	1200	0	0	0	1398	1878	484	512	-500	-500	49	3	174	234	60	64	2	0	10	0	2	0	0	10
1210040800	神品水晶弓	84	0	8	4	13000000	455		0	用水晶制作的弓身能够更稳定的发射	4500	0	0	2000	0	0	0	1118	1598	364	392	-500	-500	39	3	139	199	45	49	2	10	10	10	2	10	10	10
1210040801	神品水晶弓+1	84	0	8	4	13000000	455		0	用水晶制作的弓身能够更稳定的发射	5000	0	0	2000	0	0	0	1146	1626	376	404	-500	-500	40	3	143	203	47	50	2	10	10	10	2	10	10	10
1210040802	神品水晶弓+2	84	0	8	4	13000000	455		0	用水晶制作的弓身能够更稳定的发射	5500	0	0	2000	0	0	0	1174	1654	388	416	-500	-500	41	3	146	206	48	52	2	10	10	10	2	10	10	10
1210040803	神品水晶弓+3	84	4	8	4	13000000	455		0	用水晶制作的弓身能够更稳定的发射	6000	0	0	2000	0	0	0	1202	1682	400	428	-500	-500	42	3	150	210	50	53	2	10	10	10	2	10	10	10
1210040804	神品水晶弓+4	84	4	8	4	13000000	455		0	用水晶制作的弓身能够更稳定的发射	6500	0	0	2000	0	0	0	1230	1710	412	440	-500	-500	43	3	153	213	51	55	2	10	10	10	2	10	10	10
1210040805	神品水晶弓+5	84	5	8	4	13000000	455		0	用水晶制作的弓身能够更稳定的发射	7000	0	0	2000	0	0	0	1258	1738	424	452	-500	-500	44	3	157	217	53	56	2	10	10	10	2	10	10	10
1210040806	神品水晶弓+6	84	5	8	4	13000000	455		0	用水晶制作的弓身能够更稳定的发射	7500	0	0	2000	0	0	0	1286	1766	436	464	-500	-500	45	3	160	220	54	58	2	10	10	10	2	10	10	10
1210040807	神品水晶弓+7	84	5	8	4	13000000	455		0	用水晶制作的弓身能够更稳定的发射	8000	0	0	2000	0	0	0	1314	1794	448	476	-500	-500	46	3	164	224	56	59	2	10	10	10	2	10	10	10
1210040808	神品水晶弓+8	84	6	8	4	13000000	455		0	用水晶制作的弓身能够更稳定的发射	8500	0	0	2000	0	0	0	1342	1822	460	488	-500	-500	47	3	167	227	57	61	2	10	10	10	2	10	10	10
1210040809	神品水晶弓+9	84	6	8	4	13000000	455		0	用水晶制作的弓身能够更稳定的发射	9000	0	0	2000	0	0	0	1370	1850	472	500	-500	-500	48	3	171	231	59	62	2	10	10	10	2	10	10	10
1210040810	神品水晶弓+10	84	7	8	4	13000000	455		0	用水晶制作的弓身能够更稳定的发射	0	0	0	2000	0	0	0	1398	1878	484	512	-500	-500	49	3	174	234	60	64	2	10	10	10	2	10	10	10
1210000900	穿云弓	96	0	9	0	22780	0		0	具有穿越云霄的神气力量	6000	0	0	0	0	0	0	1310	1856	450	478	-500	-500	49	4	0	0	0	0	0	0	0	0	0	0	0	0
1210000901	穿云弓+1	96	0	9	0	22780	0		0	具有穿越云霄的神气力量	7000	0	0	0	0	0	0	1338	1884	462	490	-500	-500	50	4	0	0	0	0	0	0	0	0	0	0	0	0
1210000902	穿云弓+2	96	0	9	0	22780	0		0	具有穿越云霄的神气力量	8000	0	0	0	0	0	0	1366	1912	474	502	-500	-500	51	4	0	0	0	0	0	0	0	0	0	0	0	0
1210000903	穿云弓+3	96	0	9	0	22780	0		0	具有穿越云霄的神气力量	9000	6000	21000	0	0	0	0	1394	1940	486	514	-500	-500	52	4	0	0	0	0	0	0	0	0	0	0	0	0
1210000904	穿云弓+4	96	0	9	0	22780	0		0	具有穿越云霄的神气力量	10000	7000	21000	0	0	0	0	1422	1968	498	526	-500	-500	53	4	0	0	0	0	0	0	0	0	0	0	0	0
1210000905	穿云弓+5	96	0	9	0	22780	0		0	具有穿越云霄的神气力量	11000	8000	21000	0	0	0	0	1450	1996	510	538	-500	-500	54	4	0	0	0	0	0	0	0	0	0	0	0	0
1210000906	穿云弓+6	96	0	9	0	22780	0		0	具有穿越云霄的神气力量	12000	9000	21000	0	0	0	0	1478	2024	522	550	-500	-500	55	4	0	0	0	0	0	0	0	0	0	0	0	0
1210000907	穿云弓+7	96	0	9	0	22780	0		0	具有穿越云霄的神气力量	13000	10000	21000	0	0	0	0	1506	2052	534	562	-500	-500	56	4	0	0	0	0	0	0	0	0	0	0	0	0
1210000908	穿云弓+8	96	0	9	0	22780	0		0	具有穿越云霄的神气力量	14000	10000	21000	0	0	0	0	1534	2080	546	574	-500	-500	57	4	0	0	0	0	0	0	0	0	0	0	0	0
1210000909	穿云弓+9	96	0	9	0	22780	0		0	具有穿越云霄的神气力量	15000	10000	21000	0	0	0	0	1562	2108	558	586	-500	-500	58	4	0	0	0	0	0	0	0	0	0	0	0	0
1210000910	穿云弓+10	96	0	9	0	22780	0		0	具有穿越云霄的神气力量	0	10000	21000	0	0	0	0	1590	2136	570	598	-500	-500	59	4	0	0	0	0	0	0	0	0	0	0	0	0
1210010900	精品穿云弓	96	0	9	1	22780	0		0	具有穿越云霄的神气力量	6000	0	0	0	0	0	0	1310	1856	450	478	-500	-500	49	4	163	232	0	0	0	0	0	0	0	0	0	0
1210010901	精品穿云弓+1	96	0	9	1	22780	0		0	具有穿越云霄的神气力量	7000	0	0	0	0	0	0	1338	1884	462	490	-500	-500	50	4	167	235	0	0	0	0	0	0	0	0	0	0
1210010902	精品穿云弓+2	96	0	9	1	22780	0		0	具有穿越云霄的神气力量	8000	0	0	0	0	0	0	1366	1912	474	502	-500	-500	51	4	170	239	0	0	0	0	0	0	0	0	0	0
1210010903	精品穿云弓+3	96	1	9	1	22780	0		0	具有穿越云霄的神气力量	9000	0	0	0	0	0	0	1394	1940	486	514	-500	-500	52	4	174	242	0	0	0	0	0	0	0	0	0	0
1210010904	精品穿云弓+4	96	1	9	1	22780	0		0	具有穿越云霄的神气力量	10000	1000	24000	0	0	0	0	1422	1968	498	526	-500	-500	53	4	177	246	0	0	0	0	0	0	0	0	0	0
1210010905	精品穿云弓+5	96	2	9	1	22780	0		0	具有穿越云霄的神气力量	11000	2000	24000	0	0	0	0	1450	1996	510	538	-500	-500	54	4	181	249	0	0	0	0	0	0	0	0	0	0
1210010906	精品穿云弓+6	96	2	9	1	22780	0		0	具有穿越云霄的神气力量	12000	3000	24000	0	0	0	0	1478	2024	522	550	-500	-500	55	4	184	253	0	0	0	0	0	0	0	0	0	0
1210010907	精品穿云弓+7	96	2	9	1	22780	0		0	具有穿越云霄的神气力量	13000	4000	24000	0	0	0	0	1506	2052	534	562	-500	-500	56	4	188	256	0	0	0	0	0	0	0	0	0	0
1210010908	精品穿云弓+8	96	3	9	1	22780	0		0	具有穿越云霄的神气力量	14000	6000	24000	0	0	0	0	1534	2080	546	574	-500	-500	57	4	191	260	0	0	0	0	0	0	0	0	0	0
1210010909	精品穿云弓+9	96	3	9	1	22780	0		0	具有穿越云霄的神气力量	15000	8000	24000	0	0	0	0	1562	2108	558	586	-500	-500	58	4	195	263	0	0	0	0	0	0	0	0	0	0
1210010910	精品穿云弓+10	96	4	9	1	22780	0		0	具有穿越云霄的神气力量	0	10000	24000	0	0	0	0	1590	2136	570	598	-500	-500	59	4	198	267	0	0	0	0	0	0	0	0	0	0
1210020900	极品穿云弓	96	0	9	2	22780	0		0	具有穿越云霄的神气力量	6000	0	0	0	0	0	0	1310	1856	450	478	-500	-500	49	4	163	232	56	59	2	0	0	0	2	0	0	0
1210020901	极品穿云弓+1	96	0	9	2	22780	0		0	具有穿越云霄的神气力量	7000	0	0	0	0	0	0	1338	1884	462	490	-500	-500	50	4	167	235	57	61	2	0	0	0	2	0	0	0
1210020902	极品穿云弓+2	96	0	9	2	22780	0		0	具有穿越云霄的神气力量	8000	0	0	0	0	0	0	1366	1912	474	502	-500	-500	51	4	170	239	59	62	2	0	0	0	2	0	0	0
1210020903	极品穿云弓+3	96	2	9	2	22780	0		0	具有穿越云霄的神气力量	9000	0	0	0	0	0	0	1394	1940	486	514	-500	-500	52	4	174	242	60	64	2	0	0	0	2	0	0	0
1210020904	极品穿云弓+4	96	2	9	2	22780	0		0	具有穿越云霄的神气力量	10000	0	0	0	0	0	0	1422	1968	498	526	-500	-500	53	4	177	246	62	65	2	0	0	0	2	0	0	0
1210020905	极品穿云弓+5	96	3	9	2	22780	0		0	具有穿越云霄的神气力量	11000	200	27000	0	0	0	0	1450	1996	510	538	-500	-500	54	4	181	249	63	67	2	0	0	0	2	0	0	0
1210020906	极品穿云弓+6	96	3	9	2	22780	0		0	具有穿越云霄的神气力量	12000	400	27000	0	0	0	0	1478	2024	522	550	-500	-500	55	4	184	253	65	68	2	0	0	0	2	0	0	0
1210020907	极品穿云弓+7	96	3	9	2	22780	0		0	具有穿越云霄的神气力量	13000	600	27000	0	0	0	0	1506	2052	534	562	-500	-500	56	4	188	256	66	70	2	0	0	0	2	0	0	0
1210020908	极品穿云弓+8	96	4	9	2	22780	0		0	具有穿越云霄的神气力量	14000	800	27000	0	0	0	0	1534	2080	546	574	-500	-500	57	4	191	260	68	71	2	0	0	0	2	0	0	0
1210020909	极品穿云弓+9	96	4	9	2	22780	0		0	具有穿越云霄的神气力量	15000	1000	27000	0	0	0	0	1562	2108	558	586	-500	-500	58	4	195	263	69	73	2	0	0	0	2	0	0	0
1210020910	极品穿云弓+10	96	5	9	2	22780	0		0	具有穿越云霄的神气力量	0	1200	27000	0	0	0	0	1590	2136	570	598	-500	-500	59	4	198	267	71	74	2	0	0	0	2	0	0	0
1210030900	完美穿云弓	96	0	9	3	10800000	325		0	具有穿越云霄的神气力量	6000	0	0	1440	0	0	0	1310	1856	450	478	-500	-500	49	4	163	232	56	59	2	0	10	0	2	0	0	10
1210030901	完美穿云弓+1	96	0	9	3	10800000	325		0	具有穿越云霄的神气力量	7000	0	0	1440	0	0	0	1338	1884	462	490	-500	-500	50	4	167	235	57	61	2	0	10	0	2	0	0	10
1210030902	完美穿云弓+2	96	0	9	3	10800000	325		0	具有穿越云霄的神气力量	8000	0	0	1440	0	0	0	1366	1912	474	502	-500	-500	51	4	170	239	59	62	2	0	10	0	2	0	0	10
1210030903	完美穿云弓+3	96	3	9	3	10800000	325		0	具有穿越云霄的神气力量	9000	0	0	1440	0	0	0	1394	1940	486	514	-500	-500	52	4	174	242	60	64	2	0	10	0	2	0	0	10
1210030904	完美穿云弓+4	96	3	9	3	10800000	325		0	具有穿越云霄的神气力量	10000	0	0	1440	0	0	0	1422	1968	498	526	-500	-500	53	4	177	246	62	65	2	0	10	0	2	0	0	10
1210030905	完美穿云弓+5	96	4	9	3	10800000	325		0	具有穿越云霄的神气力量	11000	0	0	1440	0	0	0	1450	1996	510	538	-500	-500	54	4	181	249	63	67	2	0	10	0	2	0	0	10
1210030906	完美穿云弓+6	96	4	9	3	10800000	325		0	具有穿越云霄的神气力量	12000	0	0	1440	0	0	0	1478	2024	522	550	-500	-500	55	4	184	253	65	68	2	0	10	0	2	0	0	10
1210030907	完美穿云弓+7	96	4	9	3	10800000	325		0	具有穿越云霄的神气力量	13000	70	30000	1440	0	0	0	1506	2052	534	562	-500	-500	56	4	188	256	66	70	2	0	10	0	2	0	0	10
1210030908	完美穿云弓+8	96	5	9	3	10800000	325		0	具有穿越云霄的神气力量	14000	170	30000	1440	0	0	0	1534	2080	546	574	-500	-500	57	4	191	260	68	71	2	0	10	0	2	0	0	10
1210030909	完美穿云弓+9	96	5	9	3	10800000	325		0	具有穿越云霄的神气力量	15000	270	30000	1440	0	0	0	1562	2108	558	586	-500	-500	58	4	195	263	69	73	2	0	10	0	2	0	0	10
1210030910	完美穿云弓+10	96	6	9	3	10800000	325		0	具有穿越云霄的神气力量	0	370	30000	1440	0	0	0	1590	2136	570	598	-500	-500	59	4	198	267	71	74	2	0	10	0	2	0	0	10
1210040900	神品穿云弓	96	0	9	4	18000000	540		0	具有穿越云霄的神气力量	6000	0	0	2400	0	0	0	1310	1856	450	478	-500	-500	49	4	163	232	56	59	2	10	10	10	2	10	10	10
1210040901	神品穿云弓+1	96	0	9	4	18000000	540		0	具有穿越云霄的神气力量	7000	0	0	2400	0	0	0	1338	1884	462	490	-500	-500	50	4	167	235	57	61	2	10	10	10	2	10	10	10
1210040902	神品穿云弓+2	96	0	9	4	18000000	540		0	具有穿越云霄的神气力量	8000	0	0	2400	0	0	0	1366	1912	474	502	-500	-500	51	4	170	239	59	62	2	10	10	10	2	10	10	10
1210040903	神品穿云弓+3	96	4	9	4	18000000	540		0	具有穿越云霄的神气力量	9000	0	0	2400	0	0	0	1394	1940	486	514	-500	-500	52	4	174	242	60	64	2	10	10	10	2	10	10	10
1210040904	神品穿云弓+4	96	4	9	4	18000000	540		0	具有穿越云霄的神气力量	10000	0	0	2400	0	0	0	1422	1968	498	526	-500	-500	53	4	177	246	62	65	2	10	10	10	2	10	10	10
1210040905	神品穿云弓+5	96	5	9	4	18000000	540		0	具有穿越云霄的神气力量	11000	0	0	2400	0	0	0	1450	1996	510	538	-500	-500	54	4	181	249	63	67	2	10	10	10	2	10	10	10
1210040906	神品穿云弓+6	96	5	9	4	18000000	540		0	具有穿越云霄的神气力量	12000	0	0	2400	0	0	0	1478	2024	522	550	-500	-500	55	4	184	253	65	68	2	10	10	10	2	10	10	10
1210040907	神品穿云弓+7	96	5	9	4	18000000	540		0	具有穿越云霄的神气力量	13000	0	0	2400	0	0	0	1506	2052	534	562	-500	-500	56	4	188	256	66	70	2	10	10	10	2	10	10	10
1210040908	神品穿云弓+8	96	6	9	4	18000000	540		0	具有穿越云霄的神气力量	14000	0	0	2400	0	0	0	1534	2080	546	574	-500	-500	57	4	191	260	68	71	2	10	10	10	2	10	10	10
1210040909	神品穿云弓+9	96	6	9	4	18000000	540		0	具有穿越云霄的神气力量	15000	0	0	2400	0	0	0	1562	2108	558	586	-500	-500	58	4	195	263	69	73	2	10	10	10	2	10	10	10
1210040910	神品穿云弓+10	96	7	9	4	18000000	540		0	具有穿越云霄的神气力量	0	0	0	2400	0	0	0	1590	2136	570	598	-500	-500	59	4	198	267	71	74	2	10	10	10	2	10	10	10
1210001000	狩猎长弓	108	0	10	0	42714	0		0	狩猎天神的惩戒之弓改造的长弓	10000	0	0	0	0	0	0	1512	2226	484	520	-500	-500	52	4	0	0	0	0	0	0	0	0	0	0	0	0
1210001001	狩猎长弓+1	108	0	10	0	42714	0		0	狩猎天神的惩戒之弓改造的长弓	11000	0	0	0	0	0	0	1540	2254	496	532	-500	-500	53	4	0	0	0	0	0	0	0	0	0	0	0	0
1210001002	狩猎长弓+2	108	0	10	0	42714	0		0	狩猎天神的惩戒之弓改造的长弓	12000	0	0	0	0	0	0	1568	2282	508	544	-500	-500	54	4	0	0	0	0	0	0	0	0	0	0	0	0
1210001003	狩猎长弓+3	108	0	10	0	42714	0		0	狩猎天神的惩戒之弓改造的长弓	13000	6000	27000	0	0	0	0	1596	2310	520	556	-500	-500	55	4	0	0	0	0	0	0	0	0	0	0	0	0
1210001004	狩猎长弓+4	108	0	10	0	42714	0		0	狩猎天神的惩戒之弓改造的长弓	14000	6500	27000	0	0	0	0	1624	2338	532	568	-500	-500	56	4	0	0	0	0	0	0	0	0	0	0	0	0
1210001005	狩猎长弓+5	108	0	10	0	42714	0		0	狩猎天神的惩戒之弓改造的长弓	15000	7000	27000	0	0	0	0	1652	2366	544	580	-500	-500	57	4	0	0	0	0	0	0	0	0	0	0	0	0
1210001006	狩猎长弓+6	108	0	10	0	42714	0		0	狩猎天神的惩戒之弓改造的长弓	16000	7500	27000	0	0	0	0	1680	2394	556	592	-500	-500	58	4	0	0	0	0	0	0	0	0	0	0	0	0
1210001007	狩猎长弓+7	108	0	10	0	42714	0		0	狩猎天神的惩戒之弓改造的长弓	17000	8000	27000	0	0	0	0	1708	2422	568	604	-500	-500	59	4	0	0	0	0	0	0	0	0	0	0	0	0
1210001008	狩猎长弓+8	108	0	10	0	42714	0		0	狩猎天神的惩戒之弓改造的长弓	18000	8500	27000	0	0	0	0	1736	2450	580	616	-500	-500	60	4	0	0	0	0	0	0	0	0	0	0	0	0
1210001009	狩猎长弓+9	108	0	10	0	42714	0		0	狩猎天神的惩戒之弓改造的长弓	19000	9000	27000	0	0	0	0	1764	2478	592	628	-500	-500	61	4	0	0	0	0	0	0	0	0	0	0	0	0
1210001010	狩猎长弓+10	108	0	10	0	42714	0		0	狩猎天神的惩戒之弓改造的长弓	0	9500	27000	0	0	0	0	1792	2506	604	640	-500	-500	62	4	0	0	0	0	0	0	0	0	0	0	0	0
1210011000	精品狩猎长弓	108	0	10	1	42714	0		0	狩猎天神的惩戒之弓改造的长弓	10000	0	0	0	0	0	0	1512	2226	484	520	-500	-500	52	4	189	278	0	0	0	0	0	0	0	0	0	0
1210011001	精品狩猎长弓+1	108	0	10	1	42714	0		0	狩猎天神的惩戒之弓改造的长弓	11000	0	0	0	0	0	0	1540	2254	496	532	-500	-500	53	4	192	281	0	0	0	0	0	0	0	0	0	0
1210011002	精品狩猎长弓+2	108	0	10	1	42714	0		0	狩猎天神的惩戒之弓改造的长弓	12000	0	0	0	0	0	0	1568	2282	508	544	-500	-500	54	4	196	285	0	0	0	0	0	0	0	0	0	0
1210011003	精品狩猎长弓+3	108	1	10	1	42714	0		0	狩猎天神的惩戒之弓改造的长弓	13000	0	0	0	0	0	0	1596	2310	520	556	-500	-500	55	4	199	288	0	0	0	0	0	0	0	0	0	0
1210011004	精品狩猎长弓+4	108	1	10	1	42714	0		0	狩猎天神的惩戒之弓改造的长弓	14000	1000	31000	0	0	0	0	1624	2338	532	568	-500	-500	56	4	203	292	0	0	0	0	0	0	0	0	0	0
1210011005	精品狩猎长弓+5	108	2	10	1	42714	0		0	狩猎天神的惩戒之弓改造的长弓	15000	2000	31000	0	0	0	0	1652	2366	544	580	-500	-500	57	4	206	295	0	0	0	0	0	0	0	0	0	0
1210011006	精品狩猎长弓+6	108	2	10	1	42714	0		0	狩猎天神的惩戒之弓改造的长弓	16000	3000	31000	0	0	0	0	1680	2394	556	592	-500	-500	58	4	210	299	0	0	0	0	0	0	0	0	0	0
1210011007	精品狩猎长弓+7	108	2	10	1	42714	0		0	狩猎天神的惩戒之弓改造的长弓	17000	4000	31000	0	0	0	0	1708	2422	568	604	-500	-500	59	4	213	302	0	0	0	0	0	0	0	0	0	0
1210011008	精品狩猎长弓+8	108	3	10	1	42714	0		0	狩猎天神的惩戒之弓改造的长弓	18000	6000	31000	0	0	0	0	1736	2450	580	616	-500	-500	60	4	217	306	0	0	0	0	0	0	0	0	0	0
1210011009	精品狩猎长弓+9	108	3	10	1	42714	0		0	狩猎天神的惩戒之弓改造的长弓	19000	8000	31000	0	0	0	0	1764	2478	592	628	-500	-500	61	4	220	309	0	0	0	0	0	0	0	0	0	0
1210011010	精品狩猎长弓+10	108	4	10	1	42714	0		0	狩猎天神的惩戒之弓改造的长弓	0	10000	31000	0	0	0	0	1792	2506	604	640	-500	-500	62	4	224	313	0	0	0	0	0	0	0	0	0	0
1210021000	极品狩猎长弓	108	0	10	2	42714	0		0	狩猎天神的惩戒之弓改造的长弓	10000	0	0	0	0	0	0	1512	2226	484	520	-500	-500	52	4	189	278	60	65	2	0	0	0	2	0	0	0
1210021001	极品狩猎长弓+1	108	0	10	2	42714	0		0	狩猎天神的惩戒之弓改造的长弓	11000	0	0	0	0	0	0	1540	2254	496	532	-500	-500	53	4	192	281	62	66	2	0	0	0	2	0	0	0
1210021002	极品狩猎长弓+2	108	0	10	2	42714	0		0	狩猎天神的惩戒之弓改造的长弓	12000	0	0	0	0	0	0	1568	2282	508	544	-500	-500	54	4	196	285	63	68	2	0	0	0	2	0	0	0
1210021003	极品狩猎长弓+3	108	2	10	2	42714	0		0	狩猎天神的惩戒之弓改造的长弓	13000	0	0	0	0	0	0	1596	2310	520	556	-500	-500	55	4	199	288	65	69	2	0	0	0	2	0	0	0
1210021004	极品狩猎长弓+4	108	2	10	2	42714	0		0	狩猎天神的惩戒之弓改造的长弓	14000	0	0	0	0	0	0	1624	2338	532	568	-500	-500	56	4	203	292	66	71	2	0	0	0	2	0	0	0
1210021005	极品狩猎长弓+5	108	3	10	2	42714	0		0	狩猎天神的惩戒之弓改造的长弓	15000	200	35000	0	0	0	0	1652	2366	544	580	-500	-500	57	4	206	295	68	72	2	0	0	0	2	0	0	0
1210021006	极品狩猎长弓+6	108	3	10	2	42714	0		0	狩猎天神的惩戒之弓改造的长弓	16000	400	35000	0	0	0	0	1680	2394	556	592	-500	-500	58	4	210	299	69	74	2	0	0	0	2	0	0	0
1210021007	极品狩猎长弓+7	108	3	10	2	42714	0		0	狩猎天神的惩戒之弓改造的长弓	17000	600	35000	0	0	0	0	1708	2422	568	604	-500	-500	59	4	213	302	71	75	2	0	0	0	2	0	0	0
1210021008	极品狩猎长弓+8	108	4	10	2	42714	0		0	狩猎天神的惩戒之弓改造的长弓	18000	800	35000	0	0	0	0	1736	2450	580	616	-500	-500	60	4	217	306	72	77	2	0	0	0	2	0	0	0
1210021009	极品狩猎长弓+9	108	4	10	2	42714	0		0	狩猎天神的惩戒之弓改造的长弓	19000	1000	35000	0	0	0	0	1764	2478	592	628	-500	-500	61	4	220	309	74	78	2	0	0	0	2	0	0	0
1210021010	极品狩猎长弓+10	108	5	10	2	42714	0		0	狩猎天神的惩戒之弓改造的长弓	0	1200	35000	0	0	0	0	1792	2506	604	640	-500	-500	62	4	224	313	75	80	2	0	0	0	2	0	0	0
1210031000	完美狩猎长弓	108	0	10	3	14400000	432		0	狩猎天神的惩戒之弓改造的长弓	10000	0	0	1680	0	0	0	1512	2226	484	520	-500	-500	52	4	189	278	60	65	2	0	10	0	2	0	0	10
1210031001	完美狩猎长弓+1	108	0	10	3	14400000	432		0	狩猎天神的惩戒之弓改造的长弓	11000	0	0	1680	0	0	0	1540	2254	496	532	-500	-500	53	4	192	281	62	66	2	0	10	0	2	0	0	10
1210031002	完美狩猎长弓+2	108	0	10	3	14400000	432		0	狩猎天神的惩戒之弓改造的长弓	12000	0	0	1680	0	0	0	1568	2282	508	544	-500	-500	54	4	196	285	63	68	2	0	10	0	2	0	0	10
1210031003	完美狩猎长弓+3	108	3	10	3	14400000	432		0	狩猎天神的惩戒之弓改造的长弓	13000	0	0	1680	0	0	0	1596	2310	520	556	-500	-500	55	4	199	288	65	69	2	0	10	0	2	0	0	10
1210031004	完美狩猎长弓+4	108	3	10	3	14400000	432		0	狩猎天神的惩戒之弓改造的长弓	14000	0	0	1680	0	0	0	1624	2338	532	568	-500	-500	56	4	203	292	66	71	2	0	10	0	2	0	0	10
1210031005	完美狩猎长弓+5	108	4	10	3	14400000	432		0	狩猎天神的惩戒之弓改造的长弓	15000	0	0	1680	0	0	0	1652	2366	544	580	-500	-500	57	4	206	295	68	72	2	0	10	0	2	0	0	10
1210031006	完美狩猎长弓+6	108	4	10	3	14400000	432		0	狩猎天神的惩戒之弓改造的长弓	16000	0	0	1680	0	0	0	1680	2394	556	592	-500	-500	58	4	210	299	69	74	2	0	10	0	2	0	0	10
1210031007	完美狩猎长弓+7	108	4	10	3	14400000	432		0	狩猎天神的惩戒之弓改造的长弓	17000	70	39000	1680	0	0	0	1708	2422	568	604	-500	-500	59	4	213	302	71	75	2	0	10	0	2	0	0	10
1210031008	完美狩猎长弓+8	108	5	10	3	14400000	432		0	狩猎天神的惩戒之弓改造的长弓	18000	170	39000	1680	0	0	0	1736	2450	580	616	-500	-500	60	4	217	306	72	77	2	0	10	0	2	0	0	10
1210031009	完美狩猎长弓+9	108	5	10	3	14400000	432		0	狩猎天神的惩戒之弓改造的长弓	19000	270	39000	1680	0	0	0	1764	2478	592	628	-500	-500	61	4	220	309	74	78	2	0	10	0	2	0	0	10
1210031010	完美狩猎长弓+10	108	6	10	3	14400000	432		0	狩猎天神的惩戒之弓改造的长弓	0	370	39000	1680	0	0	0	1792	2506	604	640	-500	-500	62	4	224	313	75	80	2	0	10	0	2	0	0	10
1210041000	神品狩猎长弓	108	0	10	4	24000000	720		0	狩猎天神的惩戒之弓改造的长弓	10000	0	0	2800	0	0	0	1512	2226	484	520	-500	-500	52	4	189	278	60	65	2	10	10	10	2	10	10	10
1210041001	神品狩猎长弓+1	108	0	10	4	24000000	720		0	狩猎天神的惩戒之弓改造的长弓	11000	0	0	2800	0	0	0	1540	2254	496	532	-500	-500	53	4	192	281	62	66	2	10	10	10	2	10	10	10
1210041002	神品狩猎长弓+2	108	0	10	4	24000000	720		0	狩猎天神的惩戒之弓改造的长弓	12000	0	0	2800	0	0	0	1568	2282	508	544	-500	-500	54	4	196	285	63	68	2	10	10	10	2	10	10	10
1210041003	神品狩猎长弓+3	108	4	10	4	24000000	720		0	狩猎天神的惩戒之弓改造的长弓	13000	0	0	2800	0	0	0	1596	2310	520	556	-500	-500	55	4	199	288	65	69	2	10	10	10	2	10	10	10
1210041004	神品狩猎长弓+4	108	4	10	4	24000000	720		0	狩猎天神的惩戒之弓改造的长弓	14000	0	0	2800	0	0	0	1624	2338	532	568	-500	-500	56	4	203	292	66	71	2	10	10	10	2	10	10	10
1210041005	神品狩猎长弓+5	108	5	10	4	24000000	720		0	狩猎天神的惩戒之弓改造的长弓	15000	0	0	2800	0	0	0	1652	2366	544	580	-500	-500	57	4	206	295	68	72	2	10	10	10	2	10	10	10
1210041006	神品狩猎长弓+6	108	5	10	4	24000000	720		0	狩猎天神的惩戒之弓改造的长弓	16000	0	0	2800	0	0	0	1680	2394	556	592	-500	-500	58	4	210	299	69	74	2	10	10	10	2	10	10	10
1210041007	神品狩猎长弓+7	108	5	10	4	24000000	720		0	狩猎天神的惩戒之弓改造的长弓	17000	0	0	2800	0	0	0	1708	2422	568	604	-500	-500	59	4	213	302	71	75	2	10	10	10	2	10	10	10
1210041008	神品狩猎长弓+8	108	6	10	4	24000000	720		0	狩猎天神的惩戒之弓改造的长弓	18000	0	0	2800	0	0	0	1736	2450	580	616	-500	-500	60	4	217	306	72	77	2	10	10	10	2	10	10	10
1210041009	神品狩猎长弓+9	108	6	10	4	24000000	720		0	狩猎天神的惩戒之弓改造的长弓	19000	0	0	2800	0	0	0	1764	2478	592	628	-500	-500	61	4	220	309	74	78	2	10	10	10	2	10	10	10
1210041010	神品狩猎长弓+10	108	7	10	4	24000000	720		0	狩猎天神的惩戒之弓改造的长弓	0	0	0	2800	0	0	0	1792	2506	604	640	-500	-500	62	4	224	313	75	80	2	10	10	10	2	10	10	10
1210001100	射日长弓	120	0	11	0	76885	0		0	太阳神的配弓	15000	0	0	0	0	0	0	1722	2514	580	616	-500	-500	63	7	0	0	0	0	0	0	0	0	0	0	0	0
1210001101	射日长弓+1	120	0	11	0	76885	0		0	太阳神的配弓	17000	0	0	0	0	0	0	1752	2544	594	630	-500	-500	64	7	0	0	0	0	0	0	0	0	0	0	0	0
1210001102	射日长弓+2	120	0	11	0	76885	0		0	太阳神的配弓	19000	0	0	0	0	0	0	1782	2574	608	644	-500	-500	65	7	0	0	0	0	0	0	0	0	0	0	0	0
1210001103	射日长弓+3	120	0	11	0	76885	0		0	太阳神的配弓	21000	5000	35000	0	0	0	0	1812	2604	622	658	-500	-500	66	7	0	0	0	0	0	0	0	0	0	0	0	0
1210001104	射日长弓+4	120	0	11	0	76885	0		0	太阳神的配弓	23000	5500	35000	0	0	0	0	1842	2634	636	672	-500	-500	67	7	0	0	0	0	0	0	0	0	0	0	0	0
1210001105	射日长弓+5	120	0	11	0	76885	0		0	太阳神的配弓	25000	6000	35000	0	0	0	0	1872	2664	650	686	-500	-500	68	7	0	0	0	0	0	0	0	0	0	0	0	0
1210001106	射日长弓+6	120	0	11	0	76885	0		0	太阳神的配弓	27000	6500	35000	0	0	0	0	1902	2694	664	700	-500	-500	69	7	0	0	0	0	0	0	0	0	0	0	0	0
1210001107	射日长弓+7	120	0	11	0	76885	0		0	太阳神的配弓	29000	7000	35000	0	0	0	0	1932	2724	678	714	-500	-500	70	7	0	0	0	0	0	0	0	0	0	0	0	0
1210001108	射日长弓+8	120	0	11	0	76885	0		0	太阳神的配弓	31000	7500	35000	0	0	0	0	1962	2754	692	728	-500	-500	71	7	0	0	0	0	0	0	0	0	0	0	0	0
1210001109	射日长弓+9	120	0	11	0	76885	0		0	太阳神的配弓	33000	8000	35000	0	0	0	0	1992	2784	706	742	-500	-500	72	7	0	0	0	0	0	0	0	0	0	0	0	0
1210001110	射日长弓+10	120	0	11	0	76885	0		0	太阳神的配弓	0	8500	35000	0	0	0	0	2022	2814	720	756	-500	-500	73	7	0	0	0	0	0	0	0	0	0	0	0	0
1210011100	精品射日长弓	120	0	11	1	76885	0		0	太阳神的配弓	15000	0	0	0	0	0	0	1722	2514	580	616	-500	-500	63	7	215	314	0	0	0	0	0	0	0	0	0	0
1210011101	精品射日长弓+1	120	0	11	1	76885	0		0	太阳神的配弓	17000	0	0	0	0	0	0	1752	2544	594	630	-500	-500	64	7	219	318	0	0	0	0	0	0	0	0	0	0
1210011102	精品射日长弓+2	120	0	11	1	76885	0		0	太阳神的配弓	19000	0	0	0	0	0	0	1782	2574	608	644	-500	-500	65	7	222	321	0	0	0	0	0	0	0	0	0	0
1210011103	精品射日长弓+3	120	1	11	1	76885	0		0	太阳神的配弓	21000	0	0	0	0	0	0	1812	2604	622	658	-500	-500	66	7	226	325	0	0	0	0	0	0	0	0	0	0
1210011104	精品射日长弓+4	120	1	11	1	76885	0		0	太阳神的配弓	23000	1000	40000	0	0	0	0	1842	2634	636	672	-500	-500	67	7	230	329	0	0	0	0	0	0	0	0	0	0
1210011105	精品射日长弓+5	120	2	11	1	76885	0		0	太阳神的配弓	25000	2000	40000	0	0	0	0	1872	2664	650	686	-500	-500	68	7	234	333	0	0	0	0	0	0	0	0	0	0
1210011106	精品射日长弓+6	120	2	11	1	76885	0		0	太阳神的配弓	27000	3000	40000	0	0	0	0	1902	2694	664	700	-500	-500	69	7	237	336	0	0	0	0	0	0	0	0	0	0
1210011107	精品射日长弓+7	120	2	11	1	76885	0		0	太阳神的配弓	29000	4000	40000	0	0	0	0	1932	2724	678	714	-500	-500	70	7	241	340	0	0	0	0	0	0	0	0	0	0
1210011108	精品射日长弓+8	120	3	11	1	76885	0		0	太阳神的配弓	31000	6000	40000	0	0	0	0	1962	2754	692	728	-500	-500	71	7	245	344	0	0	0	0	0	0	0	0	0	0
1210011109	精品射日长弓+9	120	3	11	1	76885	0		0	太阳神的配弓	33000	8000	40000	0	0	0	0	1992	2784	706	742	-500	-500	72	7	249	348	0	0	0	0	0	0	0	0	0	0
1210011110	精品射日长弓+10	120	4	11	1	76885	0		0	太阳神的配弓	0	10000	40000	0	0	0	0	2022	2814	720	756	-500	-500	73	7	252	351	0	0	0	0	0	0	0	0	0	0
1210021100	极品射日长弓	120	0	11	2	76885	0		0	太阳神的配弓	15000	0	0	0	0	0	0	1722	2514	580	616	-500	-500	63	7	215	314	72	77	2	0	0	0	2	0	0	0
1210021101	极品射日长弓+1	120	0	11	2	76885	0		0	太阳神的配弓	17000	0	0	0	0	0	0	1752	2544	594	630	-500	-500	64	7	219	318	74	78	2	0	0	0	2	0	0	0
1210021102	极品射日长弓+2	120	0	11	2	76885	0		0	太阳神的配弓	19000	0	0	0	0	0	0	1782	2574	608	644	-500	-500	65	7	222	321	76	80	2	0	0	0	2	0	0	0
1210021103	极品射日长弓+3	120	2	11	2	76885	0		0	太阳神的配弓	21000	0	0	0	0	0	0	1812	2604	622	658	-500	-500	66	7	226	325	77	82	2	0	0	0	2	0	0	0
1210021104	极品射日长弓+4	120	2	11	2	76885	0		0	太阳神的配弓	23000	0	0	0	0	0	0	1842	2634	636	672	-500	-500	67	7	230	329	79	84	2	0	0	0	2	0	0	0
1210021105	极品射日长弓+5	120	3	11	2	76885	0		0	太阳神的配弓	25000	100	50000	0	0	0	0	1872	2664	650	686	-500	-500	68	7	234	333	81	85	2	0	0	0	2	0	0	0
1210021106	极品射日长弓+6	120	3	11	2	76885	0		0	太阳神的配弓	27000	300	50000	0	0	0	0	1902	2694	664	700	-500	-500	69	7	237	336	83	87	2	0	0	0	2	0	0	0
1210021107	极品射日长弓+7	120	3	11	2	76885	0		0	太阳神的配弓	29000	500	50000	0	0	0	0	1932	2724	678	714	-500	-500	70	7	241	340	84	89	2	0	0	0	2	0	0	0
1210021108	极品射日长弓+8	120	4	11	2	76885	0		0	太阳神的配弓	31000	700	50000	0	0	0	0	1962	2754	692	728	-500	-500	71	7	245	344	86	91	2	0	0	0	2	0	0	0
1210021109	极品射日长弓+9	120	4	11	2	76885	0		0	太阳神的配弓	33000	900	50000	0	0	0	0	1992	2784	706	742	-500	-500	72	7	249	348	88	92	2	0	0	0	2	0	0	0
1210021110	极品射日长弓+10	120	5	11	2	76885	0		0	太阳神的配弓	0	1100	50000	0	0	0	0	2022	2814	720	756	-500	-500	73	7	252	351	90	94	2	0	0	0	2	0	0	0
1210031100	完美射日长弓	120	0	11	3	18600000	558		0	太阳神的配弓	15000	0	0	0	0	0	0	1722	2514	580	616	-500	-500	63	7	215	314	72	77	2	0	10	0	2	0	0	10
1210031101	完美射日长弓+1	120	0	11	3	18600000	558		0	太阳神的配弓	17000	0	0	0	0	0	0	1752	2544	594	630	-500	-500	64	7	219	318	74	78	2	0	10	0	2	0	0	10
1210031102	完美射日长弓+2	120	0	11	3	18600000	558		0	太阳神的配弓	19000	0	0	0	0	0	0	1782	2574	608	644	-500	-500	65	7	222	321	76	80	2	0	10	0	2	0	0	10
1210031103	完美射日长弓+3	120	3	11	3	18600000	558		0	太阳神的配弓	21000	0	0	0	0	0	0	1812	2604	622	658	-500	-500	66	7	226	325	77	82	2	0	10	0	2	0	0	10
1210031104	完美射日长弓+4	120	3	11	3	18600000	558		0	太阳神的配弓	23000	0	0	0	0	0	0	1842	2634	636	672	-500	-500	67	7	230	329	79	84	2	0	10	0	2	0	0	10
1210031105	完美射日长弓+5	120	4	11	3	18600000	558		0	太阳神的配弓	25000	0	0	0	0	0	0	1872	2664	650	686	-500	-500	68	7	234	333	81	85	2	0	10	0	2	0	0	10
1210031106	完美射日长弓+6	120	4	11	3	18600000	558		0	太阳神的配弓	27000	0	0	0	0	0	0	1902	2694	664	700	-500	-500	69	7	237	336	83	87	2	0	10	0	2	0	0	10
1210031107	完美射日长弓+7	120	4	11	3	18600000	558		0	太阳神的配弓	29000	70	60000	0	0	0	0	1932	2724	678	714	-500	-500	70	7	241	340	84	89	2	0	10	0	2	0	0	10
1210031108	完美射日长弓+8	120	5	11	3	18600000	558		0	太阳神的配弓	31000	170	60000	0	0	0	0	1962	2754	692	728	-500	-500	71	7	245	344	86	91	2	0	10	0	2	0	0	10
1210031109	完美射日长弓+9	120	5	11	3	18600000	558		0	太阳神的配弓	33000	270	60000	0	0	0	0	1992	2784	706	742	-500	-500	72	7	249	348	88	92	2	0	10	0	2	0	0	10
1210031110	完美射日长弓+10	120	6	11	3	18600000	558		0	太阳神的配弓	0	370	60000	0	0	0	0	2022	2814	720	756	-500	-500	73	7	252	351	90	94	2	0	10	0	2	0	0	10
1210041100	神品射日长弓	120	0	11	4	31000000	930		0	太阳神的配弓	15000	0	0	0	0	0	0	1722	2514	580	616	-500	-500	63	7	215	314	72	77	2	10	10	10	2	10	10	10
1210041101	神品射日长弓+1	120	0	11	4	31000000	930		0	太阳神的配弓	17000	0	0	0	0	0	0	1752	2544	594	630	-500	-500	64	7	219	318	74	78	2	10	10	10	2	10	10	10
1210041102	神品射日长弓+2	120	0	11	4	31000000	930		0	太阳神的配弓	19000	0	0	0	0	0	0	1782	2574	608	644	-500	-500	65	7	222	321	76	80	2	10	10	10	2	10	10	10
1210041103	神品射日长弓+3	120	4	11	4	31000000	930		0	太阳神的配弓	21000	0	0	0	0	0	0	1812	2604	622	658	-500	-500	66	7	226	325	77	82	2	10	10	10	2	10	10	10
1210041104	神品射日长弓+4	120	4	11	4	31000000	930		0	太阳神的配弓	23000	0	0	0	0	0	0	1842	2634	636	672	-500	-500	67	7	230	329	79	84	2	10	10	10	2	10	10	10
1210041105	神品射日长弓+5	120	5	11	4	31000000	930		0	太阳神的配弓	25000	0	0	0	0	0	0	1872	2664	650	686	-500	-500	68	7	234	333	81	85	2	10	10	10	2	10	10	10
1210041106	神品射日长弓+6	120	5	11	4	31000000	930		0	太阳神的配弓	27000	0	0	0	0	0	0	1902	2694	664	700	-500	-500	69	7	237	336	83	87	2	10	10	10	2	10	10	10
1210041107	神品射日长弓+7	120	5	11	4	31000000	930		0	太阳神的配弓	29000	0	0	0	0	0	0	1932	2724	678	714	-500	-500	70	7	241	340	84	89	2	10	10	10	2	10	10	10
1210041108	神品射日长弓+8	120	6	11	4	31000000	930		0	太阳神的配弓	31000	0	0	0	0	0	0	1962	2754	692	728	-500	-500	71	7	245	344	86	91	2	10	10	10	2	10	10	10
1210041109	神品射日长弓+9	120	6	11	4	31000000	930		0	太阳神的配弓	33000	0	0	0	0	0	0	1992	2784	706	742	-500	-500	72	7	249	348	88	92	2	10	10	10	2	10	10	10
1210041110	神品射日长弓+10	120	7	11	4	31000000	930		0	太阳神的配弓	0	0	0	0	0	0	0	2022	2814	720	756	-500	-500	73	7	252	351	90	94	2	10	10	10	2	10	10	10
1210031200	超级新手长弓	0	0	4	3	2720000	204	攻击时有30%的几率让目标流血，每秒减少生命33，持续12秒	0	为新手准备的超级装备	1200	0	0	0	0	85000401	30	470	624	128	160	-500	-500	15	2	58	78	16	20	2	0	10	0	2	0	0	10
1210031201	超级新手长弓+1	0	0	4	3	2720000	204	攻击时有35%的几率让目标流血，每秒减少生命33，持续12秒	0	为新手准备的超级装备	1300	0	0	0	0	85000401	35	496	650	138	170	-500	-500	16	2	62	81	17	21	2	0	10	0	2	0	0	10
1210031202	超级新手长弓+2	0	0	4	3	2720000	204	攻击时有40%的几率让目标流血，每秒减少生命33，持续12秒	0	为新手准备的超级装备	1400	0	0	0	0	85000401	40	522	676	148	180	-500	-500	17	2	65	84	18	22	2	0	10	0	2	0	0	10
1210031203	超级新手长弓+3	0	5	4	3	2720000	204	攻击时有45%的几率让目标流血，每秒减少生命33，持续12秒	0	为新手准备的超级装备	1500	0	0	0	0	85000401	45	548	702	158	190	-500	-500	18	2	68	87	19	23	2	0	10	0	2	0	0	10
1210031204	超级新手长弓+4	0	5	4	3	2720000	204	攻击时有50%的几率让目标流血，每秒减少生命33，持续12秒	0	为新手准备的超级装备	1600	0	0	0	0	85000401	50	574	728	168	200	-500	-500	19	2	71	91	21	25	2	0	10	0	2	0	0	10
1210031205	超级新手长弓+5	0	6	4	3	2720000	204	攻击时有55%的几率让目标流血，每秒减少生命33，持续12秒	0	为新手准备的超级装备	1700	0	0	0	0	85000401	55	600	754	178	210	-500	-500	20	2	75	94	22	26	2	0	10	0	2	0	0	10
1210031206	超级新手长弓+6	0	6	4	3	2720000	204	攻击时有60%的几率让目标流血，每秒减少生命33，持续12秒	0	为新手准备的超级装备	1800	0	0	0	0	85000401	60	626	780	188	220	-500	-500	21	2	78	97	23	27	2	0	10	0	2	0	0	10
1210031207	超级新手长弓+7	0	6	4	3	2720000	204	攻击时有65%的几率让目标流血，每秒减少生命33，持续12秒	0	为新手准备的超级装备	1900	0	0	0	0	85000401	65	652	806	198	230	-500	-500	22	2	81	100	24	28	2	0	10	0	2	0	0	10
1210031208	超级新手长弓+8	0	7	4	3	2720000	204	攻击时有70%的几率让目标流血，每秒减少生命33，持续12秒	0	为新手准备的超级装备	2000	0	0	0	0	85000401	70	678	832	208	240	-500	-500	23	2	84	104	26	30	2	0	10	0	2	0	0	10
1210031209	超级新手长弓+9	0	7	4	3	2720000	204	攻击时有75%的几率让目标流血，每秒减少生命33，持续12秒	0	为新手准备的超级装备	2100	0	0	0	0	85000401	75	704	858	218	250	-500	-500	24	2	88	107	27	31	2	0	10	0	2	0	0	10
1210031210	超级新手长弓+10	0	8	4	3	2720000	204	攻击时有80%的几率让目标流血，每秒减少生命33，持续12秒	0	为新手准备的超级装备	0	0	0	0	0	85000401	80	730	884	228	260	-500	-500	25	2	91	110	28	32	2	0	10	0	2	0	0	10
1210031300	超级小强长弓	36	0	7	3	22000000	1650	攻击时有30%的几率让目标流血，每秒减少生命65，持续12秒	0	为小强准备的超级装备	3000	0	0	0	0	85000403	30	936	1348	288	314	-500	-500	31	3	117	168	36	39	2	0	10	0	2	0	0	10
1210031301	超级小强长弓+1	36	0	7	3	22000000	1650	攻击时有35%的几率让目标流血，每秒减少生命65，持续12秒	0	为小强准备的超级装备	3500	0	0	0	0	85000403	35	964	1376	300	326	-500	-500	32	3	120	172	37	40	2	0	10	0	2	0	0	10
1210031302	超级小强长弓+2	36	0	7	3	22000000	1650	攻击时有40%的几率让目标流血，每秒减少生命65，持续12秒	0	为小强准备的超级装备	4000	0	0	0	0	85000403	40	992	1404	312	338	-500	-500	33	3	124	175	39	42	2	0	10	0	2	0	0	10
1210031303	超级小强长弓+3	36	5	7	3	22000000	1650	攻击时有45%的几率让目标流血，每秒减少生命65，持续12秒	0	为小强准备的超级装备	4500	0	0	0	0	85000403	45	1020	1432	324	350	-500	-500	34	3	127	179	40	43	2	0	10	0	2	0	0	10
1210031304	超级小强长弓+4	36	5	7	3	22000000	1650	攻击时有50%的几率让目标流血，每秒减少生命65，持续12秒	0	为小强准备的超级装备	5000	0	0	0	0	85000403	50	1048	1460	336	362	-500	-500	35	3	131	182	42	45	2	0	10	0	2	0	0	10
1210031305	超级小强长弓+5	36	6	7	3	22000000	1650	攻击时有55%的几率让目标流血，每秒减少生命65，持续12秒	0	为小强准备的超级装备	5500	0	0	0	0	85000403	55	1076	1488	348	374	-500	-500	36	3	134	186	43	46	2	0	10	0	2	0	0	10
1210031306	超级小强长弓+6	36	6	7	3	22000000	1650	攻击时有60%的几率让目标流血，每秒减少生命65，持续12秒	0	为小强准备的超级装备	6000	0	0	0	0	85000403	60	1104	1516	360	386	-500	-500	37	3	138	189	45	48	2	0	10	0	2	0	0	10
1210031307	超级小强长弓+7	36	6	7	3	22000000	1650	攻击时有65%的几率让目标流血，每秒减少生命65，持续12秒	0	为小强准备的超级装备	6500	0	0	0	0	85000403	65	1132	1544	372	398	-500	-500	38	3	141	193	46	49	2	0	10	0	2	0	0	10
1210031308	超级小强长弓+8	36	7	7	3	22000000	1650	攻击时有70%的几率让目标流血，每秒减少生命65，持续12秒	0	为小强准备的超级装备	7000	0	0	0	0	85000403	70	1160	1572	384	410	-500	-500	39	3	145	196	48	51	2	0	10	0	2	0	0	10
1210031309	超级小强长弓+9	36	7	7	3	22000000	1650	攻击时有75%的几率让目标流血，每秒减少生命65，持续12秒	0	为小强准备的超级装备	7500	0	0	0	0	85000403	75	1188	1600	396	422	-500	-500	40	3	148	200	49	52	2	0	10	0	2	0	0	10
1210031310	超级小强长弓+10	36	8	7	3	22000000	1650	攻击时有80%的几率让目标流血，每秒减少生命65，持续12秒	0	为小强准备的超级装备	0	0	0	0	0	85000403	80	1216	1628	408	434	-500	-500	41	3	152	203	51	54	2	0	10	0	2	0	0	10
1210031400	超级专业长弓	60	0	10	3	80000000	5000	攻击时有30%的几率让目标流血，每秒减少生命110，持续12秒	0	为专业人士准备的超级装备	10000	0	0	0	0	85000406	30	1512	2226	484	520	-500	-500	52	4	189	278	60	65	2	0	10	0	2	0	0	10
1210031401	超级专业长弓+1	60	0	10	3	80000000	5000	攻击时有35%的几率让目标流血，每秒减少生命110，持续12秒	0	为专业人士准备的超级装备	11000	0	0	0	0	85000406	35	1540	2254	496	532	-500	-500	53	4	192	281	62	66	2	0	10	0	2	0	0	10
1210031402	超级专业长弓+2	60	0	10	3	80000000	5000	攻击时有40%的几率让目标流血，每秒减少生命110，持续12秒	0	为专业人士准备的超级装备	12000	0	0	0	0	85000406	40	1568	2282	508	544	-500	-500	54	4	196	285	63	68	2	0	10	0	2	0	0	10
1210031403	超级专业长弓+3	60	5	10	3	80000000	5000	攻击时有45%的几率让目标流血，每秒减少生命110，持续12秒	0	为专业人士准备的超级装备	13000	0	0	0	0	85000406	45	1596	2310	520	556	-500	-500	55	4	199	288	65	69	2	0	10	0	2	0	0	10
1210031404	超级专业长弓+4	60	5	10	3	80000000	5000	攻击时有50%的几率让目标流血，每秒减少生命110，持续12秒	0	为专业人士准备的超级装备	14000	0	0	0	0	85000406	50	1624	2338	532	568	-500	-500	56	4	203	292	66	71	2	0	10	0	2	0	0	10
1210031405	超级专业长弓+5	60	6	10	3	80000000	5000	攻击时有55%的几率让目标流血，每秒减少生命110，持续12秒	0	为专业人士准备的超级装备	15000	0	0	0	0	85000406	55	1652	2366	544	580	-500	-500	57	4	206	295	68	72	2	0	10	0	2	0	0	10
1210031406	超级专业长弓+6	60	6	10	3	80000000	5000	攻击时有60%的几率让目标流血，每秒减少生命110，持续12秒	0	为专业人士准备的超级装备	16000	0	0	0	0	85000406	60	1680	2394	556	592	-500	-500	58	4	210	299	69	74	2	0	10	0	2	0	0	10
1210031407	超级专业长弓+7	60	6	10	3	80000000	5000	攻击时有65%的几率让目标流血，每秒减少生命110，持续12秒	0	为专业人士准备的超级装备	17000	0	0	0	0	85000406	65	1708	2422	568	604	-500	-500	59	4	213	302	71	75	2	0	10	0	2	0	0	10
1210031408	超级专业长弓+8	60	7	10	3	80000000	5000	攻击时有70%的几率让目标流血，每秒减少生命110，持续12秒	0	为专业人士准备的超级装备	18000	0	0	0	0	85000406	70	1736	2450	580	616	-500	-500	60	4	217	306	72	77	2	0	10	0	2	0	0	10
1210031409	超级专业长弓+9	60	7	10	3	80000000	5000	攻击时有75%的几率让目标流血，每秒减少生命110，持续12秒	0	为专业人士准备的超级装备	19000	0	0	0	0	85000406	75	1764	2478	592	628	-500	-500	61	4	220	309	74	78	2	0	10	0	2	0	0	10
1210031410	超级专业长弓+10	60	8	10	3	80000000	5000	攻击时有80%的几率让目标流血，每秒减少生命110，持续12秒	0	为专业人士准备的超级装备	0	0	0	0	0	85000406	80	1792	2506	604	640	-500	-500	62	4	224	313	75	80	2	0	10	0	2	0	0	10
1210031500	超级噬魂长弓	96	0	11	3	110000000	7200	攻击时有30%的几率让目标流血，每秒减少生命110，持续12秒	0	恶魔的贡品	20000	0	0	0	0	85000406	30	2088	3104	680	726	-500	-500	73	4	261	388	84	91	2	0	10	0	2	0	0	10
1210031501	超级噬魂长弓+1	96	0	11	3	110000000	7200	攻击时有35%的几率让目标流血，每秒减少生命110，持续12秒	0	恶魔的贡品	21000	0	0	0	0	85000406	35	2116	3132	692	738	-500	-500	74	4	265	392	86	93	2	0	10	0	2	0	0	10
1210031502	超级噬魂长弓+2	96	0	11	3	110000000	7200	攻击时有40%的几率让目标流血，每秒减少生命110，持续12秒	0	恶魔的贡品	22000	0	0	0	0	85000406	40	2144	3160	704	750	-500	-500	75	4	269	396	88	95	2	0	10	0	2	0	0	10
1210031503	超级噬魂长弓+3	96	5	11	3	110000000	7200	攻击时有45%的几率让目标流血，每秒减少生命110，持续12秒	0	恶魔的贡品	23000	0	0	0	0	85000406	45	2172	3188	716	762	-500	-500	76	4	273	400	90	97	2	0	10	0	2	0	0	10
1210031504	超级噬魂长弓+4	96	5	11	3	110000000	7200	攻击时有50%的几率让目标流血，每秒减少生命110，持续12秒	0	恶魔的贡品	24000	0	0	0	0	85000406	50	2200	3216	728	774	-500	-500	77	4	277	404	92	99	2	0	10	0	2	0	0	10
1210031505	超级噬魂长弓+5	96	6	11	3	110000000	7200	攻击时有55%的几率让目标流血，每秒减少生命110，持续12秒	0	恶魔的贡品	25000	0	0	0	0	85000406	55	2228	3244	740	786	-500	-500	78	4	281	408	94	101	2	0	10	0	2	0	0	10
1210031506	超级噬魂长弓+6	96	6	11	3	110000000	7200	攻击时有60%的几率让目标流血，每秒减少生命110，持续12秒	0	恶魔的贡品	26000	0	0	0	0	85000406	60	2256	3272	752	798	-500	-500	79	4	285	412	96	103	2	0	10	0	2	0	0	10
1210031507	超级噬魂长弓+7	96	6	11	3	110000000	7200	攻击时有65%的几率让目标流血，每秒减少生命110，持续12秒	0	恶魔的贡品	27000	0	0	0	0	85000406	65	2284	3300	764	810	-500	-500	80	4	289	416	98	105	2	0	10	0	2	0	0	10
1210031508	超级噬魂长弓+8	96	7	11	3	110000000	7200	攻击时有70%的几率让目标流血，每秒减少生命110，持续12秒	0	恶魔的贡品	28000	0	0	0	0	85000406	70	2312	3328	776	822	-500	-500	81	4	293	420	100	107	2	0	10	0	2	0	0	10
1210031509	超级噬魂长弓+9	96	7	11	3	110000000	7200	攻击时有75%的几率让目标流血，每秒减少生命110，持续12秒	0	恶魔的贡品	29000	0	0	0	0	85000406	75	2340	3356	788	834	-500	-500	82	4	297	424	102	109	2	0	10	0	2	0	0	10
1210031510	超级噬魂长弓+10	96	8	11	3	110000000	7200	攻击时有80%的几率让目标流血，每秒减少生命110，持续12秒	0	恶魔的贡品	0	0	0	0	0	85000406	80	2368	3384	800	846	-500	-500	83	4	301	428	104	111	2	0	10	0	2	0	0	10
1210031600	超级化神长弓	120	0	12	3	130000000	8800	攻击时有30%的几率让目标流血，每秒减少生命110，持续12秒	0	上帝的恩赐	30000	0	0	0	0	85000406	30	2464	3982	876	932	-500	-500	94	4	338	503	113	120	2	0	10	0	2	0	0	10
1210031601	超级化神长弓+1	120	0	12	3	130000000	8800	攻击时有35%的几率让目标流血，每秒减少生命110，持续12秒	0	上帝的恩赐	31000	0	0	0	0	85000406	35	2492	4010	952	1018	-500	-500	95	4	342	507	115	122	2	0	10	0	2	0	0	10
1210031602	超级化神长弓+2	120	0	12	3	130000000	8800	攻击时有40%的几率让目标流血，每秒减少生命110，持续12秒	0	上帝的恩赐	32000	0	0	0	0	85000406	40	2520	4038	1028	1104	-500	-500	96	4	346	511	117	124	2	0	10	0	2	0	0	10
1210031603	超级化神长弓+3	120	5	12	3	130000000	8800	攻击时有45%的几率让目标流血，每秒减少生命110，持续12秒	0	上帝的恩赐	33000	0	0	0	0	85000406	45	2548	4066	1104	1190	-500	-500	97	4	350	515	119	126	2	0	10	0	2	0	0	10
1210031604	超级化神长弓+4	120	5	12	3	130000000	8800	攻击时有50%的几率让目标流血，每秒减少生命110，持续12秒	0	上帝的恩赐	34000	0	0	0	0	85000406	50	2576	4094	1180	1276	-500	-500	98	4	354	519	121	128	2	0	10	0	2	0	0	10
1210031605	超级化神长弓+5	120	6	12	3	130000000	8800	攻击时有55%的几率让目标流血，每秒减少生命110，持续12秒	0	上帝的恩赐	35000	0	0	0	0	85000406	55	2604	4122	1256	1362	-500	-500	99	4	358	523	123	130	2	0	10	0	2	0	0	10
1210031606	超级化神长弓+6	120	6	12	3	130000000	8800	攻击时有60%的几率让目标流血，每秒减少生命110，持续12秒	0	上帝的恩赐	36000	0	0	0	0	85000406	60	2632	4150	1332	1448	-500	-500	100	4	362	527	125	132	2	0	10	0	2	0	0	10
1210031607	超级化神长弓+7	120	6	12	3	130000000	8800	攻击时有65%的几率让目标流血，每秒减少生命110，持续12秒	0	上帝的恩赐	37000	0	0	0	0	85000406	65	2660	4178	1408	1534	-500	-500	101	4	366	531	127	134	2	0	10	0	2	0	0	10
1210031608	超级化神长弓+8	120	7	12	3	130000000	8800	攻击时有70%的几率让目标流血，每秒减少生命110，持续12秒	0	上帝的恩赐	38000	0	0	0	0	85000406	70	2688	4206	1484	1620	-500	-500	102	4	370	535	129	136	2	0	10	0	2	0	0	10
1210031609	超级化神长弓+9	120	7	12	3	130000000	8800	攻击时有75%的几率让目标流血，每秒减少生命110，持续12秒	0	上帝的恩赐	39000	0	0	0	0	85000406	75	2716	4234	1560	1706	-500	-500	103	4	374	539	131	138	2	0	10	0	2	0	0	10
1210031610	超级化神长弓+10	120	8	12	3	130000000	8800	攻击时有80%的几率让目标流血，每秒减少生命110，持续12秒	0	上帝的恩赐	0	0	0	0	0	85000406	80	2744	4262	1636	1792	-500	-500	104	4	378	543	133	140	2	0	10	0	2	0	0	10
