编号	名字	等级需求	光影等级	图标	品质	金币	元宝	功能描述	攻击距离增加	描述	升等费用	精炼几率	精炼费用	升级费用	种族要求	武器攻击附加状态	状态产生几率	最小物理攻击	最大物理攻击	最小魔法攻击	最大魔法攻击	增加攻击时间	增加攻击间隔	增加攻击命中	双倍攻击几率	附加最小物理攻击	附加最大物理攻击	附加最小魔法攻击	附加最大魔法攻击	物攻加成（等级）	物攻加成（强壮）	物攻加成（敏捷）	物攻加成（智慧）	魔攻加成（等级）	魔攻加成（强壮）	魔攻加成（敏捷）	魔攻加成（智慧）
id	name	requiredLevel	haloIndex	icon	quality	moneyCost	treasureCost	functionDesc	attackRange	description	increaseCost	refineRate	refineCost	upgradeCost	requiredRace	attachedFightState	fightStateRate	minPhysicalDamage	maxPhysicalDamage	minMagicDamage	maxMagicDamage	attackTime	attackDelay	hittingAbility	doubleDamageRate	extraMinPhysicalDamage	extraMaxPhysicalDamage	extraMinMagicDamage	extraMaxMagicDamage	pdLevelFactor	pdStrengthFactor	pdDexterityFactor	pdWisdomFactor	mdLevelFactor	mdStrengthFactor	mdDexterityFactor	mdWisdomFactor
1221000100	木杖	0	0	1	0	9	0		0	普通的入门级法杖	0	0	0	0	1	0	0	18	24	24	32	-500	-500	3	0	0	0	0	0	0	0	0	0	0	0	0	0
1221000101	木杖+1	0	0	1	0	9	0		0	普通的入门级法杖	0	0	0	0	1	0	0	30	36	44	52	-500	-500	4	0	0	0	0	0	0	0	0	0	0	0	0	0
1221000102	木杖+2	0	0	1	0	9	0		0	普通的入门级法杖	0	0	0	0	1	0	0	42	48	64	72	-500	-500	5	0	0	0	0	0	0	0	0	0	0	0	0	0
1221000103	木杖+3	0	0	1	0	9	0		0	普通的入门级法杖	0	0	0	0	1	0	0	54	60	84	92	-500	-500	6	0	0	0	0	0	0	0	0	0	0	0	0	0
1221000104	木杖+4	0	0	1	0	9	0		0	普通的入门级法杖	0	0	0	0	1	0	0	66	72	104	112	-500	-500	7	0	0	0	0	0	0	0	0	0	0	0	0	0
1221000105	木杖+5	0	0	1	0	9	0		0	普通的入门级法杖	0	0	0	0	1	0	0	78	84	124	132	-500	-500	8	0	0	0	0	0	0	0	0	0	0	0	0	0
1221000106	木杖+6	0	0	1	0	9	0		0	普通的入门级法杖	0	0	0	0	1	0	0	90	96	144	152	-500	-500	9	0	0	0	0	0	0	0	0	0	0	0	0	0
1221000107	木杖+7	0	0	1	0	9	0		0	普通的入门级法杖	0	0	0	0	1	0	0	102	108	164	172	-500	-500	10	0	0	0	0	0	0	0	0	0	0	0	0	0
1221000108	木杖+8	0	0	1	0	9	0		0	普通的入门级法杖	0	0	0	0	1	0	0	114	120	184	192	-500	-500	11	0	0	0	0	0	0	0	0	0	0	0	0	0
1221000109	木杖+9	0	0	1	0	9	0		0	普通的入门级法杖	0	0	0	0	1	0	0	126	132	204	212	-500	-500	12	0	0	0	0	0	0	0	0	0	0	0	0	0
1221000110	木杖+10	0	0	1	0	9	0		0	普通的入门级法杖	0	0	0	0	1	0	0	138	144	224	232	-500	-500	13	0	0	0	0	0	0	0	0	0	0	0	0	0
1221000200	锡杖	12	0	2	0	1500	0		0	锡制的法杖，大大提高了耐用程度	500	0	0	0	1	0	0	88	112	104	154	-500	-500	5	1	0	0	0	0	0	0	0	0	0	0	0	0
1221000201	锡杖+1	12	0	2	0	1500	0		0	锡制的法杖，大大提高了耐用程度	600	0	0	0	1	0	0	100	124	124	174	-500	-500	6	1	0	0	0	0	0	0	0	0	0	0	0	0
1221000202	锡杖+2	12	0	2	0	1500	0		0	锡制的法杖，大大提高了耐用程度	700	0	0	0	1	0	0	112	136	144	194	-500	-500	7	1	0	0	0	0	0	0	0	0	0	0	0	0
1221000203	锡杖+3	12	0	2	0	1500	0		0	锡制的法杖，大大提高了耐用程度	800	10000	500	0	1	0	0	124	148	164	214	-500	-500	8	1	0	0	0	0	0	0	0	0	0	0	0	0
1221000204	锡杖+4	12	0	2	0	1500	0		0	锡制的法杖，大大提高了耐用程度	900	10000	500	0	1	0	0	136	160	184	234	-500	-500	9	1	0	0	0	0	0	0	0	0	0	0	0	0
1221000205	锡杖+5	12	0	2	0	1500	0		0	锡制的法杖，大大提高了耐用程度	1000	10000	500	0	1	0	0	148	172	204	254	-500	-500	10	1	0	0	0	0	0	0	0	0	0	0	0	0
1221000206	锡杖+6	12	0	2	0	1500	0		0	锡制的法杖，大大提高了耐用程度	1100	10000	500	0	1	0	0	160	184	224	274	-500	-500	11	1	0	0	0	0	0	0	0	0	0	0	0	0
1221000207	锡杖+7	12	0	2	0	1500	0		0	锡制的法杖，大大提高了耐用程度	1200	10000	500	0	1	0	0	172	196	244	294	-500	-500	12	1	0	0	0	0	0	0	0	0	0	0	0	0
1221000208	锡杖+8	12	0	2	0	1500	0		0	锡制的法杖，大大提高了耐用程度	1300	10000	500	0	1	0	0	184	208	264	314	-500	-500	13	1	0	0	0	0	0	0	0	0	0	0	0	0
1221000209	锡杖+9	12	0	2	0	1500	0		0	锡制的法杖，大大提高了耐用程度	1400	10000	500	0	1	0	0	196	220	284	334	-500	-500	14	1	0	0	0	0	0	0	0	0	0	0	0	0
1221000210	锡杖+10	12	0	2	0	1500	0		0	锡制的法杖，大大提高了耐用程度	0	10000	500	0	1	0	0	208	232	304	354	-500	-500	15	1	0	0	0	0	0	0	0	0	0	0	0	0
1221010200	精品锡杖	12	0	2	1	1500	0		0	锡制的法杖，大大提高了耐用程度	500	0	0	0	1	0	0	88	112	104	154	-500	-500	5	1	0	0	13	19	0	0	0	0	0	0	0	0
1221010201	精品锡杖+1	12	0	2	1	1500	0		0	锡制的法杖，大大提高了耐用程度	600	0	0	0	1	0	0	100	124	124	174	-500	-500	6	1	0	0	15	21	0	0	0	0	0	0	0	0
1221010202	精品锡杖+2	12	0	2	1	1500	0		0	锡制的法杖，大大提高了耐用程度	700	0	0	0	1	0	0	112	136	144	194	-500	-500	7	1	0	0	18	24	0	0	0	0	0	0	0	0
1221010203	精品锡杖+3	12	1	2	1	1500	0		0	锡制的法杖，大大提高了耐用程度	800	0	0	0	1	0	0	124	148	164	214	-500	-500	8	1	0	0	20	26	0	0	0	0	0	0	0	0
1221010204	精品锡杖+4	12	1	2	1	1500	0		0	锡制的法杖，大大提高了耐用程度	900	5000	1000	0	1	0	0	136	160	184	234	-500	-500	9	1	0	0	23	29	0	0	0	0	0	0	0	0
1221010205	精品锡杖+5	12	2	2	1	1500	0		0	锡制的法杖，大大提高了耐用程度	1000	6000	1000	0	1	0	0	148	172	204	254	-500	-500	10	1	0	0	25	31	0	0	0	0	0	0	0	0
1221010206	精品锡杖+6	12	2	2	1	1500	0		0	锡制的法杖，大大提高了耐用程度	1100	7000	1000	0	1	0	0	160	184	224	274	-500	-500	11	1	0	0	28	34	0	0	0	0	0	0	0	0
1221010207	精品锡杖+7	12	2	2	1	1500	0		0	锡制的法杖，大大提高了耐用程度	1200	8000	1000	0	1	0	0	172	196	244	294	-500	-500	12	1	0	0	30	36	0	0	0	0	0	0	0	0
1221010208	精品锡杖+8	12	3	2	1	1500	0		0	锡制的法杖，大大提高了耐用程度	1300	9000	1000	0	1	0	0	184	208	264	314	-500	-500	13	1	0	0	33	39	0	0	0	0	0	0	0	0
1221010209	精品锡杖+9	12	3	2	1	1500	0		0	锡制的法杖，大大提高了耐用程度	1400	10000	1000	0	1	0	0	196	220	284	334	-500	-500	14	1	0	0	35	41	0	0	0	0	0	0	0	0
1221010210	精品锡杖+10	12	4	2	1	1500	0		0	锡制的法杖，大大提高了耐用程度	0	10000	1000	0	1	0	0	208	232	304	354	-500	-500	15	1	0	0	38	44	0	0	0	0	0	0	0	0
1221020200	极品锡杖	12	0	2	2	1500	0		0	锡制的法杖，大大提高了耐用程度	500	0	0	0	1	0	0	88	112	104	154	-500	-500	5	1	11	14	13	19	2	0	0	0	2	0	0	0
1221020201	极品锡杖+1	12	0	2	2	1500	0		0	锡制的法杖，大大提高了耐用程度	600	0	0	0	1	0	0	100	124	124	174	-500	-500	6	1	12	15	15	21	2	0	0	0	2	0	0	0
1221020202	极品锡杖+2	12	0	2	2	1500	0		0	锡制的法杖，大大提高了耐用程度	700	0	0	0	1	0	0	112	136	144	194	-500	-500	7	1	14	17	18	24	2	0	0	0	2	0	0	0
1221020203	极品锡杖+3	12	2	2	2	1500	0		0	锡制的法杖，大大提高了耐用程度	800	0	0	0	1	0	0	124	148	164	214	-500	-500	8	1	15	18	20	26	2	0	0	0	2	0	0	0
1221020204	极品锡杖+4	12	2	2	2	1500	0		0	锡制的法杖，大大提高了耐用程度	900	0	0	0	1	0	0	136	160	184	234	-500	-500	9	1	17	20	23	29	2	0	0	0	2	0	0	0
1221020205	极品锡杖+5	12	3	2	2	1500	0		0	锡制的法杖，大大提高了耐用程度	1000	2500	1500	0	1	0	0	148	172	204	254	-500	-500	10	1	18	21	25	31	2	0	0	0	2	0	0	0
1221020206	极品锡杖+6	12	3	2	2	1500	0		0	锡制的法杖，大大提高了耐用程度	1100	3500	1500	0	1	0	0	160	184	224	274	-500	-500	11	1	20	23	28	34	2	0	0	0	2	0	0	0
1221020207	极品锡杖+7	12	3	2	2	1500	0		0	锡制的法杖，大大提高了耐用程度	1200	4500	1500	0	1	0	0	172	196	244	294	-500	-500	12	1	21	24	30	36	2	0	0	0	2	0	0	0
1221020208	极品锡杖+8	12	4	2	2	1500	0		0	锡制的法杖，大大提高了耐用程度	1300	5500	1500	0	1	0	0	184	208	264	314	-500	-500	13	1	23	26	33	39	2	0	0	0	2	0	0	0
1221020209	极品锡杖+9	12	4	2	2	1500	0		0	锡制的法杖，大大提高了耐用程度	1400	7000	1500	0	1	0	0	196	220	284	334	-500	-500	14	1	24	27	35	41	2	0	0	0	2	0	0	0
1221020210	极品锡杖+10	12	5	2	2	1500	0		0	锡制的法杖，大大提高了耐用程度	0	10000	1500	0	1	0	0	208	232	304	354	-500	-500	15	1	26	29	38	44	2	0	0	0	2	0	0	0
1221030200	完美锡杖	12	0	2	3	264000	53		0	锡制的法杖，大大提高了耐用程度	500	0	0	110	1	0	0	88	112	104	154	-500	-500	5	1	11	14	13	19	2	10	0	0	2	0	0	10
1221030201	完美锡杖+1	12	0	2	3	264000	53		0	锡制的法杖，大大提高了耐用程度	600	0	0	110	1	0	0	100	124	124	174	-500	-500	6	1	12	15	15	21	2	10	0	0	2	0	0	10
1221030202	完美锡杖+2	12	0	2	3	264000	53		0	锡制的法杖，大大提高了耐用程度	700	0	0	110	1	0	0	112	136	144	194	-500	-500	7	1	14	17	18	24	2	10	0	0	2	0	0	10
1221030203	完美锡杖+3	12	3	2	3	264000	53		0	锡制的法杖，大大提高了耐用程度	800	0	0	110	1	0	0	124	148	164	214	-500	-500	8	1	15	18	20	26	2	10	0	0	2	0	0	10
1221030204	完美锡杖+4	12	3	2	3	264000	53		0	锡制的法杖，大大提高了耐用程度	900	0	0	110	1	0	0	136	160	184	234	-500	-500	9	1	17	20	23	29	2	10	0	0	2	0	0	10
1221030205	完美锡杖+5	12	4	2	3	264000	53		0	锡制的法杖，大大提高了耐用程度	1000	0	0	110	1	0	0	148	172	204	254	-500	-500	10	1	18	21	25	31	2	10	0	0	2	0	0	10
1221030206	完美锡杖+6	12	4	2	3	264000	53		0	锡制的法杖，大大提高了耐用程度	1100	0	0	110	1	0	0	160	184	224	274	-500	-500	11	1	20	23	28	34	2	10	0	0	2	0	0	10
1221030207	完美锡杖+7	12	4	2	3	264000	53		0	锡制的法杖，大大提高了耐用程度	1200	1000	2000	110	1	0	0	172	196	244	294	-500	-500	12	1	21	24	30	36	2	10	0	0	2	0	0	10
1221030208	完美锡杖+8	12	5	2	3	264000	53		0	锡制的法杖，大大提高了耐用程度	1300	1100	2000	110	1	0	0	184	208	264	314	-500	-500	13	1	23	26	33	39	2	10	0	0	2	0	0	10
1221030209	完美锡杖+9	12	5	2	3	264000	53		0	锡制的法杖，大大提高了耐用程度	1400	1200	2000	110	1	0	0	196	220	284	334	-500	-500	14	1	24	27	35	41	2	10	0	0	2	0	0	10
1221030210	完美锡杖+10	12	6	2	3	264000	53		0	锡制的法杖，大大提高了耐用程度	0	1300	2000	110	1	0	0	208	232	304	354	-500	-500	15	1	26	29	38	44	2	10	0	0	2	0	0	10
1221040200	神品锡杖	12	0	2	4	440000	88		0	锡制的法杖，大大提高了耐用程度	500	0	0	184	1	85000601	5	88	112	104	154	-500	-500	5	1	11	14	13	19	2	10	10	10	2	10	10	10
1221040201	神品锡杖+1	12	0	2	4	440000	88		0	锡制的法杖，大大提高了耐用程度	600	0	0	184	1	85000601	10	100	124	124	174	-500	-500	6	1	12	15	15	21	2	10	10	10	2	10	10	10
1221040202	神品锡杖+2	12	0	2	4	440000	88		0	锡制的法杖，大大提高了耐用程度	700	0	0	184	1	85000601	15	112	136	144	194	-500	-500	7	1	14	17	18	24	2	10	10	10	2	10	10	10
1221040203	神品锡杖+3	12	4	2	4	440000	88		0	锡制的法杖，大大提高了耐用程度	800	0	0	184	1	85000601	20	124	148	164	214	-500	-500	8	1	15	18	20	26	2	10	10	10	2	10	10	10
1221040204	神品锡杖+4	12	4	2	4	440000	88		0	锡制的法杖，大大提高了耐用程度	900	0	0	184	1	85000601	25	136	160	184	234	-500	-500	9	1	17	20	23	29	2	10	10	10	2	10	10	10
1221040205	神品锡杖+5	12	5	2	4	440000	88		0	锡制的法杖，大大提高了耐用程度	1000	0	0	184	1	85000601	30	148	172	204	254	-500	-500	10	1	18	21	25	31	2	10	10	10	2	10	10	10
1221040206	神品锡杖+6	12	5	2	4	440000	88		0	锡制的法杖，大大提高了耐用程度	1100	0	0	184	1	85000601	35	160	184	224	274	-500	-500	11	1	20	23	28	34	2	10	10	10	2	10	10	10
1221040207	神品锡杖+7	12	5	2	4	440000	88		0	锡制的法杖，大大提高了耐用程度	1200	0	0	184	1	85000601	40	172	196	244	294	-500	-500	12	1	21	24	30	36	2	10	10	10	2	10	10	10
1221040208	神品锡杖+8	12	6	2	4	440000	88		0	锡制的法杖，大大提高了耐用程度	1300	0	0	184	1	85000601	45	184	208	264	314	-500	-500	13	1	23	26	33	39	2	10	10	10	2	10	10	10
1221040209	神品锡杖+9	12	6	2	4	440000	88		0	锡制的法杖，大大提高了耐用程度	1400	0	0	184	1	85000601	50	196	220	284	334	-500	-500	14	1	24	27	35	41	2	10	10	10	2	10	10	10
1221040210	神品锡杖+10	12	7	2	4	440000	88		0	锡制的法杖，大大提高了耐用程度	0	0	0	184	1	85000601	55	208	232	304	354	-500	-500	15	1	26	29	38	44	2	10	10	10	2	10	10	10
1221000300	宝石杖	24	0	3	0	2250	0		0	镶嵌宝石的法杖，拥有不错的魔力	800	0	0	0	1	0	0	164	204	188	310	-500	-500	8	1	0	0	0	0	0	0	0	0	0	0	0	0
1221000301	宝石杖+1	24	0	3	0	2250	0		0	镶嵌宝石的法杖，拥有不错的魔力	900	0	0	0	1	0	0	178	218	210	332	-500	-500	9	1	0	0	0	0	0	0	0	0	0	0	0	0
1221000302	宝石杖+2	24	0	3	0	2250	0		0	镶嵌宝石的法杖，拥有不错的魔力	1000	0	0	0	1	0	0	192	232	232	354	-500	-500	10	1	0	0	0	0	0	0	0	0	0	0	0	0
1221000303	宝石杖+3	24	0	3	0	2250	0		0	镶嵌宝石的法杖，拥有不错的魔力	1100	10000	1500	0	1	0	0	206	246	254	376	-500	-500	11	1	0	0	0	0	0	0	0	0	0	0	0	0
1221000304	宝石杖+4	24	0	3	0	2250	0		0	镶嵌宝石的法杖，拥有不错的魔力	1200	10000	1500	0	1	0	0	220	260	276	398	-500	-500	12	1	0	0	0	0	0	0	0	0	0	0	0	0
1221000305	宝石杖+5	24	0	3	0	2250	0		0	镶嵌宝石的法杖，拥有不错的魔力	1300	10000	1500	0	1	0	0	234	274	298	420	-500	-500	13	1	0	0	0	0	0	0	0	0	0	0	0	0
1221000306	宝石杖+6	24	0	3	0	2250	0		0	镶嵌宝石的法杖，拥有不错的魔力	1400	10000	1500	0	1	0	0	248	288	320	442	-500	-500	14	1	0	0	0	0	0	0	0	0	0	0	0	0
1221000307	宝石杖+7	24	0	3	0	2250	0		0	镶嵌宝石的法杖，拥有不错的魔力	1500	10000	1500	0	1	0	0	262	302	342	464	-500	-500	15	1	0	0	0	0	0	0	0	0	0	0	0	0
1221000308	宝石杖+8	24	0	3	0	2250	0		0	镶嵌宝石的法杖，拥有不错的魔力	1600	10000	1500	0	1	0	0	276	316	364	486	-500	-500	16	1	0	0	0	0	0	0	0	0	0	0	0	0
1221000309	宝石杖+9	24	0	3	0	2250	0		0	镶嵌宝石的法杖，拥有不错的魔力	1700	10000	1500	0	1	0	0	290	330	386	508	-500	-500	17	1	0	0	0	0	0	0	0	0	0	0	0	0
1221000310	宝石杖+10	24	0	3	0	2250	0		0	镶嵌宝石的法杖，拥有不错的魔力	0	10000	1500	0	1	0	0	304	344	408	530	-500	-500	18	1	0	0	0	0	0	0	0	0	0	0	0	0
1221010300	精品宝石杖	24	0	3	1	2250	0		0	镶嵌宝石的法杖，拥有不错的魔力	800	0	0	0	1	0	0	164	204	188	310	-500	-500	8	1	0	0	23	38	0	0	0	0	0	0	0	0
1221010301	精品宝石杖+1	24	0	3	1	2250	0		0	镶嵌宝石的法杖，拥有不错的魔力	900	0	0	0	1	0	0	178	218	210	332	-500	-500	9	1	0	0	26	41	0	0	0	0	0	0	0	0
1221010302	精品宝石杖+2	24	0	3	1	2250	0		0	镶嵌宝石的法杖，拥有不错的魔力	1000	0	0	0	1	0	0	192	232	232	354	-500	-500	10	1	0	0	29	44	0	0	0	0	0	0	0	0
1221010303	精品宝石杖+3	24	1	3	1	2250	0		0	镶嵌宝石的法杖，拥有不错的魔力	1100	0	0	0	1	0	0	206	246	254	376	-500	-500	11	1	0	0	31	47	0	0	0	0	0	0	0	0
1221010304	精品宝石杖+4	24	1	3	1	2250	0		0	镶嵌宝石的法杖，拥有不错的魔力	1200	5000	2000	0	1	0	0	220	260	276	398	-500	-500	12	1	0	0	34	49	0	0	0	0	0	0	0	0
1221010305	精品宝石杖+5	24	2	3	1	2250	0		0	镶嵌宝石的法杖，拥有不错的魔力	1300	6000	2000	0	1	0	0	234	274	298	420	-500	-500	13	1	0	0	37	52	0	0	0	0	0	0	0	0
1221010306	精品宝石杖+6	24	2	3	1	2250	0		0	镶嵌宝石的法杖，拥有不错的魔力	1400	7000	2000	0	1	0	0	248	288	320	442	-500	-500	14	1	0	0	40	55	0	0	0	0	0	0	0	0
1221010307	精品宝石杖+7	24	2	3	1	2250	0		0	镶嵌宝石的法杖，拥有不错的魔力	1500	8000	2000	0	1	0	0	262	302	342	464	-500	-500	15	1	0	0	42	58	0	0	0	0	0	0	0	0
1221010308	精品宝石杖+8	24	3	3	1	2250	0		0	镶嵌宝石的法杖，拥有不错的魔力	1600	9000	2000	0	1	0	0	276	316	364	486	-500	-500	16	1	0	0	45	60	0	0	0	0	0	0	0	0
1221010309	精品宝石杖+9	24	3	3	1	2250	0		0	镶嵌宝石的法杖，拥有不错的魔力	1700	10000	2000	0	1	0	0	290	330	386	508	-500	-500	17	1	0	0	48	63	0	0	0	0	0	0	0	0
1221010310	精品宝石杖+10	24	4	3	1	2250	0		0	镶嵌宝石的法杖，拥有不错的魔力	0	10000	2000	0	1	0	0	304	344	408	530	-500	-500	18	1	0	0	51	66	0	0	0	0	0	0	0	0
1221020300	极品宝石杖	24	0	3	2	2250	0		0	镶嵌宝石的法杖，拥有不错的魔力	800	0	0	0	1	0	0	164	204	188	310	-500	-500	8	1	20	25	23	38	2	0	0	0	2	0	0	0
1221020301	极品宝石杖+1	24	0	3	2	2250	0		0	镶嵌宝石的法杖，拥有不错的魔力	900	0	0	0	1	0	0	178	218	210	332	-500	-500	9	1	22	27	26	41	2	0	0	0	2	0	0	0
1221020302	极品宝石杖+2	24	0	3	2	2250	0		0	镶嵌宝石的法杖，拥有不错的魔力	1000	0	0	0	1	0	0	192	232	232	354	-500	-500	10	1	24	29	29	44	2	0	0	0	2	0	0	0
1221020303	极品宝石杖+3	24	2	3	2	2250	0		0	镶嵌宝石的法杖，拥有不错的魔力	1100	0	0	0	1	0	0	206	246	254	376	-500	-500	11	1	25	30	31	47	2	0	0	0	2	0	0	0
1221020304	极品宝石杖+4	24	2	3	2	2250	0		0	镶嵌宝石的法杖，拥有不错的魔力	1200	0	0	0	1	0	0	220	260	276	398	-500	-500	12	1	27	32	34	49	2	0	0	0	2	0	0	0
1221020305	极品宝石杖+5	24	3	3	2	2250	0		0	镶嵌宝石的法杖，拥有不错的魔力	1300	2500	2500	0	1	0	0	234	274	298	420	-500	-500	13	1	29	34	37	52	2	0	0	0	2	0	0	0
1221020306	极品宝石杖+6	24	3	3	2	2250	0		0	镶嵌宝石的法杖，拥有不错的魔力	1400	3500	2500	0	1	0	0	248	288	320	442	-500	-500	14	1	31	36	40	55	2	0	0	0	2	0	0	0
1221020307	极品宝石杖+7	24	3	3	2	2250	0		0	镶嵌宝石的法杖，拥有不错的魔力	1500	4500	2500	0	1	0	0	262	302	342	464	-500	-500	15	1	32	37	42	58	2	0	0	0	2	0	0	0
1221020308	极品宝石杖+8	24	4	3	2	2250	0		0	镶嵌宝石的法杖，拥有不错的魔力	1600	5500	2500	0	1	0	0	276	316	364	486	-500	-500	16	1	34	39	45	60	2	0	0	0	2	0	0	0
1221020309	极品宝石杖+9	24	4	3	2	2250	0		0	镶嵌宝石的法杖，拥有不错的魔力	1700	7000	2500	0	1	0	0	290	330	386	508	-500	-500	17	1	36	41	48	63	2	0	0	0	2	0	0	0
1221020310	极品宝石杖+10	24	5	3	2	2250	0		0	镶嵌宝石的法杖，拥有不错的魔力	0	10000	2500	0	1	0	0	304	344	408	530	-500	-500	18	1	38	43	51	66	2	0	0	0	2	0	0	0
1221030300	完美宝石杖	24	0	3	3	540000	81		0	镶嵌宝石的法杖，拥有不错的魔力	800	0	0	264	1	0	0	164	204	188	310	-500	-500	8	1	20	25	23	38	2	10	0	0	2	0	0	10
1221030301	完美宝石杖+1	24	0	3	3	540000	81		0	镶嵌宝石的法杖，拥有不错的魔力	900	0	0	264	1	0	0	178	218	210	332	-500	-500	9	1	22	27	26	41	2	10	0	0	2	0	0	10
1221030302	完美宝石杖+2	24	0	3	3	540000	81		0	镶嵌宝石的法杖，拥有不错的魔力	1000	0	0	264	1	0	0	192	232	232	354	-500	-500	10	1	24	29	29	44	2	10	0	0	2	0	0	10
1221030303	完美宝石杖+3	24	3	3	3	540000	81		0	镶嵌宝石的法杖，拥有不错的魔力	1100	0	0	264	1	0	0	206	246	254	376	-500	-500	11	1	25	30	31	47	2	10	0	0	2	0	0	10
1221030304	完美宝石杖+4	24	3	3	3	540000	81		0	镶嵌宝石的法杖，拥有不错的魔力	1200	0	0	264	1	0	0	220	260	276	398	-500	-500	12	1	27	32	34	49	2	10	0	0	2	0	0	10
1221030305	完美宝石杖+5	24	4	3	3	540000	81		0	镶嵌宝石的法杖，拥有不错的魔力	1300	0	0	264	1	0	0	234	274	298	420	-500	-500	13	1	29	34	37	52	2	10	0	0	2	0	0	10
1221030306	完美宝石杖+6	24	4	3	3	540000	81		0	镶嵌宝石的法杖，拥有不错的魔力	1400	0	0	264	1	0	0	248	288	320	442	-500	-500	14	1	31	36	40	55	2	10	0	0	2	0	0	10
1221030307	完美宝石杖+7	24	4	3	3	540000	81		0	镶嵌宝石的法杖，拥有不错的魔力	1500	1000	3000	264	1	0	0	262	302	342	464	-500	-500	15	1	32	37	42	58	2	10	0	0	2	0	0	10
1221030308	完美宝石杖+8	24	5	3	3	540000	81		0	镶嵌宝石的法杖，拥有不错的魔力	1600	2000	3000	264	1	0	0	276	316	364	486	-500	-500	16	1	34	39	45	60	2	10	0	0	2	0	0	10
1221030309	完美宝石杖+9	24	5	3	3	540000	81		0	镶嵌宝石的法杖，拥有不错的魔力	1700	3000	3000	264	1	0	0	290	330	386	508	-500	-500	17	1	36	41	48	63	2	10	0	0	2	0	0	10
1221030310	完美宝石杖+10	24	6	3	3	540000	81		0	镶嵌宝石的法杖，拥有不错的魔力	0	4000	3000	264	1	0	0	304	344	408	530	-500	-500	18	1	38	43	51	66	2	10	0	0	2	0	0	10
1221040300	神品宝石杖	24	0	3	4	900000	135		0	镶嵌宝石的法杖，拥有不错的魔力	800	0	0	440	1	85000602	5	164	204	188	310	-500	-500	8	1	20	25	23	38	2	10	10	10	2	10	10	10
1221040301	神品宝石杖+1	24	0	3	4	900000	135		0	镶嵌宝石的法杖，拥有不错的魔力	900	0	0	440	1	85000602	10	178	218	210	332	-500	-500	9	1	22	27	26	41	2	10	10	10	2	10	10	10
1221040302	神品宝石杖+2	24	0	3	4	900000	135		0	镶嵌宝石的法杖，拥有不错的魔力	1000	0	0	440	1	85000602	15	192	232	232	354	-500	-500	10	1	24	29	29	44	2	10	10	10	2	10	10	10
1221040303	神品宝石杖+3	24	4	3	4	900000	135		0	镶嵌宝石的法杖，拥有不错的魔力	1100	0	0	440	1	85000602	20	206	246	254	376	-500	-500	11	1	25	30	31	47	2	10	10	10	2	10	10	10
1221040304	神品宝石杖+4	24	4	3	4	900000	135		0	镶嵌宝石的法杖，拥有不错的魔力	1200	0	0	440	1	85000602	25	220	260	276	398	-500	-500	12	1	27	32	34	49	2	10	10	10	2	10	10	10
1221040305	神品宝石杖+5	24	5	3	4	900000	135		0	镶嵌宝石的法杖，拥有不错的魔力	1300	0	0	440	1	85000602	30	234	274	298	420	-500	-500	13	1	29	34	37	52	2	10	10	10	2	10	10	10
1221040306	神品宝石杖+6	24	5	3	4	900000	135		0	镶嵌宝石的法杖，拥有不错的魔力	1400	0	0	440	1	85000602	35	248	288	320	442	-500	-500	14	1	31	36	40	55	2	10	10	10	2	10	10	10
1221040307	神品宝石杖+7	24	5	3	4	900000	135		0	镶嵌宝石的法杖，拥有不错的魔力	1500	0	0	440	1	85000602	40	262	302	342	464	-500	-500	15	1	32	37	42	58	2	10	10	10	2	10	10	10
1221040308	神品宝石杖+8	24	6	3	4	900000	135		0	镶嵌宝石的法杖，拥有不错的魔力	1600	0	0	440	1	85000602	45	276	316	364	486	-500	-500	16	1	34	39	45	60	2	10	10	10	2	10	10	10
1221040309	神品宝石杖+9	24	6	3	4	900000	135		0	镶嵌宝石的法杖，拥有不错的魔力	1700	0	0	440	1	85000602	50	290	330	386	508	-500	-500	17	1	36	41	48	63	2	10	10	10	2	10	10	10
1221040310	神品宝石杖+10	24	7	3	4	900000	135		0	镶嵌宝石的法杖，拥有不错的魔力	0	0	0	440	1	85000602	55	304	344	408	530	-500	-500	18	1	38	43	51	66	2	10	10	10	2	10	10	10
1221000400	水晶杖	36	0	4	0	3375	0		0	用水晶做的法杖，使用者可以借由水晶发挥更大的魔法能力	1200	0	0	0	1	0	0	236	306	268	498	-500	-500	10	1	0	0	0	0	0	0	0	0	0	0	0	0
1221000401	水晶杖+1	36	0	4	0	3375	0		0	用水晶做的法杖，使用者可以借由水晶发挥更大的魔法能力	1300	0	0	0	1	0	0	250	320	290	520	-500	-500	11	1	0	0	0	0	0	0	0	0	0	0	0	0
1221000402	水晶杖+2	36	0	4	0	3375	0		0	用水晶做的法杖，使用者可以借由水晶发挥更大的魔法能力	1400	0	3000	0	1	0	0	264	334	312	542	-500	-500	12	1	0	0	0	0	0	0	0	0	0	0	0	0
1221000403	水晶杖+3	36	0	4	0	3375	0		0	用水晶做的法杖，使用者可以借由水晶发挥更大的魔法能力	1500	10000	3000	0	1	0	0	278	348	334	564	-500	-500	13	1	0	0	0	0	0	0	0	0	0	0	0	0
1221000404	水晶杖+4	36	0	4	0	3375	0		0	用水晶做的法杖，使用者可以借由水晶发挥更大的魔法能力	1600	10000	3000	0	1	0	0	292	362	356	586	-500	-500	14	1	0	0	0	0	0	0	0	0	0	0	0	0
1221000405	水晶杖+5	36	0	4	0	3375	0		0	用水晶做的法杖，使用者可以借由水晶发挥更大的魔法能力	1700	10000	3000	0	1	0	0	306	376	378	608	-500	-500	15	1	0	0	0	0	0	0	0	0	0	0	0	0
1221000406	水晶杖+6	36	0	4	0	3375	0		0	用水晶做的法杖，使用者可以借由水晶发挥更大的魔法能力	1800	10000	3000	0	1	0	0	320	390	400	630	-500	-500	16	1	0	0	0	0	0	0	0	0	0	0	0	0
1221000407	水晶杖+7	36	0	4	0	3375	0		0	用水晶做的法杖，使用者可以借由水晶发挥更大的魔法能力	1900	10000	3000	0	1	0	0	334	404	422	652	-500	-500	17	1	0	0	0	0	0	0	0	0	0	0	0	0
1221000408	水晶杖+8	36	0	4	0	3375	0		0	用水晶做的法杖，使用者可以借由水晶发挥更大的魔法能力	2000	10000	3000	0	1	0	0	348	418	444	674	-500	-500	18	1	0	0	0	0	0	0	0	0	0	0	0	0
1221000409	水晶杖+9	36	0	4	0	3375	0		0	用水晶做的法杖，使用者可以借由水晶发挥更大的魔法能力	2100	10000	3000	0	1	0	0	362	432	466	696	-500	-500	19	1	0	0	0	0	0	0	0	0	0	0	0	0
1221000410	水晶杖+10	36	0	4	0	3375	0		0	用水晶做的法杖，使用者可以借由水晶发挥更大的魔法能力	0	10000	3000	0	1	0	0	376	446	488	718	-500	-500	20	1	0	0	0	0	0	0	0	0	0	0	0	0
1221010400	精品水晶杖	36	0	4	1	3375	0		0	用水晶做的法杖，使用者可以借由水晶发挥更大的魔法能力	1200	0	0	0	1	0	0	236	306	268	498	-500	-500	10	1	0	0	33	62	0	0	0	0	0	0	0	0
1221010401	精品水晶杖+1	36	0	4	1	3375	0		0	用水晶做的法杖，使用者可以借由水晶发挥更大的魔法能力	1300	0	0	0	1	0	0	250	320	290	520	-500	-500	11	1	0	0	36	65	0	0	0	0	0	0	0	0
1221010402	精品水晶杖+2	36	0	4	1	3375	0		0	用水晶做的法杖，使用者可以借由水晶发挥更大的魔法能力	1400	0	0	0	1	0	0	264	334	312	542	-500	-500	12	1	0	0	39	67	0	0	0	0	0	0	0	0
1221010403	精品水晶杖+3	36	1	4	1	3375	0		0	用水晶做的法杖，使用者可以借由水晶发挥更大的魔法能力	1500	0	0	0	1	0	0	278	348	334	564	-500	-500	13	1	0	0	41	70	0	0	0	0	0	0	0	0
1221010404	精品水晶杖+4	36	1	4	1	3375	0		0	用水晶做的法杖，使用者可以借由水晶发挥更大的魔法能力	1600	5000	4000	0	1	0	0	292	362	356	586	-500	-500	14	1	0	0	44	73	0	0	0	0	0	0	0	0
1221010405	精品水晶杖+5	36	2	4	1	3375	0		0	用水晶做的法杖，使用者可以借由水晶发挥更大的魔法能力	1700	6000	4000	0	1	0	0	306	376	378	608	-500	-500	15	1	0	0	47	76	0	0	0	0	0	0	0	0
1221010406	精品水晶杖+6	36	2	4	1	3375	0		0	用水晶做的法杖，使用者可以借由水晶发挥更大的魔法能力	1800	7000	4000	0	1	0	0	320	390	400	630	-500	-500	16	1	0	0	50	78	0	0	0	0	0	0	0	0
1221010407	精品水晶杖+7	36	2	4	1	3375	0		0	用水晶做的法杖，使用者可以借由水晶发挥更大的魔法能力	1900	8000	4000	0	1	0	0	334	404	422	652	-500	-500	17	1	0	0	52	81	0	0	0	0	0	0	0	0
1221010408	精品水晶杖+8	36	3	4	1	3375	0		0	用水晶做的法杖，使用者可以借由水晶发挥更大的魔法能力	2000	9000	4000	0	1	0	0	348	418	444	674	-500	-500	18	1	0	0	55	84	0	0	0	0	0	0	0	0
1221010409	精品水晶杖+9	36	3	4	1	3375	0		0	用水晶做的法杖，使用者可以借由水晶发挥更大的魔法能力	2100	10000	4000	0	1	0	0	362	432	466	696	-500	-500	19	1	0	0	58	87	0	0	0	0	0	0	0	0
1221010410	精品水晶杖+10	36	4	4	1	3375	0		0	用水晶做的法杖，使用者可以借由水晶发挥更大的魔法能力	0	10000	4000	0	1	0	0	376	446	488	718	-500	-500	20	1	0	0	61	89	0	0	0	0	0	0	0	0
1221020400	极品水晶杖	36	0	4	2	3375	0		0	用水晶做的法杖，使用者可以借由水晶发挥更大的魔法能力	1200	0	0	0	1	0	0	236	306	268	498	-500	-500	10	1	29	38	33	62	2	0	0	0	2	0	0	0
1221020401	极品水晶杖+1	36	0	4	2	3375	0		0	用水晶做的法杖，使用者可以借由水晶发挥更大的魔法能力	1300	0	0	0	1	0	0	250	320	290	520	-500	-500	11	1	31	40	36	65	2	0	0	0	2	0	0	0
1221020402	极品水晶杖+2	36	0	4	2	3375	0		0	用水晶做的法杖，使用者可以借由水晶发挥更大的魔法能力	1400	0	0	0	1	0	0	264	334	312	542	-500	-500	12	1	33	41	39	67	2	0	0	0	2	0	0	0
1221020403	极品水晶杖+3	36	2	4	2	3375	0		0	用水晶做的法杖，使用者可以借由水晶发挥更大的魔法能力	1500	0	0	0	1	0	0	278	348	334	564	-500	-500	13	1	34	43	41	70	2	0	0	0	2	0	0	0
1221020404	极品水晶杖+4	36	2	4	2	3375	0		0	用水晶做的法杖，使用者可以借由水晶发挥更大的魔法能力	1600	0	0	0	1	0	0	292	362	356	586	-500	-500	14	1	36	45	44	73	2	0	0	0	2	0	0	0
1221020405	极品水晶杖+5	36	3	4	2	3375	0		0	用水晶做的法杖，使用者可以借由水晶发挥更大的魔法能力	1700	1000	5000	0	1	0	0	306	376	378	608	-500	-500	15	1	38	47	47	76	2	0	0	0	2	0	0	0
1221020406	极品水晶杖+6	36	3	4	2	3375	0		0	用水晶做的法杖，使用者可以借由水晶发挥更大的魔法能力	1800	2000	5000	0	1	0	0	320	390	400	630	-500	-500	16	1	40	48	50	78	2	0	0	0	2	0	0	0
1221020407	极品水晶杖+7	36	3	4	2	3375	0		0	用水晶做的法杖，使用者可以借由水晶发挥更大的魔法能力	1900	3500	5000	0	1	0	0	334	404	422	652	-500	-500	17	1	41	50	52	81	2	0	0	0	2	0	0	0
1221020408	极品水晶杖+8	36	4	4	2	3375	0		0	用水晶做的法杖，使用者可以借由水晶发挥更大的魔法能力	2000	5000	5000	0	1	0	0	348	418	444	674	-500	-500	18	1	43	52	55	84	2	0	0	0	2	0	0	0
1221020409	极品水晶杖+9	36	4	4	2	3375	0		0	用水晶做的法杖，使用者可以借由水晶发挥更大的魔法能力	2100	7000	5000	0	1	0	0	362	432	466	696	-500	-500	19	1	45	54	58	87	2	0	0	0	2	0	0	0
1221020410	极品水晶杖+10	36	5	4	2	3375	0		0	用水晶做的法杖，使用者可以借由水晶发挥更大的魔法能力	0	10000	5000	0	1	0	0	376	446	488	718	-500	-500	20	1	47	55	61	89	2	0	0	0	2	0	0	0
1221030400	完美水晶杖	36	0	4	3	1200000	90		0	用水晶做的法杖，使用者可以借由水晶发挥更大的魔法能力	1200	0	0	336	1	0	0	236	306	268	498	-500	-500	10	1	29	38	33	62	2	10	0	0	2	0	0	10
1221030401	完美水晶杖+1	36	0	4	3	1200000	90		0	用水晶做的法杖，使用者可以借由水晶发挥更大的魔法能力	1300	0	0	336	1	0	0	250	320	290	520	-500	-500	11	1	31	40	36	65	2	10	0	0	2	0	0	10
1221030402	完美水晶杖+2	36	0	4	3	1200000	90		0	用水晶做的法杖，使用者可以借由水晶发挥更大的魔法能力	1400	0	0	336	1	0	0	264	334	312	542	-500	-500	12	1	33	41	39	67	2	10	0	0	2	0	0	10
1221030403	完美水晶杖+3	36	3	4	3	1200000	90		0	用水晶做的法杖，使用者可以借由水晶发挥更大的魔法能力	1500	0	0	336	1	0	0	278	348	334	564	-500	-500	13	1	34	43	41	70	2	10	0	0	2	0	0	10
1221030404	完美水晶杖+4	36	3	4	3	1200000	90		0	用水晶做的法杖，使用者可以借由水晶发挥更大的魔法能力	1600	0	0	336	1	0	0	292	362	356	586	-500	-500	14	1	36	45	44	73	2	10	0	0	2	0	0	10
1221030405	完美水晶杖+5	36	4	4	3	1200000	90		0	用水晶做的法杖，使用者可以借由水晶发挥更大的魔法能力	1700	0	0	336	1	0	0	306	376	378	608	-500	-500	15	1	38	47	47	76	2	10	0	0	2	0	0	10
1221030406	完美水晶杖+6	36	4	4	3	1200000	90		0	用水晶做的法杖，使用者可以借由水晶发挥更大的魔法能力	1800	0	0	336	1	0	0	320	390	400	630	-500	-500	16	1	40	48	50	78	2	10	0	0	2	0	0	10
1221030407	完美水晶杖+7	36	4	4	3	1200000	90		0	用水晶做的法杖，使用者可以借由水晶发挥更大的魔法能力	1900	1000	6000	336	1	0	0	334	404	422	652	-500	-500	17	1	41	50	52	81	2	10	0	0	2	0	0	10
1221030408	完美水晶杖+8	36	5	4	3	1200000	90		0	用水晶做的法杖，使用者可以借由水晶发挥更大的魔法能力	2000	2000	6000	336	1	0	0	348	418	444	674	-500	-500	18	1	43	52	55	84	2	10	0	0	2	0	0	10
1221030409	完美水晶杖+9	36	5	4	3	1200000	90		0	用水晶做的法杖，使用者可以借由水晶发挥更大的魔法能力	2100	3000	6000	336	1	0	0	362	432	466	696	-500	-500	19	1	45	54	58	87	2	10	0	0	2	0	0	10
1221030410	完美水晶杖+10	36	6	4	3	1200000	90		0	用水晶做的法杖，使用者可以借由水晶发挥更大的魔法能力	0	4000	6000	336	1	0	0	376	446	488	718	-500	-500	20	1	47	55	61	89	2	10	0	0	2	0	0	10
1221040400	神品水晶杖	36	0	4	4	2000000	150		0	用水晶做的法杖，使用者可以借由水晶发挥更大的魔法能力	1200	0	0	560	1	85000603	5	236	306	268	498	-500	-500	10	1	29	38	33	62	2	10	10	10	2	10	10	10
1221040401	神品水晶杖+1	36	0	4	4	2000000	150		0	用水晶做的法杖，使用者可以借由水晶发挥更大的魔法能力	1300	0	0	560	1	85000603	10	250	320	290	520	-500	-500	11	1	31	40	36	65	2	10	10	10	2	10	10	10
1221040402	神品水晶杖+2	36	0	4	4	2000000	150		0	用水晶做的法杖，使用者可以借由水晶发挥更大的魔法能力	1400	0	0	560	1	85000603	15	264	334	312	542	-500	-500	12	1	33	41	39	67	2	10	10	10	2	10	10	10
1221040403	神品水晶杖+3	36	4	4	4	2000000	150		0	用水晶做的法杖，使用者可以借由水晶发挥更大的魔法能力	1500	0	0	560	1	85000603	20	278	348	334	564	-500	-500	13	1	34	43	41	70	2	10	10	10	2	10	10	10
1221040404	神品水晶杖+4	36	4	4	4	2000000	150		0	用水晶做的法杖，使用者可以借由水晶发挥更大的魔法能力	1600	0	0	560	1	85000603	25	292	362	356	586	-500	-500	14	1	36	45	44	73	2	10	10	10	2	10	10	10
1221040405	神品水晶杖+5	36	5	4	4	2000000	150		0	用水晶做的法杖，使用者可以借由水晶发挥更大的魔法能力	1700	0	0	560	1	85000603	30	306	376	378	608	-500	-500	15	1	38	47	47	76	2	10	10	10	2	10	10	10
1221040406	神品水晶杖+6	36	5	4	4	2000000	150		0	用水晶做的法杖，使用者可以借由水晶发挥更大的魔法能力	1800	0	0	560	1	85000603	35	320	390	400	630	-500	-500	16	1	40	48	50	78	2	10	10	10	2	10	10	10
1221040407	神品水晶杖+7	36	5	4	4	2000000	150		0	用水晶做的法杖，使用者可以借由水晶发挥更大的魔法能力	1900	0	0	560	1	85000603	40	334	404	422	652	-500	-500	17	1	41	50	52	81	2	10	10	10	2	10	10	10
1221040408	神品水晶杖+8	36	6	4	4	2000000	150		0	用水晶做的法杖，使用者可以借由水晶发挥更大的魔法能力	2000	0	0	560	1	85000603	45	348	418	444	674	-500	-500	18	1	43	52	55	84	2	10	10	10	2	10	10	10
1221040409	神品水晶杖+9	36	6	4	4	2000000	150		0	用水晶做的法杖，使用者可以借由水晶发挥更大的魔法能力	2100	0	0	560	1	85000603	50	362	432	466	696	-500	-500	19	1	45	54	58	87	2	10	10	10	2	10	10	10
1221040410	神品水晶杖+10	36	7	4	4	2000000	150		0	用水晶做的法杖，使用者可以借由水晶发挥更大的魔法能力	0	0	0	560	1	85000603	55	376	446	488	718	-500	-500	20	1	47	55	61	89	2	10	10	10	2	10	10	10
1221000500	怒涛杖	48	0	5	0	4218	0		0	据说其魔力可以在海上掀起惊涛骇浪	1600	0	0	0	1	0	0	320	394	360	658	-500	-500	15	1	0	0	0	0	0	0	0	0	0	0	0	0
1221000501	怒涛杖+1	48	0	5	0	4218	0		0	据说其魔力可以在海上掀起惊涛骇浪	1800	0	0	0	1	0	0	334	408	382	680	-500	-500	16	1	0	0	0	0	0	0	0	0	0	0	0	0
1221000502	怒涛杖+2	48	0	5	0	4218	0		0	据说其魔力可以在海上掀起惊涛骇浪	2000	0	0	0	1	0	0	348	422	404	702	-500	-500	17	1	0	0	0	0	0	0	0	0	0	0	0	0
1221000503	怒涛杖+3	48	0	5	0	4218	0		0	据说其魔力可以在海上掀起惊涛骇浪	2200	9000	5000	0	1	0	0	362	436	426	724	-500	-500	18	1	0	0	0	0	0	0	0	0	0	0	0	0
1221000504	怒涛杖+4	48	0	5	0	4218	0		0	据说其魔力可以在海上掀起惊涛骇浪	2400	10000	5000	0	1	0	0	376	450	448	746	-500	-500	19	1	0	0	0	0	0	0	0	0	0	0	0	0
1221000505	怒涛杖+5	48	0	5	0	4218	0		0	据说其魔力可以在海上掀起惊涛骇浪	2600	10000	5000	0	1	0	0	390	464	470	768	-500	-500	20	1	0	0	0	0	0	0	0	0	0	0	0	0
1221000506	怒涛杖+6	48	0	5	0	4218	0		0	据说其魔力可以在海上掀起惊涛骇浪	2800	10000	5000	0	1	0	0	404	478	492	790	-500	-500	21	1	0	0	0	0	0	0	0	0	0	0	0	0
1221000507	怒涛杖+7	48	0	5	0	4218	0		0	据说其魔力可以在海上掀起惊涛骇浪	3000	10000	5000	0	1	0	0	418	492	514	812	-500	-500	22	1	0	0	0	0	0	0	0	0	0	0	0	0
1221000508	怒涛杖+8	48	0	5	0	4218	0		0	据说其魔力可以在海上掀起惊涛骇浪	3200	10000	5000	0	1	0	0	432	506	536	834	-500	-500	23	1	0	0	0	0	0	0	0	0	0	0	0	0
1221000509	怒涛杖+9	48	0	5	0	4218	0		0	据说其魔力可以在海上掀起惊涛骇浪	3400	10000	5000	0	1	0	0	446	520	558	856	-500	-500	24	1	0	0	0	0	0	0	0	0	0	0	0	0
1221000510	怒涛杖+10	48	0	5	0	4218	0		0	据说其魔力可以在海上掀起惊涛骇浪	0	10000	5000	0	1	0	0	460	534	580	878	-500	-500	25	1	0	0	0	0	0	0	0	0	0	0	0	0
1221010500	精品怒涛杖	48	0	5	1	4218	0		0	据说其魔力可以在海上掀起惊涛骇浪	1600	0	0	0	1	0	0	320	394	360	658	-500	-500	15	1	0	0	45	82	0	0	0	0	0	0	0	0
1221010501	精品怒涛杖+1	48	0	5	1	4218	0		0	据说其魔力可以在海上掀起惊涛骇浪	1800	0	0	0	1	0	0	334	408	382	680	-500	-500	16	1	0	0	47	85	0	0	0	0	0	0	0	0
1221010502	精品怒涛杖+2	48	0	5	1	4218	0		0	据说其魔力可以在海上掀起惊涛骇浪	2000	0	0	0	1	0	0	348	422	404	702	-500	-500	17	1	0	0	50	87	0	0	0	0	0	0	0	0
1221010503	精品怒涛杖+3	48	1	5	1	4218	0		0	据说其魔力可以在海上掀起惊涛骇浪	2200	0	0	0	1	0	0	362	436	426	724	-500	-500	18	1	0	0	53	90	0	0	0	0	0	0	0	0
1221010504	精品怒涛杖+4	48	1	5	1	4218	0		0	据说其魔力可以在海上掀起惊涛骇浪	2400	1000	6000	0	1	0	0	376	450	448	746	-500	-500	19	1	0	0	56	93	0	0	0	0	0	0	0	0
1221010505	精品怒涛杖+5	48	2	5	1	4218	0		0	据说其魔力可以在海上掀起惊涛骇浪	2600	3000	6000	0	1	0	0	390	464	470	768	-500	-500	20	1	0	0	58	96	0	0	0	0	0	0	0	0
1221010506	精品怒涛杖+6	48	2	5	1	4218	0		0	据说其魔力可以在海上掀起惊涛骇浪	2800	5000	6000	0	1	0	0	404	478	492	790	-500	-500	21	1	0	0	61	98	0	0	0	0	0	0	0	0
1221010507	精品怒涛杖+7	48	2	5	1	4218	0		0	据说其魔力可以在海上掀起惊涛骇浪	3000	7000	6000	0	1	0	0	418	492	514	812	-500	-500	22	1	0	0	64	101	0	0	0	0	0	0	0	0
1221010508	精品怒涛杖+8	48	3	5	1	4218	0		0	据说其魔力可以在海上掀起惊涛骇浪	3200	8000	6000	0	1	0	0	432	506	536	834	-500	-500	23	1	0	0	67	104	0	0	0	0	0	0	0	0
1221010509	精品怒涛杖+9	48	3	5	1	4218	0		0	据说其魔力可以在海上掀起惊涛骇浪	3400	9000	6000	0	1	0	0	446	520	558	856	-500	-500	24	1	0	0	69	107	0	0	0	0	0	0	0	0
1221010510	精品怒涛杖+10	48	4	5	1	4218	0		0	据说其魔力可以在海上掀起惊涛骇浪	0	10000	6000	0	1	0	0	460	534	580	878	-500	-500	25	1	0	0	72	109	0	0	0	0	0	0	0	0
1221020500	极品怒涛杖	48	0	5	2	4218	0		0	据说其魔力可以在海上掀起惊涛骇浪	1600	0	0	0	1	0	0	320	394	360	658	-500	-500	15	1	40	49	45	82	2	0	0	0	2	0	0	0
1221020501	极品怒涛杖+1	48	0	5	2	4218	0		0	据说其魔力可以在海上掀起惊涛骇浪	1800	0	0	0	1	0	0	334	408	382	680	-500	-500	16	1	41	51	47	85	2	0	0	0	2	0	0	0
1221020502	极品怒涛杖+2	48	0	5	2	4218	0		0	据说其魔力可以在海上掀起惊涛骇浪	2000	0	0	0	1	0	0	348	422	404	702	-500	-500	17	1	43	52	50	87	2	0	0	0	2	0	0	0
1221020503	极品怒涛杖+3	48	2	5	2	4218	0		0	据说其魔力可以在海上掀起惊涛骇浪	2200	0	0	0	1	0	0	362	436	426	724	-500	-500	18	1	45	54	53	90	2	0	0	0	2	0	0	0
1221020504	极品怒涛杖+4	48	2	5	2	4218	0		0	据说其魔力可以在海上掀起惊涛骇浪	2400	0	0	0	1	0	0	376	450	448	746	-500	-500	19	1	47	56	56	93	2	0	0	0	2	0	0	0
1221020505	极品怒涛杖+5	48	3	5	2	4218	0		0	据说其魔力可以在海上掀起惊涛骇浪	2600	1000	7000	0	1	0	0	390	464	470	768	-500	-500	20	1	48	58	58	96	2	0	0	0	2	0	0	0
1221020506	极品怒涛杖+6	48	3	5	2	4218	0		0	据说其魔力可以在海上掀起惊涛骇浪	2800	2000	7000	0	1	0	0	404	478	492	790	-500	-500	21	1	50	59	61	98	2	0	0	0	2	0	0	0
1221020507	极品怒涛杖+7	48	3	5	2	4218	0		0	据说其魔力可以在海上掀起惊涛骇浪	3000	3000	7000	0	1	0	0	418	492	514	812	-500	-500	22	1	52	61	64	101	2	0	0	0	2	0	0	0
1221020508	极品怒涛杖+8	48	4	5	2	4218	0		0	据说其魔力可以在海上掀起惊涛骇浪	3200	4000	7000	0	1	0	0	432	506	536	834	-500	-500	23	1	54	63	67	104	2	0	0	0	2	0	0	0
1221020509	极品怒涛杖+9	48	4	5	2	4218	0		0	据说其魔力可以在海上掀起惊涛骇浪	3400	5000	7000	0	1	0	0	446	520	558	856	-500	-500	24	1	55	65	69	107	2	0	0	0	2	0	0	0
1221020510	极品怒涛杖+10	48	5	5	2	4218	0		0	据说其魔力可以在海上掀起惊涛骇浪	0	6000	7000	0	1	0	0	460	534	580	878	-500	-500	25	1	57	66	72	109	2	0	0	0	2	0	0	0
1221030500	完美怒涛杖	48	0	5	3	2040000	112		0	据说其魔力可以在海上掀起惊涛骇浪	1600	0	0	432	1	0	0	320	394	360	658	-500	-500	15	1	40	49	45	82	2	10	0	0	2	0	0	10
1221030501	完美怒涛杖+1	48	0	5	3	2040000	112		0	据说其魔力可以在海上掀起惊涛骇浪	1800	0	0	432	1	0	0	334	408	382	680	-500	-500	16	1	41	51	47	85	2	10	0	0	2	0	0	10
1221030502	完美怒涛杖+2	48	0	5	3	2040000	112		0	据说其魔力可以在海上掀起惊涛骇浪	2000	0	0	432	1	0	0	348	422	404	702	-500	-500	17	1	43	52	50	87	2	10	0	0	2	0	0	10
1221030503	完美怒涛杖+3	48	3	5	3	2040000	112		0	据说其魔力可以在海上掀起惊涛骇浪	2200	0	0	432	1	0	0	362	436	426	724	-500	-500	18	1	45	54	53	90	2	10	0	0	2	0	0	10
1221030504	完美怒涛杖+4	48	3	5	3	2040000	112		0	据说其魔力可以在海上掀起惊涛骇浪	2400	0	0	432	1	0	0	376	450	448	746	-500	-500	19	1	47	56	56	93	2	10	0	0	2	0	0	10
1221030505	完美怒涛杖+5	48	4	5	3	2040000	112		0	据说其魔力可以在海上掀起惊涛骇浪	2600	0	0	432	1	0	0	390	464	470	768	-500	-500	20	1	48	58	58	96	2	10	0	0	2	0	0	10
1221030506	完美怒涛杖+6	48	4	5	3	2040000	112		0	据说其魔力可以在海上掀起惊涛骇浪	2800	0	0	432	1	0	0	404	478	492	790	-500	-500	21	1	50	59	61	98	2	10	0	0	2	0	0	10
1221030507	完美怒涛杖+7	48	4	5	3	2040000	112		0	据说其魔力可以在海上掀起惊涛骇浪	3000	100	8000	432	1	0	0	418	492	514	812	-500	-500	22	1	52	61	64	101	2	10	0	0	2	0	0	10
1221030508	完美怒涛杖+8	48	5	5	3	2040000	112		0	据说其魔力可以在海上掀起惊涛骇浪	3200	600	8000	432	1	0	0	432	506	536	834	-500	-500	23	1	54	63	67	104	2	10	0	0	2	0	0	10
1221030509	完美怒涛杖+9	48	5	5	3	2040000	112		0	据说其魔力可以在海上掀起惊涛骇浪	3400	1100	8000	432	1	0	0	446	520	558	856	-500	-500	24	1	55	65	69	107	2	10	0	0	2	0	0	10
1221030510	完美怒涛杖+10	48	6	5	3	2040000	112		0	据说其魔力可以在海上掀起惊涛骇浪	0	1600	8000	432	1	0	0	460	534	580	878	-500	-500	25	1	57	66	72	109	2	10	0	0	2	0	0	10
1221040500	神品怒涛杖	48	0	5	4	3400000	187		0	据说其魔力可以在海上掀起惊涛骇浪	1600	0	0	720	1	85000604	5	320	394	360	658	-500	-500	15	1	40	49	45	82	2	10	10	10	2	10	10	10
1221040501	神品怒涛杖+1	48	0	5	4	3400000	187		0	据说其魔力可以在海上掀起惊涛骇浪	1800	0	0	720	1	85000604	10	334	408	382	680	-500	-500	16	1	41	51	47	85	2	10	10	10	2	10	10	10
1221040502	神品怒涛杖+2	48	0	5	4	3400000	187		0	据说其魔力可以在海上掀起惊涛骇浪	2000	0	0	720	1	85000604	15	348	422	404	702	-500	-500	17	1	43	52	50	87	2	10	10	10	2	10	10	10
1221040503	神品怒涛杖+3	48	4	5	4	3400000	187		0	据说其魔力可以在海上掀起惊涛骇浪	2200	0	0	720	1	85000604	20	362	436	426	724	-500	-500	18	1	45	54	53	90	2	10	10	10	2	10	10	10
1221040504	神品怒涛杖+4	48	4	5	4	3400000	187		0	据说其魔力可以在海上掀起惊涛骇浪	2400	0	0	720	1	85000604	25	376	450	448	746	-500	-500	19	1	47	56	56	93	2	10	10	10	2	10	10	10
1221040505	神品怒涛杖+5	48	5	5	4	3400000	187		0	据说其魔力可以在海上掀起惊涛骇浪	2600	0	0	720	1	85000604	30	390	464	470	768	-500	-500	20	1	48	58	58	96	2	10	10	10	2	10	10	10
1221040506	神品怒涛杖+6	48	5	5	4	3400000	187		0	据说其魔力可以在海上掀起惊涛骇浪	2800	0	0	720	1	85000604	35	404	478	492	790	-500	-500	21	1	50	59	61	98	2	10	10	10	2	10	10	10
1221040507	神品怒涛杖+7	48	5	5	4	3400000	187		0	据说其魔力可以在海上掀起惊涛骇浪	3000	0	0	720	1	85000604	40	418	492	514	812	-500	-500	22	1	52	61	64	101	2	10	10	10	2	10	10	10
1221040508	神品怒涛杖+8	48	6	5	4	3400000	187		0	据说其魔力可以在海上掀起惊涛骇浪	3200	0	0	720	1	85000604	45	432	506	536	834	-500	-500	23	1	54	63	67	104	2	10	10	10	2	10	10	10
1221040509	神品怒涛杖+9	48	6	5	4	3400000	187		0	据说其魔力可以在海上掀起惊涛骇浪	3400	0	0	720	1	85000604	50	446	520	558	856	-500	-500	24	1	55	65	69	107	2	10	10	10	2	10	10	10
1221040510	神品怒涛杖+10	48	7	5	4	3400000	187		0	据说其魔力可以在海上掀起惊涛骇浪	0	0	0	720	1	85000604	55	460	534	580	878	-500	-500	25	1	57	66	72	109	2	10	10	10	2	10	10	10
1221000600	烈焰杖	60	0	6	0	6327	0		0	周身被火焰包围，非一般人可以驾驭	2200	0	0	0	1	0	0	412	504	440	898	-500	-500	16	1	0	0	0	0	0	0	0	0	0	0	0	0
1221000601	烈焰杖+1	60	0	6	0	6327	0		0	周身被火焰包围，非一般人可以驾驭	2400	0	0	0	1	0	0	428	520	464	922	-500	-500	17	1	0	0	0	0	0	0	0	0	0	0	0	0
1221000602	烈焰杖+2	60	0	6	0	6327	0		0	周身被火焰包围，非一般人可以驾驭	2600	0	0	0	1	0	0	444	536	488	946	-500	-500	18	1	0	0	0	0	0	0	0	0	0	0	0	0
1221000603	烈焰杖+3	60	0	6	0	6327	0		0	周身被火焰包围，非一般人可以驾驭	2800	9000	7000	0	1	0	0	460	552	512	970	-500	-500	19	1	0	0	0	0	0	0	0	0	0	0	0	0
1221000604	烈焰杖+4	60	0	6	0	6327	0		0	周身被火焰包围，非一般人可以驾驭	3000	10000	7000	0	1	0	0	476	568	536	994	-500	-500	20	1	0	0	0	0	0	0	0	0	0	0	0	0
1221000605	烈焰杖+5	60	0	6	0	6327	0		0	周身被火焰包围，非一般人可以驾驭	3200	10000	7000	0	1	0	0	492	584	560	1018	-500	-500	21	1	0	0	0	0	0	0	0	0	0	0	0	0
1221000606	烈焰杖+6	60	0	6	0	6327	0		0	周身被火焰包围，非一般人可以驾驭	3400	10000	7000	0	1	0	0	508	600	584	1042	-500	-500	22	1	0	0	0	0	0	0	0	0	0	0	0	0
1221000607	烈焰杖+7	60	0	6	0	6327	0		0	周身被火焰包围，非一般人可以驾驭	3600	10000	7000	0	1	0	0	524	616	608	1066	-500	-500	23	1	0	0	0	0	0	0	0	0	0	0	0	0
1221000608	烈焰杖+8	60	0	6	0	6327	0		0	周身被火焰包围，非一般人可以驾驭	3800	10000	7000	0	1	0	0	540	632	632	1090	-500	-500	24	1	0	0	0	0	0	0	0	0	0	0	0	0
1221000609	烈焰杖+9	60	0	6	0	6327	0		0	周身被火焰包围，非一般人可以驾驭	4000	10000	7000	0	1	0	0	556	648	656	1114	-500	-500	25	1	0	0	0	0	0	0	0	0	0	0	0	0
1221000610	烈焰杖+10	60	0	6	0	6327	0		0	周身被火焰包围，非一般人可以驾驭	0	10000	7000	0	1	0	0	572	664	680	1138	-500	-500	26	1	0	0	0	0	0	0	0	0	0	0	0	0
1221010600	精品烈焰杖	60	0	6	1	6327	0		0	周身被火焰包围，非一般人可以驾驭	2200	0	0	0	1	0	0	412	504	440	898	-500	-500	16	1	0	0	55	112	0	0	0	0	0	0	0	0
1221010601	精品烈焰杖+1	60	0	6	1	6327	0		0	周身被火焰包围，非一般人可以驾驭	2400	0	0	0	1	0	0	428	520	464	922	-500	-500	17	1	0	0	58	115	0	0	0	0	0	0	0	0
1221010602	精品烈焰杖+2	60	0	6	1	6327	0		0	周身被火焰包围，非一般人可以驾驭	2600	0	0	0	1	0	0	444	536	488	946	-500	-500	18	1	0	0	61	118	0	0	0	0	0	0	0	0
1221010603	精品烈焰杖+3	60	1	6	1	6327	0		0	周身被火焰包围，非一般人可以驾驭	2800	0	0	0	1	0	0	460	552	512	970	-500	-500	19	1	0	0	64	121	0	0	0	0	0	0	0	0
1221010604	精品烈焰杖+4	60	1	6	1	6327	0		0	周身被火焰包围，非一般人可以驾驭	3000	1000	9000	0	1	0	0	476	568	536	994	-500	-500	20	1	0	0	67	124	0	0	0	0	0	0	0	0
1221010605	精品烈焰杖+5	60	2	6	1	6327	0		0	周身被火焰包围，非一般人可以驾驭	3200	3000	9000	0	1	0	0	492	584	560	1018	-500	-500	21	1	0	0	70	127	0	0	0	0	0	0	0	0
1221010606	精品烈焰杖+6	60	2	6	1	6327	0		0	周身被火焰包围，非一般人可以驾驭	3400	5000	9000	0	1	0	0	508	600	584	1042	-500	-500	22	1	0	0	73	130	0	0	0	0	0	0	0	0
1221010607	精品烈焰杖+7	60	2	6	1	6327	0		0	周身被火焰包围，非一般人可以驾驭	3600	7000	9000	0	1	0	0	524	616	608	1066	-500	-500	23	1	0	0	76	133	0	0	0	0	0	0	0	0
1221010608	精品烈焰杖+8	60	3	6	1	6327	0		0	周身被火焰包围，非一般人可以驾驭	3800	8000	9000	0	1	0	0	540	632	632	1090	-500	-500	24	1	0	0	79	136	0	0	0	0	0	0	0	0
1221010609	精品烈焰杖+9	60	3	6	1	6327	0		0	周身被火焰包围，非一般人可以驾驭	4000	9000	9000	0	1	0	0	556	648	656	1114	-500	-500	25	1	0	0	82	139	0	0	0	0	0	0	0	0
1221010610	精品烈焰杖+10	60	4	6	1	6327	0		0	周身被火焰包围，非一般人可以驾驭	0	10000	9000	0	1	0	0	572	664	680	1138	-500	-500	26	1	0	0	85	142	0	0	0	0	0	0	0	0
1221020600	极品烈焰杖	60	0	6	2	6327	0		0	周身被火焰包围，非一般人可以驾驭	2200	0	0	0	1	0	0	412	504	440	898	-500	-500	16	1	51	63	55	112	2	0	0	0	2	0	0	0
1221020601	极品烈焰杖+1	60	0	6	2	6327	0		0	周身被火焰包围，非一般人可以驾驭	2400	0	0	0	1	0	0	428	520	464	922	-500	-500	17	1	53	65	58	115	2	0	0	0	2	0	0	0
1221020602	极品烈焰杖+2	60	0	6	2	6327	0		0	周身被火焰包围，非一般人可以驾驭	2600	0	0	0	1	0	0	444	536	488	946	-500	-500	18	1	55	67	61	118	2	0	0	0	2	0	0	0
1221020603	极品烈焰杖+3	60	2	6	2	6327	0		0	周身被火焰包围，非一般人可以驾驭	2800	0	0	0	1	0	0	460	552	512	970	-500	-500	19	1	57	69	64	121	2	0	0	0	2	0	0	0
1221020604	极品烈焰杖+4	60	2	6	2	6327	0		0	周身被火焰包围，非一般人可以驾驭	3000	0	0	0	1	0	0	476	568	536	994	-500	-500	20	1	59	71	67	124	2	0	0	0	2	0	0	0
1221020605	极品烈焰杖+5	60	3	6	2	6327	0		0	周身被火焰包围，非一般人可以驾驭	3200	1000	11000	0	1	0	0	492	584	560	1018	-500	-500	21	1	61	73	70	127	2	0	0	0	2	0	0	0
1221020606	极品烈焰杖+6	60	3	6	2	6327	0		0	周身被火焰包围，非一般人可以驾驭	3400	2000	11000	0	1	0	0	508	600	584	1042	-500	-500	22	1	63	75	73	130	2	0	0	0	2	0	0	0
1221020607	极品烈焰杖+7	60	3	6	2	6327	0		0	周身被火焰包围，非一般人可以驾驭	3600	3000	11000	0	1	0	0	524	616	608	1066	-500	-500	23	1	65	77	76	133	2	0	0	0	2	0	0	0
1221020608	极品烈焰杖+8	60	4	6	2	6327	0		0	周身被火焰包围，非一般人可以驾驭	3800	4000	11000	0	1	0	0	540	632	632	1090	-500	-500	24	1	67	79	79	136	2	0	0	0	2	0	0	0
1221020609	极品烈焰杖+9	60	4	6	2	6327	0		0	周身被火焰包围，非一般人可以驾驭	4000	5000	11000	0	1	0	0	556	648	656	1114	-500	-500	25	1	69	81	82	139	2	0	0	0	2	0	0	0
1221020610	极品烈焰杖+10	60	5	6	2	6327	0		0	周身被火焰包围，非一般人可以驾驭	0	6000	11000	0	1	0	0	572	664	680	1138	-500	-500	26	1	71	83	85	142	2	0	0	0	2	0	0	0
1221030600	完美烈焰杖	60	0	6	3	3120000	140		0	周身被火焰包围，非一般人可以驾驭	2200	0	0	576	1	0	0	412	504	440	898	-500	-500	16	1	51	63	55	112	2	10	0	0	2	0	0	10
1221030601	完美烈焰杖+1	60	0	6	3	3120000	140		0	周身被火焰包围，非一般人可以驾驭	2400	0	0	576	1	0	0	428	520	464	922	-500	-500	17	1	53	65	58	115	2	10	0	0	2	0	0	10
1221030602	完美烈焰杖+2	60	0	6	3	3120000	140		0	周身被火焰包围，非一般人可以驾驭	2600	0	0	576	1	0	0	444	536	488	946	-500	-500	18	1	55	67	61	118	2	10	0	0	2	0	0	10
1221030603	完美烈焰杖+3	60	3	6	3	3120000	140		0	周身被火焰包围，非一般人可以驾驭	2800	0	0	576	1	0	0	460	552	512	970	-500	-500	19	1	57	69	64	121	2	10	0	0	2	0	0	10
1221030604	完美烈焰杖+4	60	3	6	3	3120000	140		0	周身被火焰包围，非一般人可以驾驭	3000	0	0	576	1	0	0	476	568	536	994	-500	-500	20	1	59	71	67	124	2	10	0	0	2	0	0	10
1221030605	完美烈焰杖+5	60	4	6	3	3120000	140		0	周身被火焰包围，非一般人可以驾驭	3200	0	0	576	1	0	0	492	584	560	1018	-500	-500	21	1	61	73	70	127	2	10	0	0	2	0	0	10
1221030606	完美烈焰杖+6	60	4	6	3	3120000	140		0	周身被火焰包围，非一般人可以驾驭	3400	0	0	576	1	0	0	508	600	584	1042	-500	-500	22	1	63	75	73	130	2	10	0	0	2	0	0	10
1221030607	完美烈焰杖+7	60	4	6	3	3120000	140		0	周身被火焰包围，非一般人可以驾驭	3600	100	13000	576	1	0	0	524	616	608	1066	-500	-500	23	1	65	77	76	133	2	10	0	0	2	0	0	10
1221030608	完美烈焰杖+8	60	5	6	3	3120000	140		0	周身被火焰包围，非一般人可以驾驭	3800	200	13000	576	1	0	0	540	632	632	1090	-500	-500	24	1	67	79	79	136	2	10	0	0	2	0	0	10
1221030609	完美烈焰杖+9	60	5	6	3	3120000	140		0	周身被火焰包围，非一般人可以驾驭	4000	300	13000	576	1	0	0	556	648	656	1114	-500	-500	25	1	69	81	82	139	2	10	0	0	2	0	0	10
1221030610	完美烈焰杖+10	60	6	6	3	3120000	140		0	周身被火焰包围，非一般人可以驾驭	0	400	13000	576	1	0	0	572	664	680	1138	-500	-500	26	1	71	83	85	142	2	10	0	0	2	0	0	10
1221040600	神品烈焰杖	60	0	6	4	5200000	234		0	周身被火焰包围，非一般人可以驾驭	2200	0	0	960	1	85000605	5	412	504	440	898	-500	-500	16	1	51	63	55	112	2	10	10	10	2	10	10	10
1221040601	神品烈焰杖+1	60	0	6	4	5200000	234		0	周身被火焰包围，非一般人可以驾驭	2400	0	0	960	1	85000605	10	428	520	464	922	-500	-500	17	1	53	65	58	115	2	10	10	10	2	10	10	10
1221040602	神品烈焰杖+2	60	0	6	4	5200000	234		0	周身被火焰包围，非一般人可以驾驭	2600	0	0	960	1	85000605	15	444	536	488	946	-500	-500	18	1	55	67	61	118	2	10	10	10	2	10	10	10
1221040603	神品烈焰杖+3	60	4	6	4	5200000	234		0	周身被火焰包围，非一般人可以驾驭	2800	0	0	960	1	85000605	20	460	552	512	970	-500	-500	19	1	57	69	64	121	2	10	10	10	2	10	10	10
1221040604	神品烈焰杖+4	60	4	6	4	5200000	234		0	周身被火焰包围，非一般人可以驾驭	3000	0	0	960	1	85000605	25	476	568	536	994	-500	-500	20	1	59	71	67	124	2	10	10	10	2	10	10	10
1221040605	神品烈焰杖+5	60	5	6	4	5200000	234		0	周身被火焰包围，非一般人可以驾驭	3200	0	0	960	1	85000605	30	492	584	560	1018	-500	-500	21	1	61	73	70	127	2	10	10	10	2	10	10	10
1221040606	神品烈焰杖+6	60	5	6	4	5200000	234		0	周身被火焰包围，非一般人可以驾驭	3400	0	0	960	1	85000605	35	508	600	584	1042	-500	-500	22	1	63	75	73	130	2	10	10	10	2	10	10	10
1221040607	神品烈焰杖+7	60	5	6	4	5200000	234		0	周身被火焰包围，非一般人可以驾驭	3600	0	0	960	1	85000605	40	524	616	608	1066	-500	-500	23	1	65	77	76	133	2	10	10	10	2	10	10	10
1221040608	神品烈焰杖+8	60	6	6	4	5200000	234		0	周身被火焰包围，非一般人可以驾驭	3800	0	0	960	1	85000605	45	540	632	632	1090	-500	-500	24	1	67	79	79	136	2	10	10	10	2	10	10	10
1221040609	神品烈焰杖+9	60	6	6	4	5200000	234		0	周身被火焰包围，非一般人可以驾驭	4000	0	0	960	1	85000605	50	556	648	656	1114	-500	-500	25	1	69	81	82	139	2	10	10	10	2	10	10	10
1221040610	神品烈焰杖+10	60	7	6	4	5200000	234		0	周身被火焰包围，非一般人可以驾驭	0	0	0	960	1	85000605	55	572	664	680	1138	-500	-500	26	1	71	83	85	142	2	10	10	10	2	10	10	10
1221000700	聚灵杖	72	0	7	0	7593	0		0	据说在满月之夜，此杖可以吸收死者的灵魂以提升自己的魔力	3000	0	0	0	1	0	0	484	592	540	1170	-500	-500	22	1	0	0	0	0	0	0	0	0	0	0	0	0
1221000701	聚灵杖+1	72	0	7	0	7593	0		0	据说在满月之夜，此杖可以吸收死者的灵魂以提升自己的魔力	3500	0	0	0	1	0	0	500	608	564	1194	-500	-500	23	1	0	0	0	0	0	0	0	0	0	0	0	0
1221000702	聚灵杖+2	72	0	7	0	7593	0		0	据说在满月之夜，此杖可以吸收死者的灵魂以提升自己的魔力	4000	0	0	0	1	0	0	516	624	588	1218	-500	-500	24	1	0	0	0	0	0	0	0	0	0	0	0	0
1221000703	聚灵杖+3	72	0	7	0	7593	0		0	据说在满月之夜，此杖可以吸收死者的灵魂以提升自己的魔力	4500	7500	11000	0	1	0	0	532	640	612	1242	-500	-500	25	1	0	0	0	0	0	0	0	0	0	0	0	0
1221000704	聚灵杖+4	72	0	7	0	7593	0		0	据说在满月之夜，此杖可以吸收死者的灵魂以提升自己的魔力	5000	8500	11000	0	1	0	0	548	656	636	1266	-500	-500	26	1	0	0	0	0	0	0	0	0	0	0	0	0
1221000705	聚灵杖+5	72	0	7	0	7593	0		0	据说在满月之夜，此杖可以吸收死者的灵魂以提升自己的魔力	5500	9500	11000	0	1	0	0	564	672	660	1290	-500	-500	27	1	0	0	0	0	0	0	0	0	0	0	0	0
1221000706	聚灵杖+6	72	0	7	0	7593	0		0	据说在满月之夜，此杖可以吸收死者的灵魂以提升自己的魔力	6000	10000	11000	0	1	0	0	580	688	684	1314	-500	-500	28	1	0	0	0	0	0	0	0	0	0	0	0	0
1221000707	聚灵杖+7	72	0	7	0	7593	0		0	据说在满月之夜，此杖可以吸收死者的灵魂以提升自己的魔力	6500	10000	11000	0	1	0	0	596	704	708	1338	-500	-500	29	1	0	0	0	0	0	0	0	0	0	0	0	0
1221000708	聚灵杖+8	72	0	7	0	7593	0		0	据说在满月之夜，此杖可以吸收死者的灵魂以提升自己的魔力	7000	10000	11000	0	1	0	0	612	720	732	1362	-500	-500	30	1	0	0	0	0	0	0	0	0	0	0	0	0
1221000709	聚灵杖+9	72	0	7	0	7593	0		0	据说在满月之夜，此杖可以吸收死者的灵魂以提升自己的魔力	7500	10000	11000	0	1	0	0	628	736	756	1386	-500	-500	31	1	0	0	0	0	0	0	0	0	0	0	0	0
1221000710	聚灵杖+10	72	0	7	0	7593	0		0	据说在满月之夜，此杖可以吸收死者的灵魂以提升自己的魔力	0	10000	11000	0	1	0	0	644	752	780	1410	-500	-500	32	1	0	0	0	0	0	0	0	0	0	0	0	0
1221010700	精品聚灵杖	72	0	7	1	7593	0		0	据说在满月之夜，此杖可以吸收死者的灵魂以提升自己的魔力	3000	0	0	0	1	0	0	484	592	540	1170	-500	-500	22	1	0	0	67	146	0	0	0	0	0	0	0	0
1221010701	精品聚灵杖+1	72	0	7	1	7593	0		0	据说在满月之夜，此杖可以吸收死者的灵魂以提升自己的魔力	3500	0	0	0	1	0	0	500	608	564	1194	-500	-500	23	1	0	0	70	149	0	0	0	0	0	0	0	0
1221010702	精品聚灵杖+2	72	0	7	1	7593	0		0	据说在满月之夜，此杖可以吸收死者的灵魂以提升自己的魔力	4000	0	0	0	1	0	0	516	624	588	1218	-500	-500	24	1	0	0	73	152	0	0	0	0	0	0	0	0
1221010703	精品聚灵杖+3	72	1	7	1	7593	0		0	据说在满月之夜，此杖可以吸收死者的灵魂以提升自己的魔力	4500	0	0	0	1	0	0	532	640	612	1242	-500	-500	25	1	0	0	76	155	0	0	0	0	0	0	0	0
1221010704	精品聚灵杖+4	72	1	7	1	7593	0		0	据说在满月之夜，此杖可以吸收死者的灵魂以提升自己的魔力	5000	1000	13000	0	1	0	0	548	656	636	1266	-500	-500	26	1	0	0	79	158	0	0	0	0	0	0	0	0
1221010705	精品聚灵杖+5	72	2	7	1	7593	0		0	据说在满月之夜，此杖可以吸收死者的灵魂以提升自己的魔力	5500	3000	13000	0	1	0	0	564	672	660	1290	-500	-500	27	1	0	0	82	161	0	0	0	0	0	0	0	0
1221010706	精品聚灵杖+6	72	2	7	1	7593	0		0	据说在满月之夜，此杖可以吸收死者的灵魂以提升自己的魔力	6000	5000	13000	0	1	0	0	580	688	684	1314	-500	-500	28	1	0	0	85	164	0	0	0	0	0	0	0	0
1221010707	精品聚灵杖+7	72	2	7	1	7593	0		0	据说在满月之夜，此杖可以吸收死者的灵魂以提升自己的魔力	6500	7000	13000	0	1	0	0	596	704	708	1338	-500	-500	29	1	0	0	88	167	0	0	0	0	0	0	0	0
1221010708	精品聚灵杖+8	72	3	7	1	7593	0		0	据说在满月之夜，此杖可以吸收死者的灵魂以提升自己的魔力	7000	8000	13000	0	1	0	0	612	720	732	1362	-500	-500	30	1	0	0	91	170	0	0	0	0	0	0	0	0
1221010709	精品聚灵杖+9	72	3	7	1	7593	0		0	据说在满月之夜，此杖可以吸收死者的灵魂以提升自己的魔力	7500	9000	13000	0	1	0	0	628	736	756	1386	-500	-500	31	1	0	0	94	173	0	0	0	0	0	0	0	0
1221010710	精品聚灵杖+10	72	4	7	1	7593	0		0	据说在满月之夜，此杖可以吸收死者的灵魂以提升自己的魔力	0	10000	13000	0	1	0	0	644	752	780	1410	-500	-500	32	1	0	0	97	176	0	0	0	0	0	0	0	0
1221020700	极品聚灵杖	72	0	7	2	7593	0		0	据说在满月之夜，此杖可以吸收死者的灵魂以提升自己的魔力	3000	0	0	0	1	0	0	484	592	540	1170	-500	-500	22	1	60	74	67	146	2	0	0	0	2	0	0	0
1221020701	极品聚灵杖+1	72	0	7	2	7593	0		0	据说在满月之夜，此杖可以吸收死者的灵魂以提升自己的魔力	3500	0	0	0	1	0	0	500	608	564	1194	-500	-500	23	1	62	76	70	149	2	0	0	0	2	0	0	0
1221020702	极品聚灵杖+2	72	0	7	2	7593	0		0	据说在满月之夜，此杖可以吸收死者的灵魂以提升自己的魔力	4000	0	0	0	1	0	0	516	624	588	1218	-500	-500	24	1	64	78	73	152	2	0	0	0	2	0	0	0
1221020703	极品聚灵杖+3	72	2	7	2	7593	0		0	据说在满月之夜，此杖可以吸收死者的灵魂以提升自己的魔力	4500	0	0	0	1	0	0	532	640	612	1242	-500	-500	25	1	66	80	76	155	2	0	0	0	2	0	0	0
1221020704	极品聚灵杖+4	72	2	7	2	7593	0		0	据说在满月之夜，此杖可以吸收死者的灵魂以提升自己的魔力	5000	0	0	0	1	0	0	548	656	636	1266	-500	-500	26	1	68	82	79	158	2	0	0	0	2	0	0	0
1221020705	极品聚灵杖+5	72	3	7	2	7593	0		0	据说在满月之夜，此杖可以吸收死者的灵魂以提升自己的魔力	5500	500	15000	0	1	0	0	564	672	660	1290	-500	-500	27	1	70	84	82	161	2	0	0	0	2	0	0	0
1221020706	极品聚灵杖+6	72	3	7	2	7593	0		0	据说在满月之夜，此杖可以吸收死者的灵魂以提升自己的魔力	6000	700	15000	0	1	0	0	580	688	684	1314	-500	-500	28	1	72	86	85	164	2	0	0	0	2	0	0	0
1221020707	极品聚灵杖+7	72	3	7	2	7593	0		0	据说在满月之夜，此杖可以吸收死者的灵魂以提升自己的魔力	6500	900	15000	0	1	0	0	596	704	708	1338	-500	-500	29	1	74	88	88	167	2	0	0	0	2	0	0	0
1221020708	极品聚灵杖+8	72	4	7	2	7593	0		0	据说在满月之夜，此杖可以吸收死者的灵魂以提升自己的魔力	7000	1100	15000	0	1	0	0	612	720	732	1362	-500	-500	30	1	76	90	91	170	2	0	0	0	2	0	0	0
1221020709	极品聚灵杖+9	72	4	7	2	7593	0		0	据说在满月之夜，此杖可以吸收死者的灵魂以提升自己的魔力	7500	1300	15000	0	1	0	0	628	736	756	1386	-500	-500	31	1	78	92	94	173	2	0	0	0	2	0	0	0
1221020710	极品聚灵杖+10	72	5	7	2	7593	0		0	据说在满月之夜，此杖可以吸收死者的灵魂以提升自己的魔力	0	1500	15000	0	1	0	0	644	752	780	1410	-500	-500	32	1	80	94	97	176	2	0	0	0	2	0	0	0
1221030700	完美聚灵杖	72	0	7	3	4560000	182		0	据说在满月之夜，此杖可以吸收死者的灵魂以提升自己的魔力	3000	0	0	768	1	0	0	484	592	540	1170	-500	-500	22	1	60	74	67	146	2	10	0	0	2	0	0	10
1221030701	完美聚灵杖+1	72	0	7	3	4560000	182		0	据说在满月之夜，此杖可以吸收死者的灵魂以提升自己的魔力	3500	0	0	768	1	0	0	500	608	564	1194	-500	-500	23	1	62	76	70	149	2	10	0	0	2	0	0	10
1221030702	完美聚灵杖+2	72	0	7	3	4560000	182		0	据说在满月之夜，此杖可以吸收死者的灵魂以提升自己的魔力	4000	0	0	768	1	0	0	516	624	588	1218	-500	-500	24	1	64	78	73	152	2	10	0	0	2	0	0	10
1221030703	完美聚灵杖+3	72	3	7	3	4560000	182		0	据说在满月之夜，此杖可以吸收死者的灵魂以提升自己的魔力	4500	0	0	768	1	0	0	532	640	612	1242	-500	-500	25	1	66	80	76	155	2	10	0	0	2	0	0	10
1221030704	完美聚灵杖+4	72	3	7	3	4560000	182		0	据说在满月之夜，此杖可以吸收死者的灵魂以提升自己的魔力	5000	0	0	768	1	0	0	548	656	636	1266	-500	-500	26	1	68	82	79	158	2	10	0	0	2	0	0	10
1221030705	完美聚灵杖+5	72	4	7	3	4560000	182		0	据说在满月之夜，此杖可以吸收死者的灵魂以提升自己的魔力	5500	0	0	768	1	0	0	564	672	660	1290	-500	-500	27	1	70	84	82	161	2	10	0	0	2	0	0	10
1221030706	完美聚灵杖+6	72	4	7	3	4560000	182		0	据说在满月之夜，此杖可以吸收死者的灵魂以提升自己的魔力	6000	0	0	768	1	0	0	580	688	684	1314	-500	-500	28	1	72	86	85	164	2	10	0	0	2	0	0	10
1221030707	完美聚灵杖+7	72	4	7	3	4560000	182		0	据说在满月之夜，此杖可以吸收死者的灵魂以提升自己的魔力	6500	50	17000	768	1	0	0	596	704	708	1338	-500	-500	29	1	74	88	88	167	2	10	0	0	2	0	0	10
1221030708	完美聚灵杖+8	72	5	7	3	4560000	182		0	据说在满月之夜，此杖可以吸收死者的灵魂以提升自己的魔力	7000	150	17000	768	1	0	0	612	720	732	1362	-500	-500	30	1	76	90	91	170	2	10	0	0	2	0	0	10
1221030709	完美聚灵杖+9	72	5	7	3	4560000	182		0	据说在满月之夜，此杖可以吸收死者的灵魂以提升自己的魔力	7500	250	17000	768	1	0	0	628	736	756	1386	-500	-500	31	1	78	92	94	173	2	10	0	0	2	0	0	10
1221030710	完美聚灵杖+10	72	6	7	3	4560000	182		0	据说在满月之夜，此杖可以吸收死者的灵魂以提升自己的魔力	0	350	17000	768	1	0	0	644	752	780	1410	-500	-500	32	1	80	94	97	176	2	10	0	0	2	0	0	10
1221040700	神品聚灵杖	72	0	7	4	7600000	304		0	据说在满月之夜，此杖可以吸收死者的灵魂以提升自己的魔力	3000	0	0	1280	1	85000606	5	484	592	540	1170	-500	-500	22	1	60	74	67	146	2	10	10	10	2	10	10	10
1221040701	神品聚灵杖+1	72	0	7	4	7600000	304		0	据说在满月之夜，此杖可以吸收死者的灵魂以提升自己的魔力	3500	0	0	1280	1	85000606	10	500	608	564	1194	-500	-500	23	1	62	76	70	149	2	10	10	10	2	10	10	10
1221040702	神品聚灵杖+2	72	0	7	4	7600000	304		0	据说在满月之夜，此杖可以吸收死者的灵魂以提升自己的魔力	4000	0	0	1280	1	85000606	15	516	624	588	1218	-500	-500	24	1	64	78	73	152	2	10	10	10	2	10	10	10
1221040703	神品聚灵杖+3	72	4	7	4	7600000	304		0	据说在满月之夜，此杖可以吸收死者的灵魂以提升自己的魔力	4500	0	0	1280	1	85000606	20	532	640	612	1242	-500	-500	25	1	66	80	76	155	2	10	10	10	2	10	10	10
1221040704	神品聚灵杖+4	72	4	7	4	7600000	304		0	据说在满月之夜，此杖可以吸收死者的灵魂以提升自己的魔力	5000	0	0	1280	1	85000606	25	548	656	636	1266	-500	-500	26	1	68	82	79	158	2	10	10	10	2	10	10	10
1221040705	神品聚灵杖+5	72	5	7	4	7600000	304		0	据说在满月之夜，此杖可以吸收死者的灵魂以提升自己的魔力	5500	0	0	1280	1	85000606	30	564	672	660	1290	-500	-500	27	1	70	84	82	161	2	10	10	10	2	10	10	10
1221040706	神品聚灵杖+6	72	5	7	4	7600000	304		0	据说在满月之夜，此杖可以吸收死者的灵魂以提升自己的魔力	6000	0	0	1280	1	85000606	35	580	688	684	1314	-500	-500	28	1	72	86	85	164	2	10	10	10	2	10	10	10
1221040707	神品聚灵杖+7	72	5	7	4	7600000	304		0	据说在满月之夜，此杖可以吸收死者的灵魂以提升自己的魔力	6500	0	0	1280	1	85000606	40	596	704	708	1338	-500	-500	29	1	74	88	88	167	2	10	10	10	2	10	10	10
1221040708	神品聚灵杖+8	72	6	7	4	7600000	304		0	据说在满月之夜，此杖可以吸收死者的灵魂以提升自己的魔力	7000	0	0	1280	1	85000606	45	612	720	732	1362	-500	-500	30	1	76	90	91	170	2	10	10	10	2	10	10	10
1221040709	神品聚灵杖+9	72	6	7	4	7600000	304		0	据说在满月之夜，此杖可以吸收死者的灵魂以提升自己的魔力	7500	0	0	1280	1	85000606	50	628	736	756	1386	-500	-500	31	1	78	92	94	173	2	10	10	10	2	10	10	10
1221040710	神品聚灵杖+10	72	7	7	4	7600000	304		0	据说在满月之夜，此杖可以吸收死者的灵魂以提升自己的魔力	0	0	0	1280	1	85000606	55	644	752	780	1410	-500	-500	32	1	80	94	97	176	2	10	10	10	2	10	10	10
1221000800	符文杖	84	0	8	0	11390	0		0	全身刻满符文的法杖，光是那些神秘的符文就足够吸引眼球了	4500	0	0	0	1	0	0	584	708	620	1478	-500	-500	24	1	0	0	0	0	0	0	0	0	0	0	0	0
1221000801	符文杖+1	84	0	8	0	11390	0		0	全身刻满符文的法杖，光是那些神秘的符文就足够吸引眼球了	5000	0	0	0	1	0	0	600	724	644	1502	-500	-500	25	1	0	0	0	0	0	0	0	0	0	0	0	0
1221000802	符文杖+2	84	0	8	0	11390	0		0	全身刻满符文的法杖，光是那些神秘的符文就足够吸引眼球了	5500	0	0	0	1	0	0	616	740	668	1526	-500	-500	26	1	0	0	0	0	0	0	0	0	0	0	0	0
1221000803	符文杖+3	84	0	8	0	11390	0		0	全身刻满符文的法杖，光是那些神秘的符文就足够吸引眼球了	6000	7500	15000	0	1	0	0	632	756	692	1550	-500	-500	27	1	0	0	0	0	0	0	0	0	0	0	0	0
1221000804	符文杖+4	84	0	8	0	11390	0		0	全身刻满符文的法杖，光是那些神秘的符文就足够吸引眼球了	6500	8500	15000	0	1	0	0	648	772	716	1574	-500	-500	28	1	0	0	0	0	0	0	0	0	0	0	0	0
1221000805	符文杖+5	84	0	8	0	11390	0		0	全身刻满符文的法杖，光是那些神秘的符文就足够吸引眼球了	7000	9500	15000	0	1	0	0	664	788	740	1598	-500	-500	29	1	0	0	0	0	0	0	0	0	0	0	0	0
1221000806	符文杖+6	84	0	8	0	11390	0		0	全身刻满符文的法杖，光是那些神秘的符文就足够吸引眼球了	7500	10000	15000	0	1	0	0	680	804	764	1622	-500	-500	30	1	0	0	0	0	0	0	0	0	0	0	0	0
1221000807	符文杖+7	84	0	8	0	11390	0		0	全身刻满符文的法杖，光是那些神秘的符文就足够吸引眼球了	8000	10000	15000	0	1	0	0	696	820	788	1646	-500	-500	31	1	0	0	0	0	0	0	0	0	0	0	0	0
1221000808	符文杖+8	84	0	8	0	11390	0		0	全身刻满符文的法杖，光是那些神秘的符文就足够吸引眼球了	8500	10000	15000	0	1	0	0	712	836	812	1670	-500	-500	32	1	0	0	0	0	0	0	0	0	0	0	0	0
1221000809	符文杖+9	84	0	8	0	11390	0		0	全身刻满符文的法杖，光是那些神秘的符文就足够吸引眼球了	9000	10000	15000	0	1	0	0	728	852	836	1694	-500	-500	33	1	0	0	0	0	0	0	0	0	0	0	0	0
1221000810	符文杖+10	84	0	8	0	11390	0		0	全身刻满符文的法杖，光是那些神秘的符文就足够吸引眼球了	0	10000	15000	0	1	0	0	744	868	860	1718	-500	-500	34	1	0	0	0	0	0	0	0	0	0	0	0	0
1221010800	精品符文杖	84	0	8	1	11390	0		0	全身刻满符文的法杖，光是那些神秘的符文就足够吸引眼球了	4500	0	0	0	1	0	0	584	708	620	1478	-500	-500	24	1	0	0	77	184	0	0	0	0	0	0	0	0
1221010801	精品符文杖+1	84	0	8	1	11390	0		0	全身刻满符文的法杖，光是那些神秘的符文就足够吸引眼球了	5000	0	0	0	1	0	0	600	724	644	1502	-500	-500	25	1	0	0	80	187	0	0	0	0	0	0	0	0
1221010802	精品符文杖+2	84	0	8	1	11390	0		0	全身刻满符文的法杖，光是那些神秘的符文就足够吸引眼球了	5500	0	0	0	1	0	0	616	740	668	1526	-500	-500	26	1	0	0	83	190	0	0	0	0	0	0	0	0
1221010803	精品符文杖+3	84	1	8	1	11390	0		0	全身刻满符文的法杖，光是那些神秘的符文就足够吸引眼球了	6000	0	0	0	1	0	0	632	756	692	1550	-500	-500	27	1	0	0	86	193	0	0	0	0	0	0	0	0
1221010804	精品符文杖+4	84	1	8	1	11390	0		0	全身刻满符文的法杖，光是那些神秘的符文就足够吸引眼球了	6500	1000	18000	0	1	0	0	648	772	716	1574	-500	-500	28	1	0	0	89	196	0	0	0	0	0	0	0	0
1221010805	精品符文杖+5	84	2	8	1	11390	0		0	全身刻满符文的法杖，光是那些神秘的符文就足够吸引眼球了	7000	2000	18000	0	1	0	0	664	788	740	1598	-500	-500	29	1	0	0	92	199	0	0	0	0	0	0	0	0
1221010806	精品符文杖+6	84	2	8	1	11390	0		0	全身刻满符文的法杖，光是那些神秘的符文就足够吸引眼球了	7500	3000	18000	0	1	0	0	680	804	764	1622	-500	-500	30	1	0	0	95	202	0	0	0	0	0	0	0	0
1221010807	精品符文杖+7	84	2	8	1	11390	0		0	全身刻满符文的法杖，光是那些神秘的符文就足够吸引眼球了	8000	4000	18000	0	1	0	0	696	820	788	1646	-500	-500	31	1	0	0	98	205	0	0	0	0	0	0	0	0
1221010808	精品符文杖+8	84	3	8	1	11390	0		0	全身刻满符文的法杖，光是那些神秘的符文就足够吸引眼球了	8500	6000	18000	0	1	0	0	712	836	812	1670	-500	-500	32	1	0	0	101	208	0	0	0	0	0	0	0	0
1221010809	精品符文杖+9	84	3	8	1	11390	0		0	全身刻满符文的法杖，光是那些神秘的符文就足够吸引眼球了	9000	8000	18000	0	1	0	0	728	852	836	1694	-500	-500	33	1	0	0	104	211	0	0	0	0	0	0	0	0
1221010810	精品符文杖+10	84	4	8	1	11390	0		0	全身刻满符文的法杖，光是那些神秘的符文就足够吸引眼球了	0	10000	18000	0	1	0	0	744	868	860	1718	-500	-500	34	1	0	0	107	214	0	0	0	0	0	0	0	0
1221020800	极品符文杖	84	0	8	2	11390	0		0	全身刻满符文的法杖，光是那些神秘的符文就足够吸引眼球了	4500	0	0	0	1	0	0	584	708	620	1478	-500	-500	24	1	73	88	77	184	2	0	0	0	2	0	0	0
1221020801	极品符文杖+1	84	0	8	2	11390	0		0	全身刻满符文的法杖，光是那些神秘的符文就足够吸引眼球了	5000	0	0	0	1	0	0	600	724	644	1502	-500	-500	25	1	75	90	80	187	2	0	0	0	2	0	0	0
1221020802	极品符文杖+2	84	0	8	2	11390	0		0	全身刻满符文的法杖，光是那些神秘的符文就足够吸引眼球了	5500	0	0	0	1	0	0	616	740	668	1526	-500	-500	26	1	77	92	83	190	2	0	0	0	2	0	0	0
1221020803	极品符文杖+3	84	2	8	2	11390	0		0	全身刻满符文的法杖，光是那些神秘的符文就足够吸引眼球了	6000	0	0	0	1	0	0	632	756	692	1550	-500	-500	27	1	79	94	86	193	2	0	0	0	2	0	0	0
1221020804	极品符文杖+4	84	2	8	2	11390	0		0	全身刻满符文的法杖，光是那些神秘的符文就足够吸引眼球了	6500	0	0	0	1	0	0	648	772	716	1574	-500	-500	28	1	81	96	89	196	2	0	0	0	2	0	0	0
1221020805	极品符文杖+5	84	3	8	2	11390	0		0	全身刻满符文的法杖，光是那些神秘的符文就足够吸引眼球了	7000	500	21000	0	1	0	0	664	788	740	1598	-500	-500	29	1	83	98	92	199	2	0	0	0	2	0	0	0
1221020806	极品符文杖+6	84	3	8	2	11390	0		0	全身刻满符文的法杖，光是那些神秘的符文就足够吸引眼球了	7500	700	21000	0	1	0	0	680	804	764	1622	-500	-500	30	1	85	100	95	202	2	0	0	0	2	0	0	0
1221020807	极品符文杖+7	84	3	8	2	11390	0		0	全身刻满符文的法杖，光是那些神秘的符文就足够吸引眼球了	8000	900	21000	0	1	0	0	696	820	788	1646	-500	-500	31	1	87	102	98	205	2	0	0	0	2	0	0	0
1221020808	极品符文杖+8	84	4	8	2	11390	0		0	全身刻满符文的法杖，光是那些神秘的符文就足够吸引眼球了	8500	1100	21000	0	1	0	0	712	836	812	1670	-500	-500	32	1	89	104	101	208	2	0	0	0	2	0	0	0
1221020809	极品符文杖+9	84	4	8	2	11390	0		0	全身刻满符文的法杖，光是那些神秘的符文就足够吸引眼球了	9000	1300	21000	0	1	0	0	728	852	836	1694	-500	-500	33	1	91	106	104	211	2	0	0	0	2	0	0	0
1221020810	极品符文杖+10	84	5	8	2	11390	0		0	全身刻满符文的法杖，光是那些神秘的符文就足够吸引眼球了	0	1500	21000	0	1	0	0	744	868	860	1718	-500	-500	34	1	93	108	107	214	2	0	0	0	2	0	0	0
1221030800	完美符文杖	84	0	8	3	6480000	227		0	全身刻满符文的法杖，光是那些神秘的符文就足够吸引眼球了	4500	0	0	960	1	0	0	584	708	620	1478	-500	-500	24	1	73	88	77	184	2	10	0	0	2	0	0	10
1221030801	完美符文杖+1	84	0	8	3	6480000	227		0	全身刻满符文的法杖，光是那些神秘的符文就足够吸引眼球了	5000	0	0	960	1	0	0	600	724	644	1502	-500	-500	25	1	75	90	80	187	2	10	0	0	2	0	0	10
1221030802	完美符文杖+2	84	0	8	3	6480000	227		0	全身刻满符文的法杖，光是那些神秘的符文就足够吸引眼球了	5500	0	0	960	1	0	0	616	740	668	1526	-500	-500	26	1	77	92	83	190	2	10	0	0	2	0	0	10
1221030803	完美符文杖+3	84	3	8	3	6480000	227		0	全身刻满符文的法杖，光是那些神秘的符文就足够吸引眼球了	6000	0	0	960	1	0	0	632	756	692	1550	-500	-500	27	1	79	94	86	193	2	10	0	0	2	0	0	10
1221030804	完美符文杖+4	84	3	8	3	6480000	227		0	全身刻满符文的法杖，光是那些神秘的符文就足够吸引眼球了	6500	0	0	960	1	0	0	648	772	716	1574	-500	-500	28	1	81	96	89	196	2	10	0	0	2	0	0	10
1221030805	完美符文杖+5	84	4	8	3	6480000	227		0	全身刻满符文的法杖，光是那些神秘的符文就足够吸引眼球了	7000	0	0	960	1	0	0	664	788	740	1598	-500	-500	29	1	83	98	92	199	2	10	0	0	2	0	0	10
1221030806	完美符文杖+6	84	4	8	3	6480000	227		0	全身刻满符文的法杖，光是那些神秘的符文就足够吸引眼球了	7500	0	0	960	1	0	0	680	804	764	1622	-500	-500	30	1	85	100	95	202	2	10	0	0	2	0	0	10
1221030807	完美符文杖+7	84	4	8	3	6480000	227		0	全身刻满符文的法杖，光是那些神秘的符文就足够吸引眼球了	8000	50	24000	960	1	0	0	696	820	788	1646	-500	-500	31	1	87	102	98	205	2	10	0	0	2	0	0	10
1221030808	完美符文杖+8	84	5	8	3	6480000	227		0	全身刻满符文的法杖，光是那些神秘的符文就足够吸引眼球了	8500	150	24000	960	1	0	0	712	836	812	1670	-500	-500	32	1	89	104	101	208	2	10	0	0	2	0	0	10
1221030809	完美符文杖+9	84	5	8	3	6480000	227		0	全身刻满符文的法杖，光是那些神秘的符文就足够吸引眼球了	9000	250	24000	960	1	0	0	728	852	836	1694	-500	-500	33	1	91	106	104	211	2	10	0	0	2	0	0	10
1221030810	完美符文杖+10	84	6	8	3	6480000	227		0	全身刻满符文的法杖，光是那些神秘的符文就足够吸引眼球了	0	350	24000	960	1	0	0	744	868	860	1718	-500	-500	34	1	93	108	107	214	2	10	0	0	2	0	0	10
1221040800	神品符文杖	84	0	8	4	10800000	378		0	全身刻满符文的法杖，光是那些神秘的符文就足够吸引眼球了	4500	0	0	1600	1	85000607	5	584	708	620	1478	-500	-500	24	1	73	88	77	184	2	10	10	10	2	10	10	10
1221040801	神品符文杖+1	84	0	8	4	10800000	378		0	全身刻满符文的法杖，光是那些神秘的符文就足够吸引眼球了	5000	0	0	1600	1	85000607	10	600	724	644	1502	-500	-500	25	1	75	90	80	187	2	10	10	10	2	10	10	10
1221040802	神品符文杖+2	84	0	8	4	10800000	378		0	全身刻满符文的法杖，光是那些神秘的符文就足够吸引眼球了	5500	0	0	1600	1	85000607	15	616	740	668	1526	-500	-500	26	1	77	92	83	190	2	10	10	10	2	10	10	10
1221040803	神品符文杖+3	84	4	8	4	10800000	378		0	全身刻满符文的法杖，光是那些神秘的符文就足够吸引眼球了	6000	0	0	1600	1	85000607	20	632	756	692	1550	-500	-500	27	1	79	94	86	193	2	10	10	10	2	10	10	10
1221040804	神品符文杖+4	84	4	8	4	10800000	378		0	全身刻满符文的法杖，光是那些神秘的符文就足够吸引眼球了	6500	0	0	1600	1	85000607	25	648	772	716	1574	-500	-500	28	1	81	96	89	196	2	10	10	10	2	10	10	10
1221040805	神品符文杖+5	84	5	8	4	10800000	378		0	全身刻满符文的法杖，光是那些神秘的符文就足够吸引眼球了	7000	0	0	1600	1	85000607	30	664	788	740	1598	-500	-500	29	1	83	98	92	199	2	10	10	10	2	10	10	10
1221040806	神品符文杖+6	84	5	8	4	10800000	378		0	全身刻满符文的法杖，光是那些神秘的符文就足够吸引眼球了	7500	0	0	1600	1	85000607	35	680	804	764	1622	-500	-500	30	1	85	100	95	202	2	10	10	10	2	10	10	10
1221040807	神品符文杖+7	84	5	8	4	10800000	378		0	全身刻满符文的法杖，光是那些神秘的符文就足够吸引眼球了	8000	0	0	1600	1	85000607	40	696	820	788	1646	-500	-500	31	1	87	102	98	205	2	10	10	10	2	10	10	10
1221040808	神品符文杖+8	84	6	8	4	10800000	378		0	全身刻满符文的法杖，光是那些神秘的符文就足够吸引眼球了	8500	0	0	1600	1	85000607	45	712	836	812	1670	-500	-500	32	1	89	104	101	208	2	10	10	10	2	10	10	10
1221040809	神品符文杖+9	84	6	8	4	10800000	378		0	全身刻满符文的法杖，光是那些神秘的符文就足够吸引眼球了	9000	0	0	1600	1	85000607	50	728	852	836	1694	-500	-500	33	1	91	106	104	211	2	10	10	10	2	10	10	10
1221040810	神品符文杖+10	84	7	8	4	10800000	378		0	全身刻满符文的法杖，光是那些神秘的符文就足够吸引眼球了	0	0	0	1600	1	85000607	55	744	868	860	1718	-500	-500	34	1	93	108	107	214	2	10	10	10	2	10	10	10
1221000900	圣光之杖	96	0	9	0	17085	0		0	大圣堂法师才能佩戴的专用法杖，是无上荣誉的象征	6000	0	0	0	1	0	0	656	834	700	1818	-500	-500	27	1	0	0	0	0	0	0	0	0	0	0	0	0
1221000901	圣光之杖+1	96	0	9	0	17085	0		0	大圣堂法师才能佩戴的专用法杖，是无上荣誉的象征	7000	0	0	0	1	0	0	672	850	724	1842	-500	-500	28	1	0	0	0	0	0	0	0	0	0	0	0	0
1221000902	圣光之杖+2	96	0	9	0	17085	0		0	大圣堂法师才能佩戴的专用法杖，是无上荣誉的象征	8000	0	0	0	1	0	0	688	866	748	1866	-500	-500	29	1	0	0	0	0	0	0	0	0	0	0	0	0
1221000903	圣光之杖+3	96	0	9	0	17085	0		0	大圣堂法师才能佩戴的专用法杖，是无上荣誉的象征	9000	6000	21000	0	1	0	0	704	882	772	1890	-500	-500	30	1	0	0	0	0	0	0	0	0	0	0	0	0
1221000904	圣光之杖+4	96	0	9	0	17085	0		0	大圣堂法师才能佩戴的专用法杖，是无上荣誉的象征	10000	7000	21000	0	1	0	0	720	898	796	1914	-500	-500	31	1	0	0	0	0	0	0	0	0	0	0	0	0
1221000905	圣光之杖+5	96	0	9	0	17085	0		0	大圣堂法师才能佩戴的专用法杖，是无上荣誉的象征	11000	8000	21000	0	1	0	0	736	914	820	1938	-500	-500	32	1	0	0	0	0	0	0	0	0	0	0	0	0
1221000906	圣光之杖+6	96	0	9	0	17085	0		0	大圣堂法师才能佩戴的专用法杖，是无上荣誉的象征	12000	9000	21000	0	1	0	0	752	930	844	1962	-500	-500	33	1	0	0	0	0	0	0	0	0	0	0	0	0
1221000907	圣光之杖+7	96	0	9	0	17085	0		0	大圣堂法师才能佩戴的专用法杖，是无上荣誉的象征	13000	10000	21000	0	1	0	0	768	946	868	1986	-500	-500	34	1	0	0	0	0	0	0	0	0	0	0	0	0
1221000908	圣光之杖+8	96	0	9	0	17085	0		0	大圣堂法师才能佩戴的专用法杖，是无上荣誉的象征	14000	10000	21000	0	1	0	0	784	962	892	2010	-500	-500	35	1	0	0	0	0	0	0	0	0	0	0	0	0
1221000909	圣光之杖+9	96	0	9	0	17085	0		0	大圣堂法师才能佩戴的专用法杖，是无上荣誉的象征	15000	10000	21000	0	1	0	0	800	978	916	2034	-500	-500	36	1	0	0	0	0	0	0	0	0	0	0	0	0
1221000910	圣光之杖+10	96	0	9	0	17085	0		0	大圣堂法师才能佩戴的专用法杖，是无上荣誉的象征	0	10000	21000	0	1	0	0	816	994	940	2058	-500	-500	37	1	0	0	0	0	0	0	0	0	0	0	0	0
1221010900	精品圣光之杖	96	0	9	1	17085	0		0	大圣堂法师才能佩戴的专用法杖，是无上荣誉的象征	6000	0	0	0	1	0	0	656	834	700	1818	-500	-500	27	1	0	0	87	227	0	0	0	0	0	0	0	0
1221010901	精品圣光之杖+1	96	0	9	1	17085	0		0	大圣堂法师才能佩戴的专用法杖，是无上荣誉的象征	7000	0	0	0	1	0	0	672	850	724	1842	-500	-500	28	1	0	0	90	230	0	0	0	0	0	0	0	0
1221010902	精品圣光之杖+2	96	0	9	1	17085	0		0	大圣堂法师才能佩戴的专用法杖，是无上荣誉的象征	8000	0	0	0	1	0	0	688	866	748	1866	-500	-500	29	1	0	0	93	233	0	0	0	0	0	0	0	0
1221010903	精品圣光之杖+3	96	1	9	1	17085	0		0	大圣堂法师才能佩戴的专用法杖，是无上荣誉的象征	9000	0	0	0	1	0	0	704	882	772	1890	-500	-500	30	1	0	0	96	236	0	0	0	0	0	0	0	0
1221010904	精品圣光之杖+4	96	1	9	1	17085	0		0	大圣堂法师才能佩戴的专用法杖，是无上荣誉的象征	10000	1000	24000	0	1	0	0	720	898	796	1914	-500	-500	31	1	0	0	99	239	0	0	0	0	0	0	0	0
1221010905	精品圣光之杖+5	96	2	9	1	17085	0		0	大圣堂法师才能佩戴的专用法杖，是无上荣誉的象征	11000	2000	24000	0	1	0	0	736	914	820	1938	-500	-500	32	1	0	0	102	242	0	0	0	0	0	0	0	0
1221010906	精品圣光之杖+6	96	2	9	1	17085	0		0	大圣堂法师才能佩戴的专用法杖，是无上荣誉的象征	12000	3000	24000	0	1	0	0	752	930	844	1962	-500	-500	33	1	0	0	105	245	0	0	0	0	0	0	0	0
1221010907	精品圣光之杖+7	96	2	9	1	17085	0		0	大圣堂法师才能佩戴的专用法杖，是无上荣誉的象征	13000	4000	24000	0	1	0	0	768	946	868	1986	-500	-500	34	1	0	0	108	248	0	0	0	0	0	0	0	0
1221010908	精品圣光之杖+8	96	3	9	1	17085	0		0	大圣堂法师才能佩戴的专用法杖，是无上荣誉的象征	14000	6000	24000	0	1	0	0	784	962	892	2010	-500	-500	35	1	0	0	111	251	0	0	0	0	0	0	0	0
1221010909	精品圣光之杖+9	96	3	9	1	17085	0		0	大圣堂法师才能佩戴的专用法杖，是无上荣誉的象征	15000	8000	24000	0	1	0	0	800	978	916	2034	-500	-500	36	1	0	0	114	254	0	0	0	0	0	0	0	0
1221010910	精品圣光之杖+10	96	4	9	1	17085	0		0	大圣堂法师才能佩戴的专用法杖，是无上荣誉的象征	0	10000	24000	0	1	0	0	816	994	940	2058	-500	-500	37	1	0	0	117	257	0	0	0	0	0	0	0	0
1221020900	极品圣光之杖	96	0	9	2	17085	0		0	大圣堂法师才能佩戴的专用法杖，是无上荣誉的象征	6000	0	0	0	1	0	0	656	834	700	1818	-500	-500	27	1	82	104	87	227	2	0	0	0	2	0	0	0
1221020901	极品圣光之杖+1	96	0	9	2	17085	0		0	大圣堂法师才能佩戴的专用法杖，是无上荣誉的象征	7000	0	0	0	1	0	0	672	850	724	1842	-500	-500	28	1	84	106	90	230	2	0	0	0	2	0	0	0
1221020902	极品圣光之杖+2	96	0	9	2	17085	0		0	大圣堂法师才能佩戴的专用法杖，是无上荣誉的象征	8000	0	0	0	1	0	0	688	866	748	1866	-500	-500	29	1	86	108	93	233	2	0	0	0	2	0	0	0
1221020903	极品圣光之杖+3	96	2	9	2	17085	0		0	大圣堂法师才能佩戴的专用法杖，是无上荣誉的象征	9000	0	0	0	1	0	0	704	882	772	1890	-500	-500	30	1	88	110	96	236	2	0	0	0	2	0	0	0
1221020904	极品圣光之杖+4	96	2	9	2	17085	0		0	大圣堂法师才能佩戴的专用法杖，是无上荣誉的象征	10000	0	0	0	1	0	0	720	898	796	1914	-500	-500	31	1	90	112	99	239	2	0	0	0	2	0	0	0
1221020905	极品圣光之杖+5	96	3	9	2	17085	0		0	大圣堂法师才能佩戴的专用法杖，是无上荣誉的象征	11000	200	27000	0	1	0	0	736	914	820	1938	-500	-500	32	1	92	114	102	242	2	0	0	0	2	0	0	0
1221020906	极品圣光之杖+6	96	3	9	2	17085	0		0	大圣堂法师才能佩戴的专用法杖，是无上荣誉的象征	12000	400	27000	0	1	0	0	752	930	844	1962	-500	-500	33	1	94	116	105	245	2	0	0	0	2	0	0	0
1221020907	极品圣光之杖+7	96	3	9	2	17085	0		0	大圣堂法师才能佩戴的专用法杖，是无上荣誉的象征	13000	600	27000	0	1	0	0	768	946	868	1986	-500	-500	34	1	96	118	108	248	2	0	0	0	2	0	0	0
1221020908	极品圣光之杖+8	96	4	9	2	17085	0		0	大圣堂法师才能佩戴的专用法杖，是无上荣誉的象征	14000	800	27000	0	1	0	0	784	962	892	2010	-500	-500	35	1	98	120	111	251	2	0	0	0	2	0	0	0
1221020909	极品圣光之杖+9	96	4	9	2	17085	0		0	大圣堂法师才能佩戴的专用法杖，是无上荣誉的象征	15000	1000	27000	0	1	0	0	800	978	916	2034	-500	-500	36	1	100	122	114	254	2	0	0	0	2	0	0	0
1221020910	极品圣光之杖+10	96	5	9	2	17085	0		0	大圣堂法师才能佩戴的专用法杖，是无上荣誉的象征	0	1200	27000	0	1	0	0	816	994	940	2058	-500	-500	37	1	102	124	117	257	2	0	0	0	2	0	0	0
1221030900	完美圣光之杖	96	0	9	3	8880000	264		0	大圣堂法师才能佩戴的专用法杖，是无上荣誉的象征	6000	0	0	1152	1	0	0	656	834	700	1818	-500	-500	27	1	82	104	87	227	2	10	0	0	2	0	0	10
1221030901	完美圣光之杖+1	96	0	9	3	8880000	264		0	大圣堂法师才能佩戴的专用法杖，是无上荣誉的象征	7000	0	0	1152	1	0	0	672	850	724	1842	-500	-500	28	1	84	106	90	230	2	10	0	0	2	0	0	10
1221030902	完美圣光之杖+2	96	0	9	3	8880000	264		0	大圣堂法师才能佩戴的专用法杖，是无上荣誉的象征	8000	0	0	1152	1	0	0	688	866	748	1866	-500	-500	29	1	86	108	93	233	2	10	0	0	2	0	0	10
1221030903	完美圣光之杖+3	96	3	9	3	8880000	264		0	大圣堂法师才能佩戴的专用法杖，是无上荣誉的象征	9000	0	0	1152	1	0	0	704	882	772	1890	-500	-500	30	1	88	110	96	236	2	10	0	0	2	0	0	10
1221030904	完美圣光之杖+4	96	3	9	3	8880000	264		0	大圣堂法师才能佩戴的专用法杖，是无上荣誉的象征	10000	0	0	1152	1	0	0	720	898	796	1914	-500	-500	31	1	90	112	99	239	2	10	0	0	2	0	0	10
1221030905	完美圣光之杖+5	96	4	9	3	8880000	264		0	大圣堂法师才能佩戴的专用法杖，是无上荣誉的象征	11000	0	0	1152	1	0	0	736	914	820	1938	-500	-500	32	1	92	114	102	242	2	10	0	0	2	0	0	10
1221030906	完美圣光之杖+6	96	4	9	3	8880000	264		0	大圣堂法师才能佩戴的专用法杖，是无上荣誉的象征	12000	0	0	1152	1	0	0	752	930	844	1962	-500	-500	33	1	94	116	105	245	2	10	0	0	2	0	0	10
1221030907	完美圣光之杖+7	96	4	9	3	8880000	264		0	大圣堂法师才能佩戴的专用法杖，是无上荣誉的象征	13000	70	30000	1152	1	0	0	768	946	868	1986	-500	-500	34	1	96	118	108	248	2	10	0	0	2	0	0	10
1221030908	完美圣光之杖+8	96	5	9	3	8880000	264		0	大圣堂法师才能佩戴的专用法杖，是无上荣誉的象征	14000	170	30000	1152	1	0	0	784	962	892	2010	-500	-500	35	1	98	120	111	251	2	10	0	0	2	0	0	10
1221030909	完美圣光之杖+9	96	5	9	3	8880000	264		0	大圣堂法师才能佩戴的专用法杖，是无上荣誉的象征	15000	270	30000	1152	1	0	0	800	978	916	2034	-500	-500	36	1	100	122	114	254	2	10	0	0	2	0	0	10
1221030910	完美圣光之杖+10	96	6	9	3	8880000	264		0	大圣堂法师才能佩戴的专用法杖，是无上荣誉的象征	0	370	30000	1152	1	0	0	816	994	940	2058	-500	-500	37	1	102	124	117	257	2	10	0	0	2	0	0	10
1221040900	神品圣光之杖	96	0	9	4	14800000	444		0	大圣堂法师才能佩戴的专用法杖，是无上荣誉的象征	6000	0	0	1920	1	85000608	5	656	834	700	1818	-500	-500	27	1	82	104	87	227	2	10	10	10	2	10	10	10
1221040901	神品圣光之杖+1	96	0	9	4	14800000	444		0	大圣堂法师才能佩戴的专用法杖，是无上荣誉的象征	7000	0	0	1920	1	85000608	10	672	850	724	1842	-500	-500	28	1	84	106	90	230	2	10	10	10	2	10	10	10
1221040902	神品圣光之杖+2	96	0	9	4	14800000	444		0	大圣堂法师才能佩戴的专用法杖，是无上荣誉的象征	8000	0	0	1920	1	85000608	15	688	866	748	1866	-500	-500	29	1	86	108	93	233	2	10	10	10	2	10	10	10
1221040903	神品圣光之杖+3	96	4	9	4	14800000	444		0	大圣堂法师才能佩戴的专用法杖，是无上荣誉的象征	9000	0	0	1920	1	85000608	20	704	882	772	1890	-500	-500	30	1	88	110	96	236	2	10	10	10	2	10	10	10
1221040904	神品圣光之杖+4	96	4	9	4	14800000	444		0	大圣堂法师才能佩戴的专用法杖，是无上荣誉的象征	10000	0	0	1920	1	85000608	25	720	898	796	1914	-500	-500	31	1	90	112	99	239	2	10	10	10	2	10	10	10
1221040905	神品圣光之杖+5	96	5	9	4	14800000	444		0	大圣堂法师才能佩戴的专用法杖，是无上荣誉的象征	11000	0	0	1920	1	85000608	30	736	914	820	1938	-500	-500	32	1	92	114	102	242	2	10	10	10	2	10	10	10
1221040906	神品圣光之杖+6	96	5	9	4	14800000	444		0	大圣堂法师才能佩戴的专用法杖，是无上荣誉的象征	12000	0	0	1920	1	85000608	35	752	930	844	1962	-500	-500	33	1	94	116	105	245	2	10	10	10	2	10	10	10
1221040907	神品圣光之杖+7	96	5	9	4	14800000	444		0	大圣堂法师才能佩戴的专用法杖，是无上荣誉的象征	13000	0	0	1920	1	85000608	40	768	946	868	1986	-500	-500	34	1	96	118	108	248	2	10	10	10	2	10	10	10
1221040908	神品圣光之杖+8	96	6	9	4	14800000	444		0	大圣堂法师才能佩戴的专用法杖，是无上荣誉的象征	14000	0	0	1920	1	85000608	45	784	962	892	2010	-500	-500	35	1	98	120	111	251	2	10	10	10	2	10	10	10
1221040909	神品圣光之杖+9	96	6	9	4	14800000	444		0	大圣堂法师才能佩戴的专用法杖，是无上荣誉的象征	15000	0	0	1920	1	85000608	50	800	978	916	2034	-500	-500	36	1	100	122	114	254	2	10	10	10	2	10	10	10
1221040910	神品圣光之杖+10	96	7	9	4	14800000	444		0	大圣堂法师才能佩戴的专用法杖，是无上荣誉的象征	0	0	0	1920	1	85000608	55	816	994	940	2058	-500	-500	37	1	102	124	117	257	2	10	10	10	2	10	10	10
1221001000	虚幻之杖	108	0	10	0	32035	0		0	此杖来历不明，据说使用者可通过此杖得到“无”的力量	10000	0	0	0	1	0	0	764	924	810	2052	-500	-500	33	2	0	0	0	0	0	0	0	0	0	0	0	0
1221001001	虚幻之杖+1	108	0	10	0	32035	0		0	此杖来历不明，据说使用者可通过此杖得到“无”的力量	11000	0	0	0	1	0	0	780	940	834	2076	-500	-500	34	2	0	0	0	0	0	0	0	0	0	0	0	0
1221001002	虚幻之杖+2	108	0	10	0	32035	0		0	此杖来历不明，据说使用者可通过此杖得到“无”的力量	12000	0	0	0	1	0	0	796	956	858	2100	-500	-500	35	2	0	0	0	0	0	0	0	0	0	0	0	0
1221001003	虚幻之杖+3	108	0	10	0	32035	0		0	此杖来历不明，据说使用者可通过此杖得到“无”的力量	13000	6000	27000	0	1	0	0	812	972	882	2124	-500	-500	36	2	0	0	0	0	0	0	0	0	0	0	0	0
1221001004	虚幻之杖+4	108	0	10	0	32035	0		0	此杖来历不明，据说使用者可通过此杖得到“无”的力量	14000	6500	27000	0	1	0	0	828	988	906	2148	-500	-500	37	2	0	0	0	0	0	0	0	0	0	0	0	0
1221001005	虚幻之杖+5	108	0	10	0	32035	0		0	此杖来历不明，据说使用者可通过此杖得到“无”的力量	15000	7000	27000	0	1	0	0	844	1004	930	2172	-500	-500	38	2	0	0	0	0	0	0	0	0	0	0	0	0
1221001006	虚幻之杖+6	108	0	10	0	32035	0		0	此杖来历不明，据说使用者可通过此杖得到“无”的力量	16000	7500	27000	0	1	0	0	860	1020	954	2196	-500	-500	39	2	0	0	0	0	0	0	0	0	0	0	0	0
1221001007	虚幻之杖+7	108	0	10	0	32035	0		0	此杖来历不明，据说使用者可通过此杖得到“无”的力量	17000	8000	27000	0	1	0	0	876	1036	978	2220	-500	-500	40	2	0	0	0	0	0	0	0	0	0	0	0	0
1221001008	虚幻之杖+8	108	0	10	0	32035	0		0	此杖来历不明，据说使用者可通过此杖得到“无”的力量	18000	8500	27000	0	1	0	0	892	1052	1002	2244	-500	-500	41	2	0	0	0	0	0	0	0	0	0	0	0	0
1221001009	虚幻之杖+9	108	0	10	0	32035	0		0	此杖来历不明，据说使用者可通过此杖得到“无”的力量	19000	9000	27000	0	1	0	0	908	1068	1026	2268	-500	-500	42	2	0	0	0	0	0	0	0	0	0	0	0	0
1221001010	虚幻之杖+10	108	0	10	0	32035	0		0	此杖来历不明，据说使用者可通过此杖得到“无”的力量	0	9500	27000	0	1	0	0	924	1084	1050	2292	-500	-500	43	2	0	0	0	0	0	0	0	0	0	0	0	0
1221011000	精品虚幻之杖	108	0	10	1	32035	0		0	此杖来历不明，据说使用者可通过此杖得到“无”的力量	10000	0	0	0	1	0	0	764	924	810	2052	-500	-500	33	2	0	0	101	256	0	0	0	0	0	0	0	0
1221011001	精品虚幻之杖+1	108	0	10	1	32035	0		0	此杖来历不明，据说使用者可通过此杖得到“无”的力量	11000	0	0	0	1	0	0	780	940	834	2076	-500	-500	34	2	0	0	104	259	0	0	0	0	0	0	0	0
1221011002	精品虚幻之杖+2	108	0	10	1	32035	0		0	此杖来历不明，据说使用者可通过此杖得到“无”的力量	12000	0	0	0	1	0	0	796	956	858	2100	-500	-500	35	2	0	0	107	262	0	0	0	0	0	0	0	0
1221011003	精品虚幻之杖+3	108	1	10	1	32035	0		0	此杖来历不明，据说使用者可通过此杖得到“无”的力量	13000	0	0	0	1	0	0	812	972	882	2124	-500	-500	36	2	0	0	110	265	0	0	0	0	0	0	0	0
1221011004	精品虚幻之杖+4	108	1	10	1	32035	0		0	此杖来历不明，据说使用者可通过此杖得到“无”的力量	14000	1000	31000	0	1	0	0	828	988	906	2148	-500	-500	37	2	0	0	113	268	0	0	0	0	0	0	0	0
1221011005	精品虚幻之杖+5	108	2	10	1	32035	0		0	此杖来历不明，据说使用者可通过此杖得到“无”的力量	15000	2000	31000	0	1	0	0	844	1004	930	2172	-500	-500	38	2	0	0	116	271	0	0	0	0	0	0	0	0
1221011006	精品虚幻之杖+6	108	2	10	1	32035	0		0	此杖来历不明，据说使用者可通过此杖得到“无”的力量	16000	3000	31000	0	1	0	0	860	1020	954	2196	-500	-500	39	2	0	0	119	274	0	0	0	0	0	0	0	0
1221011007	精品虚幻之杖+7	108	2	10	1	32035	0		0	此杖来历不明，据说使用者可通过此杖得到“无”的力量	17000	4000	31000	0	1	0	0	876	1036	978	2220	-500	-500	40	2	0	0	122	277	0	0	0	0	0	0	0	0
1221011008	精品虚幻之杖+8	108	3	10	1	32035	0		0	此杖来历不明，据说使用者可通过此杖得到“无”的力量	18000	6000	31000	0	1	0	0	892	1052	1002	2244	-500	-500	41	2	0	0	125	280	0	0	0	0	0	0	0	0
1221011009	精品虚幻之杖+9	108	3	10	1	32035	0		0	此杖来历不明，据说使用者可通过此杖得到“无”的力量	19000	8000	31000	0	1	0	0	908	1068	1026	2268	-500	-500	42	2	0	0	128	283	0	0	0	0	0	0	0	0
1221011010	精品虚幻之杖+10	108	4	10	1	32035	0		0	此杖来历不明，据说使用者可通过此杖得到“无”的力量	0	10000	31000	0	1	0	0	924	1084	1050	2292	-500	-500	43	2	0	0	131	286	0	0	0	0	0	0	0	0
1221021000	极品虚幻之杖	108	0	10	2	32035	0		0	此杖来历不明，据说使用者可通过此杖得到“无”的力量	10000	0	0	0	1	0	0	764	924	810	2052	-500	-500	33	2	95	115	101	256	2	0	0	0	2	0	0	0
1221021001	极品虚幻之杖+1	108	0	10	2	32035	0		0	此杖来历不明，据说使用者可通过此杖得到“无”的力量	11000	0	0	0	1	0	0	780	940	834	2076	-500	-500	34	2	97	117	104	259	2	0	0	0	2	0	0	0
1221021002	极品虚幻之杖+2	108	0	10	2	32035	0		0	此杖来历不明，据说使用者可通过此杖得到“无”的力量	12000	0	0	0	1	0	0	796	956	858	2100	-500	-500	35	2	99	119	107	262	2	0	0	0	2	0	0	0
1221021003	极品虚幻之杖+3	108	2	10	2	32035	0		0	此杖来历不明，据说使用者可通过此杖得到“无”的力量	13000	0	0	0	1	0	0	812	972	882	2124	-500	-500	36	2	101	121	110	265	2	0	0	0	2	0	0	0
1221021004	极品虚幻之杖+4	108	2	10	2	32035	0		0	此杖来历不明，据说使用者可通过此杖得到“无”的力量	14000	0	0	0	1	0	0	828	988	906	2148	-500	-500	37	2	103	123	113	268	2	0	0	0	2	0	0	0
1221021005	极品虚幻之杖+5	108	3	10	2	32035	0		0	此杖来历不明，据说使用者可通过此杖得到“无”的力量	15000	200	35000	0	1	0	0	844	1004	930	2172	-500	-500	38	2	105	125	116	271	2	0	0	0	2	0	0	0
1221021006	极品虚幻之杖+6	108	3	10	2	32035	0		0	此杖来历不明，据说使用者可通过此杖得到“无”的力量	16000	400	35000	0	1	0	0	860	1020	954	2196	-500	-500	39	2	107	127	119	274	2	0	0	0	2	0	0	0
1221021007	极品虚幻之杖+7	108	3	10	2	32035	0		0	此杖来历不明，据说使用者可通过此杖得到“无”的力量	17000	600	35000	0	1	0	0	876	1036	978	2220	-500	-500	40	2	109	129	122	277	2	0	0	0	2	0	0	0
1221021008	极品虚幻之杖+8	108	4	10	2	32035	0		0	此杖来历不明，据说使用者可通过此杖得到“无”的力量	18000	800	35000	0	1	0	0	892	1052	1002	2244	-500	-500	41	2	111	131	125	280	2	0	0	0	2	0	0	0
1221021009	极品虚幻之杖+9	108	4	10	2	32035	0		0	此杖来历不明，据说使用者可通过此杖得到“无”的力量	19000	1000	35000	0	1	0	0	908	1068	1026	2268	-500	-500	42	2	113	133	128	283	2	0	0	0	2	0	0	0
1221021010	极品虚幻之杖+10	108	5	10	2	32035	0		0	此杖来历不明，据说使用者可通过此杖得到“无”的力量	0	1200	35000	0	1	0	0	924	1084	1050	2292	-500	-500	43	2	115	135	131	286	2	0	0	0	2	0	0	0
1221031000	完美虚幻之杖	108	0	10	3	11760000	353		0	此杖来历不明，据说使用者可通过此杖得到“无”的力量	10000	0	0	1344	1	0	0	764	924	810	2052	-500	-500	33	2	95	115	101	256	2	10	0	0	2	0	0	10
1221031001	完美虚幻之杖+1	108	0	10	3	11760000	353		0	此杖来历不明，据说使用者可通过此杖得到“无”的力量	11000	0	0	1344	1	0	0	780	940	834	2076	-500	-500	34	2	97	117	104	259	2	10	0	0	2	0	0	10
1221031002	完美虚幻之杖+2	108	0	10	3	11760000	353		0	此杖来历不明，据说使用者可通过此杖得到“无”的力量	12000	0	0	1344	1	0	0	796	956	858	2100	-500	-500	35	2	99	119	107	262	2	10	0	0	2	0	0	10
1221031003	完美虚幻之杖+3	108	3	10	3	11760000	353		0	此杖来历不明，据说使用者可通过此杖得到“无”的力量	13000	0	0	1344	1	0	0	812	972	882	2124	-500	-500	36	2	101	121	110	265	2	10	0	0	2	0	0	10
1221031004	完美虚幻之杖+4	108	3	10	3	11760000	353		0	此杖来历不明，据说使用者可通过此杖得到“无”的力量	14000	0	0	1344	1	0	0	828	988	906	2148	-500	-500	37	2	103	123	113	268	2	10	0	0	2	0	0	10
1221031005	完美虚幻之杖+5	108	4	10	3	11760000	353		0	此杖来历不明，据说使用者可通过此杖得到“无”的力量	15000	0	0	1344	1	0	0	844	1004	930	2172	-500	-500	38	2	105	125	116	271	2	10	0	0	2	0	0	10
1221031006	完美虚幻之杖+6	108	4	10	3	11760000	353		0	此杖来历不明，据说使用者可通过此杖得到“无”的力量	16000	0	0	1344	1	0	0	860	1020	954	2196	-500	-500	39	2	107	127	119	274	2	10	0	0	2	0	0	10
1221031007	完美虚幻之杖+7	108	4	10	3	11760000	353		0	此杖来历不明，据说使用者可通过此杖得到“无”的力量	17000	70	39000	1344	1	0	0	876	1036	978	2220	-500	-500	40	2	109	129	122	277	2	10	0	0	2	0	0	10
1221031008	完美虚幻之杖+8	108	5	10	3	11760000	353		0	此杖来历不明，据说使用者可通过此杖得到“无”的力量	18000	170	39000	1344	1	0	0	892	1052	1002	2244	-500	-500	41	2	111	131	125	280	2	10	0	0	2	0	0	10
1221031009	完美虚幻之杖+9	108	5	10	3	11760000	353		0	此杖来历不明，据说使用者可通过此杖得到“无”的力量	19000	270	39000	1344	1	0	0	908	1068	1026	2268	-500	-500	42	2	113	133	128	283	2	10	0	0	2	0	0	10
1221031010	完美虚幻之杖+10	108	6	10	3	11760000	353		0	此杖来历不明，据说使用者可通过此杖得到“无”的力量	0	370	39000	1344	1	0	0	924	1084	1050	2292	-500	-500	43	2	115	135	131	286	2	10	0	0	2	0	0	10
1221041000	神品虚幻之杖	108	0	10	4	19600000	588		0	此杖来历不明，据说使用者可通过此杖得到“无”的力量	10000	0	0	2240	1	85000609	5	764	924	810	2052	-500	-500	33	2	95	115	101	256	2	10	10	10	2	10	10	10
1221041001	神品虚幻之杖+1	108	0	10	4	19600000	588		0	此杖来历不明，据说使用者可通过此杖得到“无”的力量	11000	0	0	2240	1	85000609	10	780	940	834	2076	-500	-500	34	2	97	117	104	259	2	10	10	10	2	10	10	10
1221041002	神品虚幻之杖+2	108	0	10	4	19600000	588		0	此杖来历不明，据说使用者可通过此杖得到“无”的力量	12000	0	0	2240	1	85000609	15	796	956	858	2100	-500	-500	35	2	99	119	107	262	2	10	10	10	2	10	10	10
1221041003	神品虚幻之杖+3	108	4	10	4	19600000	588		0	此杖来历不明，据说使用者可通过此杖得到“无”的力量	13000	0	0	2240	1	85000609	20	812	972	882	2124	-500	-500	36	2	101	121	110	265	2	10	10	10	2	10	10	10
1221041004	神品虚幻之杖+4	108	4	10	4	19600000	588		0	此杖来历不明，据说使用者可通过此杖得到“无”的力量	14000	0	0	2240	1	85000609	25	828	988	906	2148	-500	-500	37	2	103	123	113	268	2	10	10	10	2	10	10	10
1221041005	神品虚幻之杖+5	108	5	10	4	19600000	588		0	此杖来历不明，据说使用者可通过此杖得到“无”的力量	15000	0	0	2240	1	85000609	30	844	1004	930	2172	-500	-500	38	2	105	125	116	271	2	10	10	10	2	10	10	10
1221041006	神品虚幻之杖+6	108	5	10	4	19600000	588		0	此杖来历不明，据说使用者可通过此杖得到“无”的力量	16000	0	0	2240	1	85000609	35	860	1020	954	2196	-500	-500	39	2	107	127	119	274	2	10	10	10	2	10	10	10
1221041007	神品虚幻之杖+7	108	5	10	4	19600000	588		0	此杖来历不明，据说使用者可通过此杖得到“无”的力量	17000	0	0	2240	1	85000609	40	876	1036	978	2220	-500	-500	40	2	109	129	122	277	2	10	10	10	2	10	10	10
1221041008	神品虚幻之杖+8	108	6	10	4	19600000	588		0	此杖来历不明，据说使用者可通过此杖得到“无”的力量	18000	0	0	2240	1	85000609	45	892	1052	1002	2244	-500	-500	41	2	111	131	125	280	2	10	10	10	2	10	10	10
1221041009	神品虚幻之杖+9	108	6	10	4	19600000	588		0	此杖来历不明，据说使用者可通过此杖得到“无”的力量	19000	0	0	2240	1	85000609	50	908	1068	1026	2268	-500	-500	42	2	113	133	128	283	2	10	10	10	2	10	10	10
1221041010	神品虚幻之杖+10	108	7	10	4	19600000	588		0	此杖来历不明，据说使用者可通过此杖得到“无”的力量	0	0	0	2240	1	85000609	55	924	1084	1050	2292	-500	-500	43	2	115	135	131	286	2	10	10	10	2	10	10	10
1221001100	天河之杖	120	0	11	0	57663	0		0	拥有万千星辰之力的法杖	15000	0	0	0	1	0	0	882	1058	890	2444	-500	-500	36	4	0	0	0	0	0	0	0	0	0	0	0	0
1221001101	天河之杖+1	120	0	11	0	57663	0		0	拥有万千星辰之力的法杖	17000	0	0	0	1	0	0	900	1076	916	2470	-500	-500	37	4	0	0	0	0	0	0	0	0	0	0	0	0
1221001102	天河之杖+2	120	0	11	0	57663	0		0	拥有万千星辰之力的法杖	19000	0	0	0	1	0	0	918	1094	942	2496	-500	-500	38	4	0	0	0	0	0	0	0	0	0	0	0	0
1221001103	天河之杖+3	120	0	11	0	57663	0		0	拥有万千星辰之力的法杖	21000	5000	35000	0	1	0	0	936	1112	968	2522	-500	-500	39	4	0	0	0	0	0	0	0	0	0	0	0	0
1221001104	天河之杖+4	120	0	11	0	57663	0		0	拥有万千星辰之力的法杖	23000	5500	35000	0	1	0	0	954	1130	994	2548	-500	-500	40	4	0	0	0	0	0	0	0	0	0	0	0	0
1221001105	天河之杖+5	120	0	11	0	57663	0		0	拥有万千星辰之力的法杖	25000	6000	35000	0	1	0	0	972	1148	1020	2574	-500	-500	41	4	0	0	0	0	0	0	0	0	0	0	0	0
1221001106	天河之杖+6	120	0	11	0	57663	0		0	拥有万千星辰之力的法杖	27000	6500	35000	0	1	0	0	990	1166	1046	2600	-500	-500	42	4	0	0	0	0	0	0	0	0	0	0	0	0
1221001107	天河之杖+7	120	0	11	0	57663	0		0	拥有万千星辰之力的法杖	29000	7000	35000	0	1	0	0	1008	1184	1072	2626	-500	-500	43	4	0	0	0	0	0	0	0	0	0	0	0	0
1221001108	天河之杖+8	120	0	11	0	57663	0		0	拥有万千星辰之力的法杖	31000	7500	35000	0	1	0	0	1026	1202	1098	2652	-500	-500	44	4	0	0	0	0	0	0	0	0	0	0	0	0
1221001109	天河之杖+9	120	0	11	0	57663	0		0	拥有万千星辰之力的法杖	33000	8000	35000	0	1	0	0	1044	1220	1124	2678	-500	-500	45	4	0	0	0	0	0	0	0	0	0	0	0	0
1221001110	天河之杖+10	120	0	11	0	57663	0		0	拥有万千星辰之力的法杖	0	8500	35000	0	1	0	0	1062	1238	1150	2704	-500	-500	46	4	0	0	0	0	0	0	0	0	0	0	0	0
1221011100	精品天河之杖	120	0	11	1	57663	0		0	拥有万千星辰之力的法杖	15000	0	0	0	1	0	0	882	1058	890	2444	-500	-500	36	4	0	0	111	305	0	0	0	0	0	0	0	0
1221011101	精品天河之杖+1	120	0	11	1	57663	0		0	拥有万千星辰之力的法杖	17000	0	0	0	1	0	0	900	1076	916	2470	-500	-500	37	4	0	0	114	308	0	0	0	0	0	0	0	0
1221011102	精品天河之杖+2	120	0	11	1	57663	0		0	拥有万千星辰之力的法杖	19000	0	0	0	1	0	0	918	1094	942	2496	-500	-500	38	4	0	0	117	312	0	0	0	0	0	0	0	0
1221011103	精品天河之杖+3	120	1	11	1	57663	0		0	拥有万千星辰之力的法杖	21000	0	0	0	1	0	0	936	1112	968	2522	-500	-500	39	4	0	0	121	315	0	0	0	0	0	0	0	0
1221011104	精品天河之杖+4	120	1	11	1	57663	0		0	拥有万千星辰之力的法杖	23000	1000	40000	0	1	0	0	954	1130	994	2548	-500	-500	40	4	0	0	124	318	0	0	0	0	0	0	0	0
1221011105	精品天河之杖+5	120	2	11	1	57663	0		0	拥有万千星辰之力的法杖	25000	2000	40000	0	1	0	0	972	1148	1020	2574	-500	-500	41	4	0	0	127	321	0	0	0	0	0	0	0	0
1221011106	精品天河之杖+6	120	2	11	1	57663	0		0	拥有万千星辰之力的法杖	27000	3000	40000	0	1	0	0	990	1166	1046	2600	-500	-500	42	4	0	0	130	325	0	0	0	0	0	0	0	0
1221011107	精品天河之杖+7	120	2	11	1	57663	0		0	拥有万千星辰之力的法杖	29000	4000	40000	0	1	0	0	1008	1184	1072	2626	-500	-500	43	4	0	0	134	328	0	0	0	0	0	0	0	0
1221011108	精品天河之杖+8	120	3	11	1	57663	0		0	拥有万千星辰之力的法杖	31000	6000	40000	0	1	0	0	1026	1202	1098	2652	-500	-500	44	4	0	0	137	331	0	0	0	0	0	0	0	0
1221011109	精品天河之杖+9	120	3	11	1	57663	0		0	拥有万千星辰之力的法杖	33000	8000	40000	0	1	0	0	1044	1220	1124	2678	-500	-500	45	4	0	0	140	334	0	0	0	0	0	0	0	0
1221011110	精品天河之杖+10	120	4	11	1	57663	0		0	拥有万千星辰之力的法杖	0	10000	40000	0	1	0	0	1062	1238	1150	2704	-500	-500	46	4	0	0	143	338	0	0	0	0	0	0	0	0
1221021100	极品天河之杖	120	0	11	2	57663	0		0	拥有万千星辰之力的法杖	15000	0	0	0	1	0	0	882	1058	890	2444	-500	-500	36	4	110	132	111	305	2	0	0	0	2	0	0	0
1221021101	极品天河之杖+1	120	0	11	2	57663	0		0	拥有万千星辰之力的法杖	17000	0	0	0	1	0	0	900	1076	916	2470	-500	-500	37	4	112	134	114	308	2	0	0	0	2	0	0	0
1221021102	极品天河之杖+2	120	0	11	2	57663	0		0	拥有万千星辰之力的法杖	19000	0	0	0	1	0	0	918	1094	942	2496	-500	-500	38	4	114	136	117	312	2	0	0	0	2	0	0	0
1221021103	极品天河之杖+3	120	2	11	2	57663	0		0	拥有万千星辰之力的法杖	21000	0	0	0	1	0	0	936	1112	968	2522	-500	-500	39	4	117	139	121	315	2	0	0	0	2	0	0	0
1221021104	极品天河之杖+4	120	2	11	2	57663	0		0	拥有万千星辰之力的法杖	23000	0	0	0	1	0	0	954	1130	994	2548	-500	-500	40	4	119	141	124	318	2	0	0	0	2	0	0	0
1221021105	极品天河之杖+5	120	3	11	2	57663	0		0	拥有万千星辰之力的法杖	25000	100	50000	0	1	0	0	972	1148	1020	2574	-500	-500	41	4	121	143	127	321	2	0	0	0	2	0	0	0
1221021106	极品天河之杖+6	120	3	11	2	57663	0		0	拥有万千星辰之力的法杖	27000	300	50000	0	1	0	0	990	1166	1046	2600	-500	-500	42	4	123	145	130	325	2	0	0	0	2	0	0	0
1221021107	极品天河之杖+7	120	3	11	2	57663	0		0	拥有万千星辰之力的法杖	29000	500	50000	0	1	0	0	1008	1184	1072	2626	-500	-500	43	4	126	148	134	328	2	0	0	0	2	0	0	0
1221021108	极品天河之杖+8	120	4	11	2	57663	0		0	拥有万千星辰之力的法杖	31000	700	50000	0	1	0	0	1026	1202	1098	2652	-500	-500	44	4	128	150	137	331	2	0	0	0	2	0	0	0
1221021109	极品天河之杖+9	120	4	11	2	57663	0		0	拥有万千星辰之力的法杖	33000	900	50000	0	1	0	0	1044	1220	1124	2678	-500	-500	45	4	130	152	140	334	2	0	0	0	2	0	0	0
1221021110	极品天河之杖+10	120	5	11	2	57663	0		0	拥有万千星辰之力的法杖	0	1100	50000	0	1	0	0	1062	1238	1150	2704	-500	-500	46	4	132	154	143	338	2	0	0	0	2	0	0	0
1221031100	完美天河之杖	120	0	11	3	15120000	454		0	拥有万千星辰之力的法杖	15000	0	0	0	1	0	0	882	1058	890	2444	-500	-500	36	4	110	132	111	305	2	10	0	0	2	0	0	10
1221031101	完美天河之杖+1	120	0	11	3	15120000	454		0	拥有万千星辰之力的法杖	17000	0	0	0	1	0	0	900	1076	916	2470	-500	-500	37	4	112	134	114	308	2	10	0	0	2	0	0	10
1221031102	完美天河之杖+2	120	0	11	3	15120000	454		0	拥有万千星辰之力的法杖	19000	0	0	0	1	0	0	918	1094	942	2496	-500	-500	38	4	114	136	117	312	2	10	0	0	2	0	0	10
1221031103	完美天河之杖+3	120	3	11	3	15120000	454		0	拥有万千星辰之力的法杖	21000	0	0	0	1	0	0	936	1112	968	2522	-500	-500	39	4	117	139	121	315	2	10	0	0	2	0	0	10
1221031104	完美天河之杖+4	120	3	11	3	15120000	454		0	拥有万千星辰之力的法杖	23000	0	0	0	1	0	0	954	1130	994	2548	-500	-500	40	4	119	141	124	318	2	10	0	0	2	0	0	10
1221031105	完美天河之杖+5	120	4	11	3	15120000	454		0	拥有万千星辰之力的法杖	25000	0	0	0	1	0	0	972	1148	1020	2574	-500	-500	41	4	121	143	127	321	2	10	0	0	2	0	0	10
1221031106	完美天河之杖+6	120	4	11	3	15120000	454		0	拥有万千星辰之力的法杖	27000	0	0	0	1	0	0	990	1166	1046	2600	-500	-500	42	4	123	145	130	325	2	10	0	0	2	0	0	10
1221031107	完美天河之杖+7	120	4	11	3	15120000	454		0	拥有万千星辰之力的法杖	29000	70	60000	0	1	0	0	1008	1184	1072	2626	-500	-500	43	4	126	148	134	328	2	10	0	0	2	0	0	10
1221031108	完美天河之杖+8	120	5	11	3	15120000	454		0	拥有万千星辰之力的法杖	31000	170	60000	0	1	0	0	1026	1202	1098	2652	-500	-500	44	4	128	150	137	331	2	10	0	0	2	0	0	10
1221031109	完美天河之杖+9	120	5	11	3	15120000	454		0	拥有万千星辰之力的法杖	33000	270	60000	0	1	0	0	1044	1220	1124	2678	-500	-500	45	4	130	152	140	334	2	10	0	0	2	0	0	10
1221031110	完美天河之杖+10	120	6	11	3	15120000	454		0	拥有万千星辰之力的法杖	0	370	60000	0	1	0	0	1062	1238	1150	2704	-500	-500	46	4	132	154	143	338	2	10	0	0	2	0	0	10
1221041100	神品天河之杖	120	0	11	4	25200000	756		0	拥有万千星辰之力的法杖	15000	0	0	0	1	0	0	882	1058	890	2444	-500	-500	36	4	110	132	111	305	2	10	10	10	2	10	10	10
1221041101	神品天河之杖+1	120	0	11	4	25200000	756		0	拥有万千星辰之力的法杖	17000	0	0	0	1	0	0	900	1076	916	2470	-500	-500	37	4	112	134	114	308	2	10	10	10	2	10	10	10
1221041102	神品天河之杖+2	120	0	11	4	25200000	756		0	拥有万千星辰之力的法杖	19000	0	0	0	1	0	0	918	1094	942	2496	-500	-500	38	4	114	136	117	312	2	10	10	10	2	10	10	10
1221041103	神品天河之杖+3	120	4	11	4	25200000	756		0	拥有万千星辰之力的法杖	21000	0	0	0	1	0	0	936	1112	968	2522	-500	-500	39	4	117	139	121	315	2	10	10	10	2	10	10	10
1221041104	神品天河之杖+4	120	4	11	4	25200000	756		0	拥有万千星辰之力的法杖	23000	0	0	0	1	0	0	954	1130	994	2548	-500	-500	40	4	119	141	124	318	2	10	10	10	2	10	10	10
1221041105	神品天河之杖+5	120	5	11	4	25200000	756		0	拥有万千星辰之力的法杖	25000	0	0	0	1	0	0	972	1148	1020	2574	-500	-500	41	4	121	143	127	321	2	10	10	10	2	10	10	10
1221041106	神品天河之杖+6	120	5	11	4	25200000	756		0	拥有万千星辰之力的法杖	27000	0	0	0	1	0	0	990	1166	1046	2600	-500	-500	42	4	123	145	130	325	2	10	10	10	2	10	10	10
1221041107	神品天河之杖+7	120	5	11	4	25200000	756		0	拥有万千星辰之力的法杖	29000	0	0	0	1	0	0	1008	1184	1072	2626	-500	-500	43	4	126	148	134	328	2	10	10	10	2	10	10	10
1221041108	神品天河之杖+8	120	6	11	4	25200000	756		0	拥有万千星辰之力的法杖	31000	0	0	0	1	0	0	1026	1202	1098	2652	-500	-500	44	4	128	150	137	331	2	10	10	10	2	10	10	10
1221041109	神品天河之杖+9	120	6	11	4	25200000	756		0	拥有万千星辰之力的法杖	33000	0	0	0	1	0	0	1044	1220	1124	2678	-500	-500	45	4	130	152	140	334	2	10	10	10	2	10	10	10
1221041110	神品天河之杖+10	120	7	11	4	25200000	756		0	拥有万千星辰之力的法杖	0	0	0	0	1	0	0	1062	1238	1150	2704	-500	-500	46	4	132	154	143	338	2	10	10	10	2	10	10	10
1221031200	超级新手杖	0	0	4	3	2400000	180	攻击时有30%的几率让目标中毒，每秒减少生命20，持续16秒	0	为新手准备的超级装备	1200	0	0	0	1	85000501	30	236	306	268	498	-500	-500	10	1	29	38	33	62	2	10	0	0	2	0	0	10
1221031201	超级新手杖+1	0	0	4	3	2400000	180	攻击时有35%的几率让目标中毒，每秒减少生命20，持续16秒	0	为新手准备的超级装备	1300	0	0	0	1	85000501	35	250	320	290	520	-500	-500	11	1	31	40	36	65	2	10	0	0	2	0	0	10
1221031202	超级新手杖+2	0	0	4	3	2400000	180	攻击时有40%的几率让目标中毒，每秒减少生命20，持续16秒	0	为新手准备的超级装备	1400	0	0	0	1	85000501	40	264	334	312	542	-500	-500	12	1	33	41	39	67	2	10	0	0	2	0	0	10
1221031203	超级新手杖+3	0	5	4	3	2400000	180	攻击时有45%的几率让目标中毒，每秒减少生命20，持续16秒	0	为新手准备的超级装备	1500	0	0	0	1	85000501	45	278	348	334	564	-500	-500	13	1	34	43	41	70	2	10	0	0	2	0	0	10
1221031204	超级新手杖+4	0	5	4	3	2400000	180	攻击时有50%的几率让目标中毒，每秒减少生命20，持续16秒	0	为新手准备的超级装备	1600	0	0	0	1	85000501	50	292	362	356	586	-500	-500	14	1	36	45	44	73	2	10	0	0	2	0	0	10
1221031205	超级新手杖+5	0	6	4	3	2400000	180	攻击时有55%的几率让目标中毒，每秒减少生命20，持续16秒	0	为新手准备的超级装备	1700	0	0	0	1	85000501	55	306	376	378	608	-500	-500	15	1	38	47	47	76	2	10	0	0	2	0	0	10
1221031206	超级新手杖+6	0	6	4	3	2400000	180	攻击时有60%的几率让目标中毒，每秒减少生命20，持续16秒	0	为新手准备的超级装备	1800	0	0	0	1	85000501	60	320	390	400	630	-500	-500	16	1	40	48	50	78	2	10	0	0	2	0	0	10
1221031207	超级新手杖+7	0	6	4	3	2400000	180	攻击时有65%的几率让目标中毒，每秒减少生命20，持续16秒	0	为新手准备的超级装备	1900	0	0	0	1	85000501	65	334	404	422	652	-500	-500	17	1	41	50	52	81	2	10	0	0	2	0	0	10
1221031208	超级新手杖+8	0	7	4	3	2400000	180	攻击时有70%的几率让目标中毒，每秒减少生命20，持续16秒	0	为新手准备的超级装备	2000	0	0	0	1	85000501	70	348	418	444	674	-500	-500	18	1	43	52	55	84	2	10	0	0	2	0	0	10
1221031209	超级新手杖+9	0	7	4	3	2400000	180	攻击时有75%的几率让目标中毒，每秒减少生命20，持续16秒	0	为新手准备的超级装备	2100	0	0	0	1	85000501	75	362	432	466	696	-500	-500	19	1	45	54	58	87	2	10	0	0	2	0	0	10
1221031210	超级新手杖+10	0	8	4	3	2400000	180	攻击时有80%的几率让目标中毒，每秒减少生命20，持续16秒	0	为新手准备的超级装备	0	0	0	0	1	85000501	80	376	446	488	718	-500	-500	20	1	47	55	61	89	2	10	0	0	2	0	0	10
1221031300	超级小强手杖	36	0	7	3	18480000	1386	攻击时有30%的几率让目标中毒，每秒减少生命30，持续16秒	0	为小强准备的超级装备	3000	0	0	0	1	85000503	30	484	592	540	1170	-500	-500	22	1	60	74	67	146	2	10	0	0	2	0	0	10
1221031301	超级小强手杖+1	36	0	7	3	18480000	1386	攻击时有35%的几率让目标中毒，每秒减少生命30，持续16秒	0	为小强准备的超级装备	3500	0	0	0	1	85000503	35	500	608	564	1194	-500	-500	23	1	62	76	70	149	2	10	0	0	2	0	0	10
1221031302	超级小强手杖+2	36	0	7	3	18480000	1386	攻击时有40%的几率让目标中毒，每秒减少生命30，持续16秒	0	为小强准备的超级装备	4000	0	0	0	1	85000503	40	516	624	588	1218	-500	-500	24	1	64	78	73	152	2	10	0	0	2	0	0	10
1221031303	超级小强手杖+3	36	5	7	3	18480000	1386	攻击时有45%的几率让目标中毒，每秒减少生命30，持续16秒	0	为小强准备的超级装备	4500	0	0	0	1	85000503	45	532	640	612	1242	-500	-500	25	1	66	80	76	155	2	10	0	0	2	0	0	10
1221031304	超级小强手杖+4	36	5	7	3	18480000	1386	攻击时有50%的几率让目标中毒，每秒减少生命30，持续16秒	0	为小强准备的超级装备	5000	0	0	0	1	85000503	50	548	656	636	1266	-500	-500	26	1	68	82	79	158	2	10	0	0	2	0	0	10
1221031305	超级小强手杖+5	36	6	7	3	18480000	1386	攻击时有55%的几率让目标中毒，每秒减少生命30，持续16秒	0	为小强准备的超级装备	5500	0	0	0	1	85000503	55	564	672	660	1290	-500	-500	27	1	70	84	82	161	2	10	0	0	2	0	0	10
1221031306	超级小强手杖+6	36	6	7	3	18480000	1386	攻击时有60%的几率让目标中毒，每秒减少生命30，持续16秒	0	为小强准备的超级装备	6000	0	0	0	1	85000503	60	580	688	684	1314	-500	-500	28	1	72	86	85	164	2	10	0	0	2	0	0	10
1221031307	超级小强手杖+7	36	6	7	3	18480000	1386	攻击时有65%的几率让目标中毒，每秒减少生命30，持续16秒	0	为小强准备的超级装备	6500	0	0	0	1	85000503	65	596	704	708	1338	-500	-500	29	1	74	88	88	167	2	10	0	0	2	0	0	10
1221031308	超级小强手杖+8	36	7	7	3	18480000	1386	攻击时有70%的几率让目标中毒，每秒减少生命30，持续16秒	0	为小强准备的超级装备	7000	0	0	0	1	85000503	70	612	720	732	1362	-500	-500	30	1	76	90	91	170	2	10	0	0	2	0	0	10
1221031309	超级小强手杖+9	36	7	7	3	18480000	1386	攻击时有75%的几率让目标中毒，每秒减少生命30，持续16秒	0	为小强准备的超级装备	7500	0	0	0	1	85000503	75	628	736	756	1386	-500	-500	31	1	78	92	94	173	2	10	0	0	2	0	0	10
1221031310	超级小强手杖+10	36	8	7	3	18480000	1386	攻击时有80%的几率让目标中毒，每秒减少生命30，持续16秒	0	为小强准备的超级装备	0	0	0	0	1	85000503	80	644	752	780	1410	-500	-500	32	1	80	94	97	176	2	10	0	0	2	0	0	10
1221031400	超级专业杖	60	0	10	3	66000000	5000	攻击时有30%的几率让目标中毒，每秒减少生命45，持续16秒	0	为专业人士准备的超级装备	10000	0	0	0	1	85000506	30	764	924	810	2052	-500	-500	33	2	95	115	101	256	2	10	0	0	2	0	0	10
1221031401	超级专业杖+1	60	0	10	3	66000000	5000	攻击时有35%的几率让目标中毒，每秒减少生命45，持续16秒	0	为专业人士准备的超级装备	11000	0	0	0	1	85000506	35	780	940	834	2076	-500	-500	34	2	97	117	104	259	2	10	0	0	2	0	0	10
1221031402	超级专业杖+2	60	0	10	3	66000000	5000	攻击时有40%的几率让目标中毒，每秒减少生命45，持续16秒	0	为专业人士准备的超级装备	12000	0	0	0	1	85000506	40	796	956	858	2100	-500	-500	35	2	99	119	107	262	2	10	0	0	2	0	0	10
1221031403	超级专业杖+3	60	5	10	3	66000000	5000	攻击时有45%的几率让目标中毒，每秒减少生命45，持续16秒	0	为专业人士准备的超级装备	13000	0	0	0	1	85000506	45	812	972	882	2124	-500	-500	36	2	101	121	110	265	2	10	0	0	2	0	0	10
1221031404	超级专业杖+4	60	5	10	3	66000000	5000	攻击时有50%的几率让目标中毒，每秒减少生命45，持续16秒	0	为专业人士准备的超级装备	14000	0	0	0	1	85000506	50	828	988	906	2148	-500	-500	37	2	103	123	113	268	2	10	0	0	2	0	0	10
1221031405	超级专业杖+5	60	6	10	3	66000000	5000	攻击时有55%的几率让目标中毒，每秒减少生命45，持续16秒	0	为专业人士准备的超级装备	15000	0	0	0	1	85000506	55	844	1004	930	2172	-500	-500	38	2	105	125	116	271	2	10	0	0	2	0	0	10
1221031406	超级专业杖+6	60	6	10	3	66000000	5000	攻击时有60%的几率让目标中毒，每秒减少生命45，持续16秒	0	为专业人士准备的超级装备	16000	0	0	0	1	85000506	60	860	1020	954	2196	-500	-500	39	2	107	127	119	274	2	10	0	0	2	0	0	10
1221031407	超级专业杖+7	60	6	10	3	66000000	5000	攻击时有65%的几率让目标中毒，每秒减少生命45，持续16秒	0	为专业人士准备的超级装备	17000	0	0	0	1	85000506	65	876	1036	978	2220	-500	-500	40	2	109	129	122	277	2	10	0	0	2	0	0	10
1221031408	超级专业杖+8	60	7	10	3	66000000	5000	攻击时有70%的几率让目标中毒，每秒减少生命45，持续16秒	0	为专业人士准备的超级装备	18000	0	0	0	1	85000506	70	892	1052	1002	2244	-500	-500	41	2	111	131	125	280	2	10	0	0	2	0	0	10
1221031409	超级专业杖+9	60	7	10	3	66000000	5000	攻击时有75%的几率让目标中毒，每秒减少生命45，持续16秒	0	为专业人士准备的超级装备	19000	0	0	0	1	85000506	75	908	1068	1026	2268	-500	-500	42	2	113	133	128	283	2	10	0	0	2	0	0	10
1221031410	超级专业杖+10	60	8	10	3	66000000	5000	攻击时有80%的几率让目标中毒，每秒减少生命45，持续16秒	0	为专业人士准备的超级装备	0	0	0	0	1	85000506	80	924	1084	1050	2292	-500	-500	43	2	115	135	131	286	2	10	0	0	2	0	0	10
1221031500	超级噬魂杖	96	0	11	3	96000000	7200	攻击时有30%的几率让目标中毒，每秒减少生命45，持续16秒	0	恶魔的贡品	20000	0	0	0	1	85000506	30	1044	1256	1110	2932	-500	-500	44	2	130	156	141	366	2	10	0	0	2	0	0	10
1221031501	超级噬魂杖+1	96	0	11	3	96000000	7200	攻击时有35%的几率让目标中毒，每秒减少生命45，持续16秒	0	恶魔的贡品	21000	0	0	0	1	85000506	35	1060	1272	1134	2956	-500	-500	45	2	132	158	144	369	2	10	0	0	2	0	0	10
1221031502	超级噬魂杖+2	96	0	11	3	96000000	7200	攻击时有40%的几率让目标中毒，每秒减少生命45，持续16秒	0	恶魔的贡品	22000	0	0	0	1	85000506	40	1076	1288	1158	2980	-500	-500	46	2	134	160	147	372	2	10	0	0	2	0	0	10
1221031503	超级噬魂杖+3	96	5	11	3	96000000	7200	攻击时有45%的几率让目标中毒，每秒减少生命45，持续16秒	0	恶魔的贡品	23000	0	0	0	1	85000506	45	1092	1304	1182	3004	-500	-500	47	2	136	162	150	375	2	10	0	0	2	0	0	10
1221031504	超级噬魂杖+4	96	5	11	3	96000000	7200	攻击时有50%的几率让目标中毒，每秒减少生命45，持续16秒	0	恶魔的贡品	24000	0	0	0	1	85000506	50	1108	1320	1206	3028	-500	-500	48	2	138	164	153	378	2	10	0	0	2	0	0	10
1221031505	超级噬魂杖+5	96	6	11	3	96000000	7200	攻击时有55%的几率让目标中毒，每秒减少生命45，持续16秒	0	恶魔的贡品	25000	0	0	0	1	85000506	55	1124	1336	1230	3052	-500	-500	49	2	140	166	156	381	2	10	0	0	2	0	0	10
1221031506	超级噬魂杖+6	96	6	11	3	96000000	7200	攻击时有60%的几率让目标中毒，每秒减少生命45，持续16秒	0	恶魔的贡品	26000	0	0	0	1	85000506	60	1140	1352	1254	3076	-500	-500	50	2	142	168	159	384	2	10	0	0	2	0	0	10
1221031507	超级噬魂杖+7	96	6	11	3	96000000	7200	攻击时有65%的几率让目标中毒，每秒减少生命45，持续16秒	0	恶魔的贡品	27000	0	0	0	1	85000506	65	1156	1368	1278	3100	-500	-500	51	2	144	170	162	387	2	10	0	0	2	0	0	10
1221031508	超级噬魂杖+8	96	7	11	3	96000000	7200	攻击时有70%的几率让目标中毒，每秒减少生命45，持续16秒	0	恶魔的贡品	28000	0	0	0	1	85000506	70	1172	1384	1302	3124	-500	-500	52	2	146	172	165	390	2	10	0	0	2	0	0	10
1221031509	超级噬魂杖+9	96	7	11	3	96000000	7200	攻击时有75%的几率让目标中毒，每秒减少生命45，持续16秒	0	恶魔的贡品	29000	0	0	0	1	85000506	75	1188	1400	1326	3148	-500	-500	53	2	148	174	168	393	2	10	0	0	2	0	0	10
1221031510	超级噬魂杖+10	96	8	11	3	96000000	7200	攻击时有80%的几率让目标中毒，每秒减少生命45，持续16秒	0	恶魔的贡品	0	0	0	0	1	85000506	80	1204	1416	1350	3172	-500	-500	54	2	150	176	171	396	2	10	0	0	2	0	0	10
1221031600	超级化神杖	120	0	12	3	116000000	8800	攻击时有30%的几率让目标中毒，每秒减少生命45，持续16秒	0	上帝的恩赐	30000	0	0	0	1	85000506	30	1324	1588	1410	3812	-500	-500	55	2	165	197	181	476	2	10	0	0	2	0	0	10
1221031601	超级化神杖+1	120	0	12	3	116000000	8800	攻击时有35%的几率让目标中毒，每秒减少生命45，持续16秒	0	上帝的恩赐	31000	0	0	0	1	85000506	35	1340	1604	1434	3836	-500	-500	56	2	167	199	184	479	2	10	0	0	2	0	0	10
1221031602	超级化神杖+2	120	0	12	3	116000000	8800	攻击时有40%的几率让目标中毒，每秒减少生命45，持续16秒	0	上帝的恩赐	32000	0	0	0	1	85000506	40	1356	1620	1458	3860	-500	-500	57	2	169	201	187	482	2	10	0	0	2	0	0	10
1221031603	超级化神杖+3	120	5	12	3	116000000	8800	攻击时有45%的几率让目标中毒，每秒减少生命45，持续16秒	0	上帝的恩赐	33000	0	0	0	1	85000506	45	1372	1636	1482	3884	-500	-500	58	2	171	203	190	485	2	10	0	0	2	0	0	10
1221031604	超级化神杖+4	120	5	12	3	116000000	8800	攻击时有50%的几率让目标中毒，每秒减少生命45，持续16秒	0	上帝的恩赐	34000	0	0	0	1	85000506	50	1388	1652	1506	3908	-500	-500	59	2	173	205	193	488	2	10	0	0	2	0	0	10
1221031605	超级化神杖+5	120	6	12	3	116000000	8800	攻击时有55%的几率让目标中毒，每秒减少生命45，持续16秒	0	上帝的恩赐	35000	0	0	0	1	85000506	55	1404	1668	1530	3932	-500	-500	60	2	175	207	196	491	2	10	0	0	2	0	0	10
1221031606	超级化神杖+6	120	6	12	3	116000000	8800	攻击时有60%的几率让目标中毒，每秒减少生命45，持续16秒	0	上帝的恩赐	36000	0	0	0	1	85000506	60	1420	1684	1554	3956	-500	-500	61	2	177	209	199	494	2	10	0	0	2	0	0	10
1221031607	超级化神杖+7	120	6	12	3	116000000	8800	攻击时有65%的几率让目标中毒，每秒减少生命45，持续16秒	0	上帝的恩赐	37000	0	0	0	1	85000506	65	1436	1700	1578	3980	-500	-500	62	2	179	211	202	497	2	10	0	0	2	0	0	10
1221031608	超级化神杖+8	120	7	12	3	116000000	8800	攻击时有70%的几率让目标中毒，每秒减少生命45，持续16秒	0	上帝的恩赐	38000	0	0	0	1	85000506	70	1452	1716	1602	4004	-500	-500	63	2	181	213	205	500	2	10	0	0	2	0	0	10
1221031609	超级化神杖+9	120	7	12	3	116000000	8800	攻击时有75%的几率让目标中毒，每秒减少生命45，持续16秒	0	上帝的恩赐	39000	0	0	0	1	85000506	75	1468	1732	1626	4028	-500	-500	64	2	183	215	208	503	2	10	0	0	2	0	0	10
1221031610	超级化神杖+10	120	8	12	3	116000000	8800	攻击时有80%的几率让目标中毒，每秒减少生命45，持续16秒	0	上帝的恩赐	0	0	0	0	1	85000506	80	1484	1748	1650	4052	-500	-500	65	2	185	217	211	506	2	10	0	0	2	0	0	10
