编号	名字	等级需求	光影等级	图标	品质	金币	元宝	功能描述	攻击距离增加	描述	升等费用	精炼几率	精炼费用	升级费用	种族要求	武器攻击附加状态	状态产生几率	最小物理攻击	最大物理攻击	最小魔法攻击	最大魔法攻击	增加攻击时间	增加攻击间隔	增加攻击命中	双倍攻击几率	附加最小物理攻击	附加最大物理攻击	附加最小魔法攻击	附加最大魔法攻击	物攻加成（等级）	物攻加成（强壮）	物攻加成（敏捷）	物攻加成（智慧）	魔攻加成（等级）	魔攻加成（强壮）	魔攻加成（敏捷）	魔攻加成（智慧）
id	name	requiredLevel	haloIndex	icon	quality	moneyCost	treasureCost	functionDesc	attackRange	description	increaseCost	refineRate	refineCost	upgradeCost	requiredRace	attachedFightState	fightStateRate	minPhysicalDamage	maxPhysicalDamage	minMagicDamage	maxMagicDamage	attackTime	attackDelay	hittingAbility	doubleDamageRate	extraMinPhysicalDamage	extraMaxPhysicalDamage	extraMinMagicDamage	extraMaxMagicDamage	pdLevelFactor	pdStrengthFactor	pdDexterityFactor	pdWisdomFactor	mdLevelFactor	mdStrengthFactor	mdDexterityFactor	mdWisdomFactor
1232000100	短剑	0	0	1	0	9	0		0	很普通的剑，剑身很短，更像是匕首	0	0	0	0	2	0	0	28	58	8	10	-500	-500	3	0	0	0	0	0	0	0	0	0	0	0	0	0
1232000101	短剑+1	0	0	1	0	9	0		0	很普通的剑，剑身很短，更像是匕首	0	0	0	0	2	0	0	52	82	16	18	-500	-500	4	0	0	0	0	0	0	0	0	0	0	0	0	0
1232000102	短剑+2	0	0	1	0	9	0		0	很普通的剑，剑身很短，更像是匕首	0	0	0	0	2	0	0	76	106	24	26	-500	-500	5	0	0	0	0	0	0	0	0	0	0	0	0	0
1232000103	短剑+3	0	0	1	0	9	0		0	很普通的剑，剑身很短，更像是匕首	0	0	0	0	2	0	0	100	130	32	34	-500	-500	6	0	0	0	0	0	0	0	0	0	0	0	0	0
1232000104	短剑+4	0	0	1	0	9	0		0	很普通的剑，剑身很短，更像是匕首	0	0	0	0	2	0	0	124	154	40	42	-500	-500	7	0	0	0	0	0	0	0	0	0	0	0	0	0
1232000105	短剑+5	0	0	1	0	9	0		0	很普通的剑，剑身很短，更像是匕首	0	0	0	0	2	0	0	148	178	48	50	-500	-500	8	0	0	0	0	0	0	0	0	0	0	0	0	0
1232000106	短剑+6	0	0	1	0	9	0		0	很普通的剑，剑身很短，更像是匕首	0	0	0	0	2	0	0	172	202	56	58	-500	-500	9	0	0	0	0	0	0	0	0	0	0	0	0	0
1232000107	短剑+7	0	0	1	0	9	0		0	很普通的剑，剑身很短，更像是匕首	0	0	0	0	2	0	0	196	226	64	66	-500	-500	10	0	0	0	0	0	0	0	0	0	0	0	0	0
1232000108	短剑+8	0	0	1	0	9	0		0	很普通的剑，剑身很短，更像是匕首	0	0	0	0	2	0	0	220	250	72	74	-500	-500	11	0	0	0	0	0	0	0	0	0	0	0	0	0
1232000109	短剑+9	0	0	1	0	9	0		0	很普通的剑，剑身很短，更像是匕首	0	0	0	0	2	0	0	244	274	80	82	-500	-500	12	0	0	0	0	0	0	0	0	0	0	0	0	0
1232000110	短剑+10	0	0	1	0	9	0		0	很普通的剑，剑身很短，更像是匕首	0	0	0	0	2	0	0	268	298	88	90	-500	-500	13	0	0	0	0	0	0	0	0	0	0	0	0	0
1232000200	长剑	12	0	2	0	1750	0		0	铁质的剑，剑身很长，利于近身搏斗	500	0	0	0	2	0	0	134	264	36	48	-500	-500	5	1	0	0	0	0	0	0	0	0	0	0	0	0
1232000201	长剑+1	12	0	2	0	1750	0		0	铁质的剑，剑身很长，利于近身搏斗	600	0	0	0	2	0	0	158	288	44	56	-500	-500	6	1	0	0	0	0	0	0	0	0	0	0	0	0
1232000202	长剑+2	12	0	2	0	1750	0		0	铁质的剑，剑身很长，利于近身搏斗	700	0	0	0	2	0	0	182	312	52	64	-500	-500	7	1	0	0	0	0	0	0	0	0	0	0	0	0
1232000203	长剑+3	12	0	2	0	1750	0		0	铁质的剑，剑身很长，利于近身搏斗	800	10000	500	0	2	0	0	206	336	60	72	-500	-500	8	1	0	0	0	0	0	0	0	0	0	0	0	0
1232000204	长剑+4	12	0	2	0	1750	0		0	铁质的剑，剑身很长，利于近身搏斗	900	10000	500	0	2	0	0	230	360	68	80	-500	-500	9	1	0	0	0	0	0	0	0	0	0	0	0	0
1232000205	长剑+5	12	0	2	0	1750	0		0	铁质的剑，剑身很长，利于近身搏斗	1000	10000	500	0	2	0	0	254	384	76	88	-500	-500	10	1	0	0	0	0	0	0	0	0	0	0	0	0
1232000206	长剑+6	12	0	2	0	1750	0		0	铁质的剑，剑身很长，利于近身搏斗	1100	10000	500	0	2	0	0	278	408	84	96	-500	-500	11	1	0	0	0	0	0	0	0	0	0	0	0	0
1232000207	长剑+7	12	0	2	0	1750	0		0	铁质的剑，剑身很长，利于近身搏斗	1200	10000	500	0	2	0	0	302	432	92	104	-500	-500	12	1	0	0	0	0	0	0	0	0	0	0	0	0
1232000208	长剑+8	12	0	2	0	1750	0		0	铁质的剑，剑身很长，利于近身搏斗	1300	10000	500	0	2	0	0	326	456	100	112	-500	-500	13	1	0	0	0	0	0	0	0	0	0	0	0	0
1232000209	长剑+9	12	0	2	0	1750	0		0	铁质的剑，剑身很长，利于近身搏斗	1400	10000	500	0	2	0	0	350	480	108	120	-500	-500	14	1	0	0	0	0	0	0	0	0	0	0	0	0
1232000210	长剑+10	12	0	2	0	1750	0		0	铁质的剑，剑身很长，利于近身搏斗	0	10000	500	0	2	0	0	374	504	116	128	-500	-500	15	1	0	0	0	0	0	0	0	0	0	0	0	0
1232010200	精品长剑	12	0	2	1	1750	0		0	铁质的剑，剑身很长，利于近身搏斗	500	0	0	0	2	0	0	134	264	36	48	-500	-500	5	1	16	33	0	0	0	0	0	0	0	0	0	0
1232010201	精品长剑+1	12	0	2	1	1750	0		0	铁质的剑，剑身很长，利于近身搏斗	600	0	0	0	2	0	0	158	288	44	56	-500	-500	6	1	19	36	0	0	0	0	0	0	0	0	0	0
1232010202	精品长剑+2	12	0	2	1	1750	0		0	铁质的剑，剑身很长，利于近身搏斗	700	0	0	0	2	0	0	182	312	52	64	-500	-500	7	1	22	39	0	0	0	0	0	0	0	0	0	0
1232010203	精品长剑+3	12	1	2	1	1750	0		0	铁质的剑，剑身很长，利于近身搏斗	800	0	0	0	2	0	0	206	336	60	72	-500	-500	8	1	25	42	0	0	0	0	0	0	0	0	0	0
1232010204	精品长剑+4	12	1	2	1	1750	0		0	铁质的剑，剑身很长，利于近身搏斗	900	5000	1000	0	2	0	0	230	360	68	80	-500	-500	9	1	28	45	0	0	0	0	0	0	0	0	0	0
1232010205	精品长剑+5	12	2	2	1	1750	0		0	铁质的剑，剑身很长，利于近身搏斗	1000	6000	1000	0	2	0	0	254	384	76	88	-500	-500	10	1	31	48	0	0	0	0	0	0	0	0	0	0
1232010206	精品长剑+6	12	2	2	1	1750	0		0	铁质的剑，剑身很长，利于近身搏斗	1100	7000	1000	0	2	0	0	278	408	84	96	-500	-500	11	1	34	51	0	0	0	0	0	0	0	0	0	0
1232010207	精品长剑+7	12	2	2	1	1750	0		0	铁质的剑，剑身很长，利于近身搏斗	1200	8000	1000	0	2	0	0	302	432	92	104	-500	-500	12	1	37	54	0	0	0	0	0	0	0	0	0	0
1232010208	精品长剑+8	12	3	2	1	1750	0		0	铁质的剑，剑身很长，利于近身搏斗	1300	9000	1000	0	2	0	0	326	456	100	112	-500	-500	13	1	40	57	0	0	0	0	0	0	0	0	0	0
1232010209	精品长剑+9	12	3	2	1	1750	0		0	铁质的剑，剑身很长，利于近身搏斗	1400	10000	1000	0	2	0	0	350	480	108	120	-500	-500	14	1	43	60	0	0	0	0	0	0	0	0	0	0
1232010210	精品长剑+10	12	4	2	1	1750	0		0	铁质的剑，剑身很长，利于近身搏斗	0	10000	1000	0	2	0	0	374	504	116	128	-500	-500	15	1	46	63	0	0	0	0	0	0	0	0	0	0
1232020200	极品长剑	12	0	2	2	1750	0		0	铁质的剑，剑身很长，利于近身搏斗	500	0	0	0	2	0	0	134	264	36	48	-500	-500	5	1	16	33	4	6	2	0	0	0	2	0	0	0
1232020201	极品长剑+1	12	0	2	2	1750	0		0	铁质的剑，剑身很长，利于近身搏斗	600	0	0	0	2	0	0	158	288	44	56	-500	-500	6	1	19	36	5	7	2	0	0	0	2	0	0	0
1232020202	极品长剑+2	12	0	2	2	1750	0		0	铁质的剑，剑身很长，利于近身搏斗	700	0	0	0	2	0	0	182	312	52	64	-500	-500	7	1	22	39	6	8	2	0	0	0	2	0	0	0
1232020203	极品长剑+3	12	2	2	2	1750	0		0	铁质的剑，剑身很长，利于近身搏斗	800	0	0	0	2	0	0	206	336	60	72	-500	-500	8	1	25	42	7	9	2	0	0	0	2	0	0	0
1232020204	极品长剑+4	12	2	2	2	1750	0		0	铁质的剑，剑身很长，利于近身搏斗	900	0	0	0	2	0	0	230	360	68	80	-500	-500	9	1	28	45	8	10	2	0	0	0	2	0	0	0
1232020205	极品长剑+5	12	3	2	2	1750	0		0	铁质的剑，剑身很长，利于近身搏斗	1000	2500	1500	0	2	0	0	254	384	76	88	-500	-500	10	1	31	48	9	11	2	0	0	0	2	0	0	0
1232020206	极品长剑+6	12	3	2	2	1750	0		0	铁质的剑，剑身很长，利于近身搏斗	1100	3500	1500	0	2	0	0	278	408	84	96	-500	-500	11	1	34	51	10	12	2	0	0	0	2	0	0	0
1232020207	极品长剑+7	12	3	2	2	1750	0		0	铁质的剑，剑身很长，利于近身搏斗	1200	4500	1500	0	2	0	0	302	432	92	104	-500	-500	12	1	37	54	11	13	2	0	0	0	2	0	0	0
1232020208	极品长剑+8	12	4	2	2	1750	0		0	铁质的剑，剑身很长，利于近身搏斗	1300	5500	1500	0	2	0	0	326	456	100	112	-500	-500	13	1	40	57	12	14	2	0	0	0	2	0	0	0
1232020209	极品长剑+9	12	4	2	2	1750	0		0	铁质的剑，剑身很长，利于近身搏斗	1400	7000	1500	0	2	0	0	350	480	108	120	-500	-500	14	1	43	60	13	15	2	0	0	0	2	0	0	0
1232020210	极品长剑+10	12	5	2	2	1750	0		0	铁质的剑，剑身很长，利于近身搏斗	0	10000	1500	0	2	0	0	374	504	116	128	-500	-500	15	1	46	63	14	16	2	0	0	0	2	0	0	0
1232030200	完美长剑	12	0	2	3	264000	53		0	铁质的剑，剑身很长，利于近身搏斗	500	0	0	110	2	0	0	134	264	36	48	-500	-500	5	1	16	33	4	6	2	10	0	0	2	0	0	10
1232030201	完美长剑+1	12	0	2	3	264000	53		0	铁质的剑，剑身很长，利于近身搏斗	600	0	0	110	2	0	0	158	288	44	56	-500	-500	6	1	19	36	5	7	2	10	0	0	2	0	0	10
1232030202	完美长剑+2	12	0	2	3	264000	53		0	铁质的剑，剑身很长，利于近身搏斗	700	0	0	110	2	0	0	182	312	52	64	-500	-500	7	1	22	39	6	8	2	10	0	0	2	0	0	10
1232030203	完美长剑+3	12	3	2	3	264000	53		0	铁质的剑，剑身很长，利于近身搏斗	800	0	0	110	2	0	0	206	336	60	72	-500	-500	8	1	25	42	7	9	2	10	0	0	2	0	0	10
1232030204	完美长剑+4	12	3	2	3	264000	53		0	铁质的剑，剑身很长，利于近身搏斗	900	0	0	110	2	0	0	230	360	68	80	-500	-500	9	1	28	45	8	10	2	10	0	0	2	0	0	10
1232030205	完美长剑+5	12	4	2	3	264000	53		0	铁质的剑，剑身很长，利于近身搏斗	1000	0	0	110	2	0	0	254	384	76	88	-500	-500	10	1	31	48	9	11	2	10	0	0	2	0	0	10
1232030206	完美长剑+6	12	4	2	3	264000	53		0	铁质的剑，剑身很长，利于近身搏斗	1100	0	0	110	2	0	0	278	408	84	96	-500	-500	11	1	34	51	10	12	2	10	0	0	2	0	0	10
1232030207	完美长剑+7	12	4	2	3	264000	53		0	铁质的剑，剑身很长，利于近身搏斗	1200	1000	2000	110	2	0	0	302	432	92	104	-500	-500	12	1	37	54	11	13	2	10	0	0	2	0	0	10
1232030208	完美长剑+8	12	5	2	3	264000	53		0	铁质的剑，剑身很长，利于近身搏斗	1300	1100	2000	110	2	0	0	326	456	100	112	-500	-500	13	1	40	57	12	14	2	10	0	0	2	0	0	10
1232030209	完美长剑+9	12	5	2	3	264000	53		0	铁质的剑，剑身很长，利于近身搏斗	1400	1200	2000	110	2	0	0	350	480	108	120	-500	-500	14	1	43	60	13	15	2	10	0	0	2	0	0	10
1232030210	完美长剑+10	12	6	2	3	264000	53		0	铁质的剑，剑身很长，利于近身搏斗	0	1300	2000	110	2	0	0	374	504	116	128	-500	-500	15	1	46	63	14	16	2	10	0	0	2	0	0	10
1232040200	神品长剑	12	0	2	4	440000	88		0	铁质的剑，剑身很长，利于近身搏斗	500	0	0	184	2	0	0	134	264	36	48	-500	-500	5	1	16	33	4	6	2	10	10	10	2	10	10	10
1232040201	神品长剑+1	12	0	2	4	440000	88		0	铁质的剑，剑身很长，利于近身搏斗	600	0	0	184	2	0	0	158	288	44	56	-500	-500	6	1	19	36	5	7	2	10	10	10	2	10	10	10
1232040202	神品长剑+2	12	0	2	4	440000	88		0	铁质的剑，剑身很长，利于近身搏斗	700	0	0	184	2	0	0	182	312	52	64	-500	-500	7	1	22	39	6	8	2	10	10	10	2	10	10	10
1232040203	神品长剑+3	12	4	2	4	440000	88		0	铁质的剑，剑身很长，利于近身搏斗	800	0	0	184	2	0	0	206	336	60	72	-500	-500	8	1	25	42	7	9	2	10	10	10	2	10	10	10
1232040204	神品长剑+4	12	4	2	4	440000	88		0	铁质的剑，剑身很长，利于近身搏斗	900	0	0	184	2	0	0	230	360	68	80	-500	-500	9	1	28	45	8	10	2	10	10	10	2	10	10	10
1232040205	神品长剑+5	12	5	2	4	440000	88		0	铁质的剑，剑身很长，利于近身搏斗	1000	0	0	184	2	0	0	254	384	76	88	-500	-500	10	1	31	48	9	11	2	10	10	10	2	10	10	10
1232040206	神品长剑+6	12	5	2	4	440000	88		0	铁质的剑，剑身很长，利于近身搏斗	1100	0	0	184	2	0	0	278	408	84	96	-500	-500	11	1	34	51	10	12	2	10	10	10	2	10	10	10
1232040207	神品长剑+7	12	5	2	4	440000	88		0	铁质的剑，剑身很长，利于近身搏斗	1200	0	0	184	2	0	0	302	432	92	104	-500	-500	12	1	37	54	11	13	2	10	10	10	2	10	10	10
1232040208	神品长剑+8	12	6	2	4	440000	88		0	铁质的剑，剑身很长，利于近身搏斗	1300	0	0	184	2	0	0	326	456	100	112	-500	-500	13	1	40	57	12	14	2	10	10	10	2	10	10	10
1232040209	神品长剑+9	12	6	2	4	440000	88		0	铁质的剑，剑身很长，利于近身搏斗	1400	0	0	184	2	0	0	350	480	108	120	-500	-500	14	1	43	60	13	15	2	10	10	10	2	10	10	10
1232040210	神品长剑+10	12	7	2	4	440000	88		0	铁质的剑，剑身很长，利于近身搏斗	0	0	0	184	2	0	0	374	504	116	128	-500	-500	15	1	46	63	14	16	2	10	10	10	2	10	10	10
1232000300	月轮剑	24	0	3	0	2625	0		0	剑身犹如月轮，在刺的同时也可以用来砍	800	0	0	0	2	0	0	242	504	70	90	-500	-500	8	1	0	0	0	0	0	0	0	0	0	0	0	0
1232000301	月轮剑+1	24	0	3	0	2625	0		0	剑身犹如月轮，在刺的同时也可以用来砍	900	0	0	0	2	0	0	268	530	80	100	-500	-500	9	1	0	0	0	0	0	0	0	0	0	0	0	0
1232000302	月轮剑+2	24	0	3	0	2625	0		0	剑身犹如月轮，在刺的同时也可以用来砍	1000	0	0	0	2	0	0	294	556	90	110	-500	-500	10	1	0	0	0	0	0	0	0	0	0	0	0	0
1232000303	月轮剑+3	24	0	3	0	2625	0		0	剑身犹如月轮，在刺的同时也可以用来砍	1100	10000	1500	0	2	0	0	320	582	100	120	-500	-500	11	1	0	0	0	0	0	0	0	0	0	0	0	0
1232000304	月轮剑+4	24	0	3	0	2625	0		0	剑身犹如月轮，在刺的同时也可以用来砍	1200	10000	1500	0	2	0	0	346	608	110	130	-500	-500	12	1	0	0	0	0	0	0	0	0	0	0	0	0
1232000305	月轮剑+5	24	0	3	0	2625	0		0	剑身犹如月轮，在刺的同时也可以用来砍	1300	10000	1500	0	2	0	0	372	634	120	140	-500	-500	13	1	0	0	0	0	0	0	0	0	0	0	0	0
1232000306	月轮剑+6	24	0	3	0	2625	0		0	剑身犹如月轮，在刺的同时也可以用来砍	1400	10000	1500	0	2	0	0	398	660	130	150	-500	-500	14	1	0	0	0	0	0	0	0	0	0	0	0	0
1232000307	月轮剑+7	24	0	3	0	2625	0		0	剑身犹如月轮，在刺的同时也可以用来砍	1500	10000	1500	0	2	0	0	424	686	140	160	-500	-500	15	1	0	0	0	0	0	0	0	0	0	0	0	0
1232000308	月轮剑+8	24	0	3	0	2625	0		0	剑身犹如月轮，在刺的同时也可以用来砍	1600	10000	1500	0	2	0	0	450	712	150	170	-500	-500	16	1	0	0	0	0	0	0	0	0	0	0	0	0
1232000309	月轮剑+9	24	0	3	0	2625	0		0	剑身犹如月轮，在刺的同时也可以用来砍	1700	10000	1500	0	2	0	0	476	738	160	180	-500	-500	17	1	0	0	0	0	0	0	0	0	0	0	0	0
1232000310	月轮剑+10	24	0	3	0	2625	0		0	剑身犹如月轮，在刺的同时也可以用来砍	0	10000	1500	0	2	0	0	502	764	170	190	-500	-500	18	1	0	0	0	0	0	0	0	0	0	0	0	0
1232010300	精品月轮剑	24	0	3	1	2625	0		0	剑身犹如月轮，在刺的同时也可以用来砍	800	0	0	0	2	0	0	242	504	70	90	-500	-500	8	1	30	63	0	0	0	0	0	0	0	0	0	0
1232010301	精品月轮剑+1	24	0	3	1	2625	0		0	剑身犹如月轮，在刺的同时也可以用来砍	900	0	0	0	2	0	0	268	530	80	100	-500	-500	9	1	33	66	0	0	0	0	0	0	0	0	0	0
1232010302	精品月轮剑+2	24	0	3	1	2625	0		0	剑身犹如月轮，在刺的同时也可以用来砍	1000	0	0	0	2	0	0	294	556	90	110	-500	-500	10	1	36	69	0	0	0	0	0	0	0	0	0	0
1232010303	精品月轮剑+3	24	1	3	1	2625	0		0	剑身犹如月轮，在刺的同时也可以用来砍	1100	0	0	0	2	0	0	320	582	100	120	-500	-500	11	1	40	72	0	0	0	0	0	0	0	0	0	0
1232010304	精品月轮剑+4	24	1	3	1	2625	0		0	剑身犹如月轮，在刺的同时也可以用来砍	1200	5000	2000	0	2	0	0	346	608	110	130	-500	-500	12	1	43	76	0	0	0	0	0	0	0	0	0	0
1232010305	精品月轮剑+5	24	2	3	1	2625	0		0	剑身犹如月轮，在刺的同时也可以用来砍	1300	6000	2000	0	2	0	0	372	634	120	140	-500	-500	13	1	46	79	0	0	0	0	0	0	0	0	0	0
1232010306	精品月轮剑+6	24	2	3	1	2625	0		0	剑身犹如月轮，在刺的同时也可以用来砍	1400	7000	2000	0	2	0	0	398	660	130	150	-500	-500	14	1	49	82	0	0	0	0	0	0	0	0	0	0
1232010307	精品月轮剑+7	24	2	3	1	2625	0		0	剑身犹如月轮，在刺的同时也可以用来砍	1500	8000	2000	0	2	0	0	424	686	140	160	-500	-500	15	1	53	85	0	0	0	0	0	0	0	0	0	0
1232010308	精品月轮剑+8	24	3	3	1	2625	0		0	剑身犹如月轮，在刺的同时也可以用来砍	1600	9000	2000	0	2	0	0	450	712	150	170	-500	-500	16	1	56	89	0	0	0	0	0	0	0	0	0	0
1232010309	精品月轮剑+9	24	3	3	1	2625	0		0	剑身犹如月轮，在刺的同时也可以用来砍	1700	10000	2000	0	2	0	0	476	738	160	180	-500	-500	17	1	59	92	0	0	0	0	0	0	0	0	0	0
1232010310	精品月轮剑+10	24	4	3	1	2625	0		0	剑身犹如月轮，在刺的同时也可以用来砍	0	10000	2000	0	2	0	0	502	764	170	190	-500	-500	18	1	62	95	0	0	0	0	0	0	0	0	0	0
1232020300	极品月轮剑	24	0	3	2	2625	0		0	剑身犹如月轮，在刺的同时也可以用来砍	800	0	0	0	2	0	0	242	504	70	90	-500	-500	8	1	30	63	8	11	2	0	0	0	2	0	0	0
1232020301	极品月轮剑+1	24	0	3	2	2625	0		0	剑身犹如月轮，在刺的同时也可以用来砍	900	0	0	0	2	0	0	268	530	80	100	-500	-500	9	1	33	66	10	12	2	0	0	0	2	0	0	0
1232020302	极品月轮剑+2	24	0	3	2	2625	0		0	剑身犹如月轮，在刺的同时也可以用来砍	1000	0	0	0	2	0	0	294	556	90	110	-500	-500	10	1	36	69	11	13	2	0	0	0	2	0	0	0
1232020303	极品月轮剑+3	24	2	3	2	2625	0		0	剑身犹如月轮，在刺的同时也可以用来砍	1100	0	0	0	2	0	0	320	582	100	120	-500	-500	11	1	40	72	12	15	2	0	0	0	2	0	0	0
1232020304	极品月轮剑+4	24	2	3	2	2625	0		0	剑身犹如月轮，在刺的同时也可以用来砍	1200	0	0	0	2	0	0	346	608	110	130	-500	-500	12	1	43	76	13	16	2	0	0	0	2	0	0	0
1232020305	极品月轮剑+5	24	3	3	2	2625	0		0	剑身犹如月轮，在刺的同时也可以用来砍	1300	2500	2500	0	2	0	0	372	634	120	140	-500	-500	13	1	46	79	15	17	2	0	0	0	2	0	0	0
1232020306	极品月轮剑+6	24	3	3	2	2625	0		0	剑身犹如月轮，在刺的同时也可以用来砍	1400	3500	2500	0	2	0	0	398	660	130	150	-500	-500	14	1	49	82	16	18	2	0	0	0	2	0	0	0
1232020307	极品月轮剑+7	24	3	3	2	2625	0		0	剑身犹如月轮，在刺的同时也可以用来砍	1500	4500	2500	0	2	0	0	424	686	140	160	-500	-500	15	1	53	85	17	20	2	0	0	0	2	0	0	0
1232020308	极品月轮剑+8	24	4	3	2	2625	0		0	剑身犹如月轮，在刺的同时也可以用来砍	1600	5500	2500	0	2	0	0	450	712	150	170	-500	-500	16	1	56	89	18	21	2	0	0	0	2	0	0	0
1232020309	极品月轮剑+9	24	4	3	2	2625	0		0	剑身犹如月轮，在刺的同时也可以用来砍	1700	7000	2500	0	2	0	0	476	738	160	180	-500	-500	17	1	59	92	20	22	2	0	0	0	2	0	0	0
1232020310	极品月轮剑+10	24	5	3	2	2625	0		0	剑身犹如月轮，在刺的同时也可以用来砍	0	10000	2500	0	2	0	0	502	764	170	190	-500	-500	18	1	62	95	21	23	2	0	0	0	2	0	0	0
1232030300	完美月轮剑	24	0	3	3	540000	81		0	剑身犹如月轮，在刺的同时也可以用来砍	800	0	0	264	2	0	0	242	504	70	90	-500	-500	8	1	30	63	8	11	2	10	0	0	2	0	0	10
1232030301	完美月轮剑+1	24	0	3	3	540000	81		0	剑身犹如月轮，在刺的同时也可以用来砍	900	0	0	264	2	0	0	268	530	80	100	-500	-500	9	1	33	66	10	12	2	10	0	0	2	0	0	10
1232030302	完美月轮剑+2	24	0	3	3	540000	81		0	剑身犹如月轮，在刺的同时也可以用来砍	1000	0	0	264	2	0	0	294	556	90	110	-500	-500	10	1	36	69	11	13	2	10	0	0	2	0	0	10
1232030303	完美月轮剑+3	24	3	3	3	540000	81		0	剑身犹如月轮，在刺的同时也可以用来砍	1100	0	0	264	2	0	0	320	582	100	120	-500	-500	11	1	40	72	12	15	2	10	0	0	2	0	0	10
1232030304	完美月轮剑+4	24	3	3	3	540000	81		0	剑身犹如月轮，在刺的同时也可以用来砍	1200	0	0	264	2	0	0	346	608	110	130	-500	-500	12	1	43	76	13	16	2	10	0	0	2	0	0	10
1232030305	完美月轮剑+5	24	4	3	3	540000	81		0	剑身犹如月轮，在刺的同时也可以用来砍	1300	0	0	264	2	0	0	372	634	120	140	-500	-500	13	1	46	79	15	17	2	10	0	0	2	0	0	10
1232030306	完美月轮剑+6	24	4	3	3	540000	81		0	剑身犹如月轮，在刺的同时也可以用来砍	1400	0	0	264	2	0	0	398	660	130	150	-500	-500	14	1	49	82	16	18	2	10	0	0	2	0	0	10
1232030307	完美月轮剑+7	24	4	3	3	540000	81		0	剑身犹如月轮，在刺的同时也可以用来砍	1500	1000	3000	264	2	0	0	424	686	140	160	-500	-500	15	1	53	85	17	20	2	10	0	0	2	0	0	10
1232030308	完美月轮剑+8	24	5	3	3	540000	81		0	剑身犹如月轮，在刺的同时也可以用来砍	1600	2000	3000	264	2	0	0	450	712	150	170	-500	-500	16	1	56	89	18	21	2	10	0	0	2	0	0	10
1232030309	完美月轮剑+9	24	5	3	3	540000	81		0	剑身犹如月轮，在刺的同时也可以用来砍	1700	3000	3000	264	2	0	0	476	738	160	180	-500	-500	17	1	59	92	20	22	2	10	0	0	2	0	0	10
1232030310	完美月轮剑+10	24	6	3	3	540000	81		0	剑身犹如月轮，在刺的同时也可以用来砍	0	4000	3000	264	2	0	0	502	764	170	190	-500	-500	18	1	62	95	21	23	2	10	0	0	2	0	0	10
1232040300	神品月轮剑	24	0	3	4	900000	135		0	剑身犹如月轮，在刺的同时也可以用来砍	800	0	0	440	2	0	0	242	504	70	90	-500	-500	8	1	30	63	8	11	2	10	10	10	2	10	10	10
1232040301	神品月轮剑+1	24	0	3	4	900000	135		0	剑身犹如月轮，在刺的同时也可以用来砍	900	0	0	440	2	0	0	268	530	80	100	-500	-500	9	1	33	66	10	12	2	10	10	10	2	10	10	10
1232040302	神品月轮剑+2	24	0	3	4	900000	135		0	剑身犹如月轮，在刺的同时也可以用来砍	1000	0	0	440	2	0	0	294	556	90	110	-500	-500	10	1	36	69	11	13	2	10	10	10	2	10	10	10
1232040303	神品月轮剑+3	24	4	3	4	900000	135		0	剑身犹如月轮，在刺的同时也可以用来砍	1100	0	0	440	2	0	0	320	582	100	120	-500	-500	11	1	40	72	12	15	2	10	10	10	2	10	10	10
1232040304	神品月轮剑+4	24	4	3	4	900000	135		0	剑身犹如月轮，在刺的同时也可以用来砍	1200	0	0	440	2	0	0	346	608	110	130	-500	-500	12	1	43	76	13	16	2	10	10	10	2	10	10	10
1232040305	神品月轮剑+5	24	5	3	4	900000	135		0	剑身犹如月轮，在刺的同时也可以用来砍	1300	0	0	440	2	0	0	372	634	120	140	-500	-500	13	1	46	79	15	17	2	10	10	10	2	10	10	10
1232040306	神品月轮剑+6	24	5	3	4	900000	135		0	剑身犹如月轮，在刺的同时也可以用来砍	1400	0	0	440	2	0	0	398	660	130	150	-500	-500	14	1	49	82	16	18	2	10	10	10	2	10	10	10
1232040307	神品月轮剑+7	24	5	3	4	900000	135		0	剑身犹如月轮，在刺的同时也可以用来砍	1500	0	0	440	2	0	0	424	686	140	160	-500	-500	15	1	53	85	17	20	2	10	10	10	2	10	10	10
1232040308	神品月轮剑+8	24	6	3	4	900000	135		0	剑身犹如月轮，在刺的同时也可以用来砍	1600	0	0	440	2	0	0	450	712	150	170	-500	-500	16	1	56	89	18	21	2	10	10	10	2	10	10	10
1232040309	神品月轮剑+9	24	6	3	4	900000	135		0	剑身犹如月轮，在刺的同时也可以用来砍	1700	0	0	440	2	0	0	476	738	160	180	-500	-500	17	1	59	92	20	22	2	10	10	10	2	10	10	10
1232040310	神品月轮剑+10	24	7	3	4	900000	135		0	剑身犹如月轮，在刺的同时也可以用来砍	0	0	0	440	2	0	0	502	764	170	190	-500	-500	18	1	62	95	21	23	2	10	10	10	2	10	10	10
1232000400	雷光剑	36	0	4	0	3937	0		0	挥动此剑的时候，剑身和空气摩擦会产生电光	1200	0	0	0	2	0	0	348	776	100	140	-500	-500	10	1	0	0	0	0	0	0	0	0	0	0	0	0
1232000401	雷光剑+1	36	0	4	0	3937	0		0	挥动此剑的时候，剑身和空气摩擦会产生电光	1300	0	0	0	2	0	0	374	802	110	150	-500	-500	11	1	0	0	0	0	0	0	0	0	0	0	0	0
1232000402	雷光剑+2	36	0	4	0	3937	0		0	挥动此剑的时候，剑身和空气摩擦会产生电光	1400	0	3000	0	2	0	0	400	828	120	160	-500	-500	12	1	0	0	0	0	0	0	0	0	0	0	0	0
1232000403	雷光剑+3	36	0	4	0	3937	0		0	挥动此剑的时候，剑身和空气摩擦会产生电光	1500	10000	3000	0	2	0	0	426	854	130	170	-500	-500	13	1	0	0	0	0	0	0	0	0	0	0	0	0
1232000404	雷光剑+4	36	0	4	0	3937	0		0	挥动此剑的时候，剑身和空气摩擦会产生电光	1600	10000	3000	0	2	0	0	452	880	140	180	-500	-500	14	1	0	0	0	0	0	0	0	0	0	0	0	0
1232000405	雷光剑+5	36	0	4	0	3937	0		0	挥动此剑的时候，剑身和空气摩擦会产生电光	1700	10000	3000	0	2	0	0	478	906	150	190	-500	-500	15	1	0	0	0	0	0	0	0	0	0	0	0	0
1232000406	雷光剑+6	36	0	4	0	3937	0		0	挥动此剑的时候，剑身和空气摩擦会产生电光	1800	10000	3000	0	2	0	0	504	932	160	200	-500	-500	16	1	0	0	0	0	0	0	0	0	0	0	0	0
1232000407	雷光剑+7	36	0	4	0	3937	0		0	挥动此剑的时候，剑身和空气摩擦会产生电光	1900	10000	3000	0	2	0	0	530	958	170	210	-500	-500	17	1	0	0	0	0	0	0	0	0	0	0	0	0
1232000408	雷光剑+8	36	0	4	0	3937	0		0	挥动此剑的时候，剑身和空气摩擦会产生电光	2000	10000	3000	0	2	0	0	556	984	180	220	-500	-500	18	1	0	0	0	0	0	0	0	0	0	0	0	0
1232000409	雷光剑+9	36	0	4	0	3937	0		0	挥动此剑的时候，剑身和空气摩擦会产生电光	2100	10000	3000	0	2	0	0	582	1010	190	230	-500	-500	19	1	0	0	0	0	0	0	0	0	0	0	0	0
1232000410	雷光剑+10	36	0	4	0	3937	0		0	挥动此剑的时候，剑身和空气摩擦会产生电光	0	10000	3000	0	2	0	0	608	1036	200	240	-500	-500	20	1	0	0	0	0	0	0	0	0	0	0	0	0
1232010400	精品雷光剑	36	0	4	1	3937	0		0	挥动此剑的时候，剑身和空气摩擦会产生电光	1200	0	0	0	2	0	0	348	776	100	140	-500	-500	10	1	43	97	0	0	0	0	0	0	0	0	0	0
1232010401	精品雷光剑+1	36	0	4	1	3937	0		0	挥动此剑的时候，剑身和空气摩擦会产生电光	1300	0	0	0	2	0	0	374	802	110	150	-500	-500	11	1	46	100	0	0	0	0	0	0	0	0	0	0
1232010402	精品雷光剑+2	36	0	4	1	3937	0		0	挥动此剑的时候，剑身和空气摩擦会产生电光	1400	0	0	0	2	0	0	400	828	120	160	-500	-500	12	1	50	103	0	0	0	0	0	0	0	0	0	0
1232010403	精品雷光剑+3	36	1	4	1	3937	0		0	挥动此剑的时候，剑身和空气摩擦会产生电光	1500	0	0	0	2	0	0	426	854	130	170	-500	-500	13	1	53	106	0	0	0	0	0	0	0	0	0	0
1232010404	精品雷光剑+4	36	1	4	1	3937	0		0	挥动此剑的时候，剑身和空气摩擦会产生电光	1600	5000	4000	0	2	0	0	452	880	140	180	-500	-500	14	1	56	110	0	0	0	0	0	0	0	0	0	0
1232010405	精品雷光剑+5	36	2	4	1	3937	0		0	挥动此剑的时候，剑身和空气摩擦会产生电光	1700	6000	4000	0	2	0	0	478	906	150	190	-500	-500	15	1	59	113	0	0	0	0	0	0	0	0	0	0
1232010406	精品雷光剑+6	36	2	4	1	3937	0		0	挥动此剑的时候，剑身和空气摩擦会产生电光	1800	7000	4000	0	2	0	0	504	932	160	200	-500	-500	16	1	63	116	0	0	0	0	0	0	0	0	0	0
1232010407	精品雷光剑+7	36	2	4	1	3937	0		0	挥动此剑的时候，剑身和空气摩擦会产生电光	1900	8000	4000	0	2	0	0	530	958	170	210	-500	-500	17	1	66	119	0	0	0	0	0	0	0	0	0	0
1232010408	精品雷光剑+8	36	3	4	1	3937	0		0	挥动此剑的时候，剑身和空气摩擦会产生电光	2000	9000	4000	0	2	0	0	556	984	180	220	-500	-500	18	1	69	123	0	0	0	0	0	0	0	0	0	0
1232010409	精品雷光剑+9	36	3	4	1	3937	0		0	挥动此剑的时候，剑身和空气摩擦会产生电光	2100	10000	4000	0	2	0	0	582	1010	190	230	-500	-500	19	1	72	126	0	0	0	0	0	0	0	0	0	0
1232010410	精品雷光剑+10	36	4	4	1	3937	0		0	挥动此剑的时候，剑身和空气摩擦会产生电光	0	10000	4000	0	2	0	0	608	1036	200	240	-500	-500	20	1	76	129	0	0	0	0	0	0	0	0	0	0
1232020400	极品雷光剑	36	0	4	2	3937	0		0	挥动此剑的时候，剑身和空气摩擦会产生电光	1200	0	0	0	2	0	0	348	776	100	140	-500	-500	10	1	43	97	12	17	2	0	0	0	2	0	0	0
1232020401	极品雷光剑+1	36	0	4	2	3937	0		0	挥动此剑的时候，剑身和空气摩擦会产生电光	1300	0	0	0	2	0	0	374	802	110	150	-500	-500	11	1	46	100	13	18	2	0	0	0	2	0	0	0
1232020402	极品雷光剑+2	36	0	4	2	3937	0		0	挥动此剑的时候，剑身和空气摩擦会产生电光	1400	0	0	0	2	0	0	400	828	120	160	-500	-500	12	1	50	103	15	20	2	0	0	0	2	0	0	0
1232020403	极品雷光剑+3	36	2	4	2	3937	0		0	挥动此剑的时候，剑身和空气摩擦会产生电光	1500	0	0	0	2	0	0	426	854	130	170	-500	-500	13	1	53	106	16	21	2	0	0	0	2	0	0	0
1232020404	极品雷光剑+4	36	2	4	2	3937	0		0	挥动此剑的时候，剑身和空气摩擦会产生电光	1600	0	0	0	2	0	0	452	880	140	180	-500	-500	14	1	56	110	17	22	2	0	0	0	2	0	0	0
1232020405	极品雷光剑+5	36	3	4	2	3937	0		0	挥动此剑的时候，剑身和空气摩擦会产生电光	1700	1000	5000	0	2	0	0	478	906	150	190	-500	-500	15	1	59	113	18	23	2	0	0	0	2	0	0	0
1232020406	极品雷光剑+6	36	3	4	2	3937	0		0	挥动此剑的时候，剑身和空气摩擦会产生电光	1800	2000	5000	0	2	0	0	504	932	160	200	-500	-500	16	1	63	116	20	25	2	0	0	0	2	0	0	0
1232020407	极品雷光剑+7	36	3	4	2	3937	0		0	挥动此剑的时候，剑身和空气摩擦会产生电光	1900	3500	5000	0	2	0	0	530	958	170	210	-500	-500	17	1	66	119	21	26	2	0	0	0	2	0	0	0
1232020408	极品雷光剑+8	36	4	4	2	3937	0		0	挥动此剑的时候，剑身和空气摩擦会产生电光	2000	5000	5000	0	2	0	0	556	984	180	220	-500	-500	18	1	69	123	22	27	2	0	0	0	2	0	0	0
1232020409	极品雷光剑+9	36	4	4	2	3937	0		0	挥动此剑的时候，剑身和空气摩擦会产生电光	2100	7000	5000	0	2	0	0	582	1010	190	230	-500	-500	19	1	72	126	23	28	2	0	0	0	2	0	0	0
1232020410	极品雷光剑+10	36	5	4	2	3937	0		0	挥动此剑的时候，剑身和空气摩擦会产生电光	0	10000	5000	0	2	0	0	608	1036	200	240	-500	-500	20	1	76	129	25	30	2	0	0	0	2	0	0	0
1232030400	完美雷光剑	36	0	4	3	1200000	90		0	挥动此剑的时候，剑身和空气摩擦会产生电光	1200	0	0	336	2	0	0	348	776	100	140	-500	-500	10	1	43	97	12	17	2	10	0	0	2	0	0	10
1232030401	完美雷光剑+1	36	0	4	3	1200000	90		0	挥动此剑的时候，剑身和空气摩擦会产生电光	1300	0	0	336	2	0	0	374	802	110	150	-500	-500	11	1	46	100	13	18	2	10	0	0	2	0	0	10
1232030402	完美雷光剑+2	36	0	4	3	1200000	90		0	挥动此剑的时候，剑身和空气摩擦会产生电光	1400	0	0	336	2	0	0	400	828	120	160	-500	-500	12	1	50	103	15	20	2	10	0	0	2	0	0	10
1232030403	完美雷光剑+3	36	3	4	3	1200000	90		0	挥动此剑的时候，剑身和空气摩擦会产生电光	1500	0	0	336	2	0	0	426	854	130	170	-500	-500	13	1	53	106	16	21	2	10	0	0	2	0	0	10
1232030404	完美雷光剑+4	36	3	4	3	1200000	90		0	挥动此剑的时候，剑身和空气摩擦会产生电光	1600	0	0	336	2	0	0	452	880	140	180	-500	-500	14	1	56	110	17	22	2	10	0	0	2	0	0	10
1232030405	完美雷光剑+5	36	4	4	3	1200000	90		0	挥动此剑的时候，剑身和空气摩擦会产生电光	1700	0	0	336	2	0	0	478	906	150	190	-500	-500	15	1	59	113	18	23	2	10	0	0	2	0	0	10
1232030406	完美雷光剑+6	36	4	4	3	1200000	90		0	挥动此剑的时候，剑身和空气摩擦会产生电光	1800	0	0	336	2	0	0	504	932	160	200	-500	-500	16	1	63	116	20	25	2	10	0	0	2	0	0	10
1232030407	完美雷光剑+7	36	4	4	3	1200000	90		0	挥动此剑的时候，剑身和空气摩擦会产生电光	1900	1000	6000	336	2	0	0	530	958	170	210	-500	-500	17	1	66	119	21	26	2	10	0	0	2	0	0	10
1232030408	完美雷光剑+8	36	5	4	3	1200000	90		0	挥动此剑的时候，剑身和空气摩擦会产生电光	2000	2000	6000	336	2	0	0	556	984	180	220	-500	-500	18	1	69	123	22	27	2	10	0	0	2	0	0	10
1232030409	完美雷光剑+9	36	5	4	3	1200000	90		0	挥动此剑的时候，剑身和空气摩擦会产生电光	2100	3000	6000	336	2	0	0	582	1010	190	230	-500	-500	19	1	72	126	23	28	2	10	0	0	2	0	0	10
1232030410	完美雷光剑+10	36	6	4	3	1200000	90		0	挥动此剑的时候，剑身和空气摩擦会产生电光	0	4000	6000	336	2	0	0	608	1036	200	240	-500	-500	20	1	76	129	25	30	2	10	0	0	2	0	0	10
1232040400	神品雷光剑	36	0	4	4	2000000	150		0	挥动此剑的时候，剑身和空气摩擦会产生电光	1200	0	0	560	2	0	0	348	776	100	140	-500	-500	10	1	43	97	12	17	2	10	10	10	2	10	10	10
1232040401	神品雷光剑+1	36	0	4	4	2000000	150		0	挥动此剑的时候，剑身和空气摩擦会产生电光	1300	0	0	560	2	0	0	374	802	110	150	-500	-500	11	1	46	100	13	18	2	10	10	10	2	10	10	10
1232040402	神品雷光剑+2	36	0	4	4	2000000	150		0	挥动此剑的时候，剑身和空气摩擦会产生电光	1400	0	0	560	2	0	0	400	828	120	160	-500	-500	12	1	50	103	15	20	2	10	10	10	2	10	10	10
1232040403	神品雷光剑+3	36	4	4	4	2000000	150		0	挥动此剑的时候，剑身和空气摩擦会产生电光	1500	0	0	560	2	0	0	426	854	130	170	-500	-500	13	1	53	106	16	21	2	10	10	10	2	10	10	10
1232040404	神品雷光剑+4	36	4	4	4	2000000	150		0	挥动此剑的时候，剑身和空气摩擦会产生电光	1600	0	0	560	2	0	0	452	880	140	180	-500	-500	14	1	56	110	17	22	2	10	10	10	2	10	10	10
1232040405	神品雷光剑+5	36	5	4	4	2000000	150		0	挥动此剑的时候，剑身和空气摩擦会产生电光	1700	0	0	560	2	0	0	478	906	150	190	-500	-500	15	1	59	113	18	23	2	10	10	10	2	10	10	10
1232040406	神品雷光剑+6	36	5	4	4	2000000	150		0	挥动此剑的时候，剑身和空气摩擦会产生电光	1800	0	0	560	2	0	0	504	932	160	200	-500	-500	16	1	63	116	20	25	2	10	10	10	2	10	10	10
1232040407	神品雷光剑+7	36	5	4	4	2000000	150		0	挥动此剑的时候，剑身和空气摩擦会产生电光	1900	0	0	560	2	0	0	530	958	170	210	-500	-500	17	1	66	119	21	26	2	10	10	10	2	10	10	10
1232040408	神品雷光剑+8	36	6	4	4	2000000	150		0	挥动此剑的时候，剑身和空气摩擦会产生电光	2000	0	0	560	2	0	0	556	984	180	220	-500	-500	18	1	69	123	22	27	2	10	10	10	2	10	10	10
1232040409	神品雷光剑+9	36	6	4	4	2000000	150		0	挥动此剑的时候，剑身和空气摩擦会产生电光	2100	0	0	560	2	0	0	582	1010	190	230	-500	-500	19	1	72	126	23	28	2	10	10	10	2	10	10	10
1232040410	神品雷光剑+10	36	7	4	4	2000000	150		0	挥动此剑的时候，剑身和空气摩擦会产生电光	0	0	0	560	2	0	0	608	1036	200	240	-500	-500	20	1	76	129	25	30	2	10	10	10	2	10	10	10
1232000500	破军剑	48	0	5	0	4921	0		0	极为锋利的剑，杀敌破军	1600	0	0	0	2	0	0	466	1020	142	178	-500	-500	15	1	0	0	0	0	0	0	0	0	0	0	0	0
1232000501	破军剑+1	48	0	5	0	4921	0		0	极为锋利的剑，杀敌破军	1800	0	0	0	2	0	0	492	1046	152	188	-500	-500	16	1	0	0	0	0	0	0	0	0	0	0	0	0
1232000502	破军剑+2	48	0	5	0	4921	0		0	极为锋利的剑，杀敌破军	2000	0	0	0	2	0	0	518	1072	162	198	-500	-500	17	1	0	0	0	0	0	0	0	0	0	0	0	0
1232000503	破军剑+3	48	0	5	0	4921	0		0	极为锋利的剑，杀敌破军	2200	9000	5000	0	2	0	0	544	1098	172	208	-500	-500	18	1	0	0	0	0	0	0	0	0	0	0	0	0
1232000504	破军剑+4	48	0	5	0	4921	0		0	极为锋利的剑，杀敌破军	2400	10000	5000	0	2	0	0	570	1124	182	218	-500	-500	19	1	0	0	0	0	0	0	0	0	0	0	0	0
1232000505	破军剑+5	48	0	5	0	4921	0		0	极为锋利的剑，杀敌破军	2600	10000	5000	0	2	0	0	596	1150	192	228	-500	-500	20	1	0	0	0	0	0	0	0	0	0	0	0	0
1232000506	破军剑+6	48	0	5	0	4921	0		0	极为锋利的剑，杀敌破军	2800	10000	5000	0	2	0	0	622	1176	202	238	-500	-500	21	1	0	0	0	0	0	0	0	0	0	0	0	0
1232000507	破军剑+7	48	0	5	0	4921	0		0	极为锋利的剑，杀敌破军	3000	10000	5000	0	2	0	0	648	1202	212	248	-500	-500	22	1	0	0	0	0	0	0	0	0	0	0	0	0
1232000508	破军剑+8	48	0	5	0	4921	0		0	极为锋利的剑，杀敌破军	3200	10000	5000	0	2	0	0	674	1228	222	258	-500	-500	23	1	0	0	0	0	0	0	0	0	0	0	0	0
1232000509	破军剑+9	48	0	5	0	4921	0		0	极为锋利的剑，杀敌破军	3400	10000	5000	0	2	0	0	700	1254	232	268	-500	-500	24	1	0	0	0	0	0	0	0	0	0	0	0	0
1232000510	破军剑+10	48	0	5	0	4921	0		0	极为锋利的剑，杀敌破军	0	10000	5000	0	2	0	0	726	1280	242	278	-500	-500	25	1	0	0	0	0	0	0	0	0	0	0	0	0
1232010500	精品破军剑	48	0	5	1	4921	0		0	极为锋利的剑，杀敌破军	1600	0	0	0	2	0	0	466	1020	142	178	-500	-500	15	1	58	127	0	0	0	0	0	0	0	0	0	0
1232010501	精品破军剑+1	48	0	5	1	4921	0		0	极为锋利的剑，杀敌破军	1800	0	0	0	2	0	0	492	1046	152	188	-500	-500	16	1	61	130	0	0	0	0	0	0	0	0	0	0
1232010502	精品破军剑+2	48	0	5	1	4921	0		0	极为锋利的剑，杀敌破军	2000	0	0	0	2	0	0	518	1072	162	198	-500	-500	17	1	64	134	0	0	0	0	0	0	0	0	0	0
1232010503	精品破军剑+3	48	1	5	1	4921	0		0	极为锋利的剑，杀敌破军	2200	0	0	0	2	0	0	544	1098	172	208	-500	-500	18	1	68	137	0	0	0	0	0	0	0	0	0	0
1232010504	精品破军剑+4	48	1	5	1	4921	0		0	极为锋利的剑，杀敌破军	2400	1000	6000	0	2	0	0	570	1124	182	218	-500	-500	19	1	71	140	0	0	0	0	0	0	0	0	0	0
1232010505	精品破军剑+5	48	2	5	1	4921	0		0	极为锋利的剑，杀敌破军	2600	3000	6000	0	2	0	0	596	1150	192	228	-500	-500	20	1	74	143	0	0	0	0	0	0	0	0	0	0
1232010506	精品破军剑+6	48	2	5	1	4921	0		0	极为锋利的剑，杀敌破军	2800	5000	6000	0	2	0	0	622	1176	202	238	-500	-500	21	1	77	147	0	0	0	0	0	0	0	0	0	0
1232010507	精品破军剑+7	48	2	5	1	4921	0		0	极为锋利的剑，杀敌破军	3000	7000	6000	0	2	0	0	648	1202	212	248	-500	-500	22	1	81	150	0	0	0	0	0	0	0	0	0	0
1232010508	精品破军剑+8	48	3	5	1	4921	0		0	极为锋利的剑，杀敌破军	3200	8000	6000	0	2	0	0	674	1228	222	258	-500	-500	23	1	84	153	0	0	0	0	0	0	0	0	0	0
1232010509	精品破军剑+9	48	3	5	1	4921	0		0	极为锋利的剑，杀敌破军	3400	9000	6000	0	2	0	0	700	1254	232	268	-500	-500	24	1	87	156	0	0	0	0	0	0	0	0	0	0
1232010510	精品破军剑+10	48	4	5	1	4921	0		0	极为锋利的剑，杀敌破军	0	10000	6000	0	2	0	0	726	1280	242	278	-500	-500	25	1	90	160	0	0	0	0	0	0	0	0	0	0
1232020500	极品破军剑	48	0	5	2	4921	0		0	极为锋利的剑，杀敌破军	1600	0	0	0	2	0	0	466	1020	142	178	-500	-500	15	1	58	127	17	22	2	0	0	0	2	0	0	0
1232020501	极品破军剑+1	48	0	5	2	4921	0		0	极为锋利的剑，杀敌破军	1800	0	0	0	2	0	0	492	1046	152	188	-500	-500	16	1	61	130	19	23	2	0	0	0	2	0	0	0
1232020502	极品破军剑+2	48	0	5	2	4921	0		0	极为锋利的剑，杀敌破军	2000	0	0	0	2	0	0	518	1072	162	198	-500	-500	17	1	64	134	20	24	2	0	0	0	2	0	0	0
1232020503	极品破军剑+3	48	2	5	2	4921	0		0	极为锋利的剑，杀敌破军	2200	0	0	0	2	0	0	544	1098	172	208	-500	-500	18	1	68	137	21	26	2	0	0	0	2	0	0	0
1232020504	极品破军剑+4	48	2	5	2	4921	0		0	极为锋利的剑，杀敌破军	2400	0	0	0	2	0	0	570	1124	182	218	-500	-500	19	1	71	140	22	27	2	0	0	0	2	0	0	0
1232020505	极品破军剑+5	48	3	5	2	4921	0		0	极为锋利的剑，杀敌破军	2600	1000	7000	0	2	0	0	596	1150	192	228	-500	-500	20	1	74	143	24	28	2	0	0	0	2	0	0	0
1232020506	极品破军剑+6	48	3	5	2	4921	0		0	极为锋利的剑，杀敌破军	2800	2000	7000	0	2	0	0	622	1176	202	238	-500	-500	21	1	77	147	25	29	2	0	0	0	2	0	0	0
1232020507	极品破军剑+7	48	3	5	2	4921	0		0	极为锋利的剑，杀敌破军	3000	3000	7000	0	2	0	0	648	1202	212	248	-500	-500	22	1	81	150	26	31	2	0	0	0	2	0	0	0
1232020508	极品破军剑+8	48	4	5	2	4921	0		0	极为锋利的剑，杀敌破军	3200	4000	7000	0	2	0	0	674	1228	222	258	-500	-500	23	1	84	153	27	32	2	0	0	0	2	0	0	0
1232020509	极品破军剑+9	48	4	5	2	4921	0		0	极为锋利的剑，杀敌破军	3400	5000	7000	0	2	0	0	700	1254	232	268	-500	-500	24	1	87	156	29	33	2	0	0	0	2	0	0	0
1232020510	极品破军剑+10	48	5	5	2	4921	0		0	极为锋利的剑，杀敌破军	0	6000	7000	0	2	0	0	726	1280	242	278	-500	-500	25	1	90	160	30	34	2	0	0	0	2	0	0	0
1232030500	完美破军剑	48	0	5	3	2040000	112		0	极为锋利的剑，杀敌破军	1600	0	0	432	2	0	0	466	1020	142	178	-500	-500	15	1	58	127	17	22	2	10	0	0	2	0	0	10
1232030501	完美破军剑+1	48	0	5	3	2040000	112		0	极为锋利的剑，杀敌破军	1800	0	0	432	2	0	0	492	1046	152	188	-500	-500	16	1	61	130	19	23	2	10	0	0	2	0	0	10
1232030502	完美破军剑+2	48	0	5	3	2040000	112		0	极为锋利的剑，杀敌破军	2000	0	0	432	2	0	0	518	1072	162	198	-500	-500	17	1	64	134	20	24	2	10	0	0	2	0	0	10
1232030503	完美破军剑+3	48	3	5	3	2040000	112		0	极为锋利的剑，杀敌破军	2200	0	0	432	2	0	0	544	1098	172	208	-500	-500	18	1	68	137	21	26	2	10	0	0	2	0	0	10
1232030504	完美破军剑+4	48	3	5	3	2040000	112		0	极为锋利的剑，杀敌破军	2400	0	0	432	2	0	0	570	1124	182	218	-500	-500	19	1	71	140	22	27	2	10	0	0	2	0	0	10
1232030505	完美破军剑+5	48	4	5	3	2040000	112		0	极为锋利的剑，杀敌破军	2600	0	0	432	2	0	0	596	1150	192	228	-500	-500	20	1	74	143	24	28	2	10	0	0	2	0	0	10
1232030506	完美破军剑+6	48	4	5	3	2040000	112		0	极为锋利的剑，杀敌破军	2800	0	0	432	2	0	0	622	1176	202	238	-500	-500	21	1	77	147	25	29	2	10	0	0	2	0	0	10
1232030507	完美破军剑+7	48	4	5	3	2040000	112		0	极为锋利的剑，杀敌破军	3000	100	8000	432	2	0	0	648	1202	212	248	-500	-500	22	1	81	150	26	31	2	10	0	0	2	0	0	10
1232030508	完美破军剑+8	48	5	5	3	2040000	112		0	极为锋利的剑，杀敌破军	3200	600	8000	432	2	0	0	674	1228	222	258	-500	-500	23	1	84	153	27	32	2	10	0	0	2	0	0	10
1232030509	完美破军剑+9	48	5	5	3	2040000	112		0	极为锋利的剑，杀敌破军	3400	1100	8000	432	2	0	0	700	1254	232	268	-500	-500	24	1	87	156	29	33	2	10	0	0	2	0	0	10
1232030510	完美破军剑+10	48	6	5	3	2040000	112		0	极为锋利的剑，杀敌破军	0	1600	8000	432	2	0	0	726	1280	242	278	-500	-500	25	1	90	160	30	34	2	10	0	0	2	0	0	10
1232040500	神品破军剑	48	0	5	4	3400000	187		0	极为锋利的剑，杀敌破军	1600	0	0	720	2	0	0	466	1020	142	178	-500	-500	15	1	58	127	17	22	2	10	10	10	2	10	10	10
1232040501	神品破军剑+1	48	0	5	4	3400000	187		0	极为锋利的剑，杀敌破军	1800	0	0	720	2	0	0	492	1046	152	188	-500	-500	16	1	61	130	19	23	2	10	10	10	2	10	10	10
1232040502	神品破军剑+2	48	0	5	4	3400000	187		0	极为锋利的剑，杀敌破军	2000	0	0	720	2	0	0	518	1072	162	198	-500	-500	17	1	64	134	20	24	2	10	10	10	2	10	10	10
1232040503	神品破军剑+3	48	4	5	4	3400000	187		0	极为锋利的剑，杀敌破军	2200	0	0	720	2	0	0	544	1098	172	208	-500	-500	18	1	68	137	21	26	2	10	10	10	2	10	10	10
1232040504	神品破军剑+4	48	4	5	4	3400000	187		0	极为锋利的剑，杀敌破军	2400	0	0	720	2	0	0	570	1124	182	218	-500	-500	19	1	71	140	22	27	2	10	10	10	2	10	10	10
1232040505	神品破军剑+5	48	5	5	4	3400000	187		0	极为锋利的剑，杀敌破军	2600	0	0	720	2	0	0	596	1150	192	228	-500	-500	20	1	74	143	24	28	2	10	10	10	2	10	10	10
1232040506	神品破军剑+6	48	5	5	4	3400000	187		0	极为锋利的剑，杀敌破军	2800	0	0	720	2	0	0	622	1176	202	238	-500	-500	21	1	77	147	25	29	2	10	10	10	2	10	10	10
1232040507	神品破军剑+7	48	5	5	4	3400000	187		0	极为锋利的剑，杀敌破军	3000	0	0	720	2	0	0	648	1202	212	248	-500	-500	22	1	81	150	26	31	2	10	10	10	2	10	10	10
1232040508	神品破军剑+8	48	6	5	4	3400000	187		0	极为锋利的剑，杀敌破军	3200	0	0	720	2	0	0	674	1228	222	258	-500	-500	23	1	84	153	27	32	2	10	10	10	2	10	10	10
1232040509	神品破军剑+9	48	6	5	4	3400000	187		0	极为锋利的剑，杀敌破军	3400	0	0	720	2	0	0	700	1254	232	268	-500	-500	24	1	87	156	29	33	2	10	10	10	2	10	10	10
1232040510	神品破军剑+10	48	7	5	4	3400000	187		0	极为锋利的剑，杀敌破军	0	0	0	720	2	0	0	726	1280	242	278	-500	-500	25	1	90	160	30	34	2	10	10	10	2	10	10	10
1232000600	杀戮之剑	60	0	6	0	7382	0		0	经过千百战争的血腥之剑	2200	0	0	0	2	0	0	592	1344	172	238	-500	-500	16	1	0	0	0	0	0	0	0	0	0	0	0	0
1232000601	杀戮之剑+1	60	0	6	0	7382	0		0	经过千百战争的血腥之剑	2400	0	0	0	2	0	0	620	1372	184	250	-500	-500	17	1	0	0	0	0	0	0	0	0	0	0	0	0
1232000602	杀戮之剑+2	60	0	6	0	7382	0		0	经过千百战争的血腥之剑	2600	0	0	0	2	0	0	648	1400	196	262	-500	-500	18	1	0	0	0	0	0	0	0	0	0	0	0	0
1232000603	杀戮之剑+3	60	0	6	0	7382	0		0	经过千百战争的血腥之剑	2800	9000	7000	0	2	0	0	676	1428	208	274	-500	-500	19	1	0	0	0	0	0	0	0	0	0	0	0	0
1232000604	杀戮之剑+4	60	0	6	0	7382	0		0	经过千百战争的血腥之剑	3000	10000	7000	0	2	0	0	704	1456	220	286	-500	-500	20	1	0	0	0	0	0	0	0	0	0	0	0	0
1232000605	杀戮之剑+5	60	0	6	0	7382	0		0	经过千百战争的血腥之剑	3200	10000	7000	0	2	0	0	732	1484	232	298	-500	-500	21	1	0	0	0	0	0	0	0	0	0	0	0	0
1232000606	杀戮之剑+6	60	0	6	0	7382	0		0	经过千百战争的血腥之剑	3400	10000	7000	0	2	0	0	760	1512	244	310	-500	-500	22	1	0	0	0	0	0	0	0	0	0	0	0	0
1232000607	杀戮之剑+7	60	0	6	0	7382	0		0	经过千百战争的血腥之剑	3600	10000	7000	0	2	0	0	788	1540	256	322	-500	-500	23	1	0	0	0	0	0	0	0	0	0	0	0	0
1232000608	杀戮之剑+8	60	0	6	0	7382	0		0	经过千百战争的血腥之剑	3800	10000	7000	0	2	0	0	816	1568	268	334	-500	-500	24	1	0	0	0	0	0	0	0	0	0	0	0	0
1232000609	杀戮之剑+9	60	0	6	0	7382	0		0	经过千百战争的血腥之剑	4000	10000	7000	0	2	0	0	844	1596	280	346	-500	-500	25	1	0	0	0	0	0	0	0	0	0	0	0	0
1232000610	杀戮之剑+10	60	0	6	0	7382	0		0	经过千百战争的血腥之剑	0	10000	7000	0	2	0	0	872	1624	292	358	-500	-500	26	1	0	0	0	0	0	0	0	0	0	0	0	0
1232010600	精品杀戮之剑	60	0	6	1	7382	0		0	经过千百战争的血腥之剑	2200	0	0	0	2	0	0	592	1344	172	238	-500	-500	16	1	74	168	0	0	0	0	0	0	0	0	0	0
1232010601	精品杀戮之剑+1	60	0	6	1	7382	0		0	经过千百战争的血腥之剑	2400	0	0	0	2	0	0	620	1372	184	250	-500	-500	17	1	77	171	0	0	0	0	0	0	0	0	0	0
1232010602	精品杀戮之剑+2	60	0	6	1	7382	0		0	经过千百战争的血腥之剑	2600	0	0	0	2	0	0	648	1400	196	262	-500	-500	18	1	81	175	0	0	0	0	0	0	0	0	0	0
1232010603	精品杀戮之剑+3	60	1	6	1	7382	0		0	经过千百战争的血腥之剑	2800	0	0	0	2	0	0	676	1428	208	274	-500	-500	19	1	84	178	0	0	0	0	0	0	0	0	0	0
1232010604	精品杀戮之剑+4	60	1	6	1	7382	0		0	经过千百战争的血腥之剑	3000	1000	9000	0	2	0	0	704	1456	220	286	-500	-500	20	1	88	182	0	0	0	0	0	0	0	0	0	0
1232010605	精品杀戮之剑+5	60	2	6	1	7382	0		0	经过千百战争的血腥之剑	3200	3000	9000	0	2	0	0	732	1484	232	298	-500	-500	21	1	91	185	0	0	0	0	0	0	0	0	0	0
1232010606	精品杀戮之剑+6	60	2	6	1	7382	0		0	经过千百战争的血腥之剑	3400	5000	9000	0	2	0	0	760	1512	244	310	-500	-500	22	1	95	189	0	0	0	0	0	0	0	0	0	0
1232010607	精品杀戮之剑+7	60	2	6	1	7382	0		0	经过千百战争的血腥之剑	3600	7000	9000	0	2	0	0	788	1540	256	322	-500	-500	23	1	98	192	0	0	0	0	0	0	0	0	0	0
1232010608	精品杀戮之剑+8	60	3	6	1	7382	0		0	经过千百战争的血腥之剑	3800	8000	9000	0	2	0	0	816	1568	268	334	-500	-500	24	1	102	196	0	0	0	0	0	0	0	0	0	0
1232010609	精品杀戮之剑+9	60	3	6	1	7382	0		0	经过千百战争的血腥之剑	4000	9000	9000	0	2	0	0	844	1596	280	346	-500	-500	25	1	105	199	0	0	0	0	0	0	0	0	0	0
1232010610	精品杀戮之剑+10	60	4	6	1	7382	0		0	经过千百战争的血腥之剑	0	10000	9000	0	2	0	0	872	1624	292	358	-500	-500	26	1	109	203	0	0	0	0	0	0	0	0	0	0
1232020600	极品杀戮之剑	60	0	6	2	7382	0		0	经过千百战争的血腥之剑	2200	0	0	0	2	0	0	592	1344	172	238	-500	-500	16	1	74	168	21	29	2	0	0	0	2	0	0	0
1232020601	极品杀戮之剑+1	60	0	6	2	7382	0		0	经过千百战争的血腥之剑	2400	0	0	0	2	0	0	620	1372	184	250	-500	-500	17	1	77	171	23	31	2	0	0	0	2	0	0	0
1232020602	极品杀戮之剑+2	60	0	6	2	7382	0		0	经过千百战争的血腥之剑	2600	0	0	0	2	0	0	648	1400	196	262	-500	-500	18	1	81	175	24	32	2	0	0	0	2	0	0	0
1232020603	极品杀戮之剑+3	60	2	6	2	7382	0		0	经过千百战争的血腥之剑	2800	0	0	0	2	0	0	676	1428	208	274	-500	-500	19	1	84	178	26	34	2	0	0	0	2	0	0	0
1232020604	极品杀戮之剑+4	60	2	6	2	7382	0		0	经过千百战争的血腥之剑	3000	0	0	0	2	0	0	704	1456	220	286	-500	-500	20	1	88	182	27	35	2	0	0	0	2	0	0	0
1232020605	极品杀戮之剑+5	60	3	6	2	7382	0		0	经过千百战争的血腥之剑	3200	1000	11000	0	2	0	0	732	1484	232	298	-500	-500	21	1	91	185	29	37	2	0	0	0	2	0	0	0
1232020606	极品杀戮之剑+6	60	3	6	2	7382	0		0	经过千百战争的血腥之剑	3400	2000	11000	0	2	0	0	760	1512	244	310	-500	-500	22	1	95	189	30	38	2	0	0	0	2	0	0	0
1232020607	极品杀戮之剑+7	60	3	6	2	7382	0		0	经过千百战争的血腥之剑	3600	3000	11000	0	2	0	0	788	1540	256	322	-500	-500	23	1	98	192	32	40	2	0	0	0	2	0	0	0
1232020608	极品杀戮之剑+8	60	4	6	2	7382	0		0	经过千百战争的血腥之剑	3800	4000	11000	0	2	0	0	816	1568	268	334	-500	-500	24	1	102	196	33	41	2	0	0	0	2	0	0	0
1232020609	极品杀戮之剑+9	60	4	6	2	7382	0		0	经过千百战争的血腥之剑	4000	5000	11000	0	2	0	0	844	1596	280	346	-500	-500	25	1	105	199	35	43	2	0	0	0	2	0	0	0
1232020610	极品杀戮之剑+10	60	5	6	2	7382	0		0	经过千百战争的血腥之剑	0	6000	11000	0	2	0	0	872	1624	292	358	-500	-500	26	1	109	203	36	44	2	0	0	0	2	0	0	0
1232030600	完美杀戮之剑	60	0	6	3	3120000	140		0	经过千百战争的血腥之剑	2200	0	0	576	2	0	0	592	1344	172	238	-500	-500	16	1	74	168	21	29	2	10	0	0	2	0	0	10
1232030601	完美杀戮之剑+1	60	0	6	3	3120000	140		0	经过千百战争的血腥之剑	2400	0	0	576	2	0	0	620	1372	184	250	-500	-500	17	1	77	171	23	31	2	10	0	0	2	0	0	10
1232030602	完美杀戮之剑+2	60	0	6	3	3120000	140		0	经过千百战争的血腥之剑	2600	0	0	576	2	0	0	648	1400	196	262	-500	-500	18	1	81	175	24	32	2	10	0	0	2	0	0	10
1232030603	完美杀戮之剑+3	60	3	6	3	3120000	140		0	经过千百战争的血腥之剑	2800	0	0	576	2	0	0	676	1428	208	274	-500	-500	19	1	84	178	26	34	2	10	0	0	2	0	0	10
1232030604	完美杀戮之剑+4	60	3	6	3	3120000	140		0	经过千百战争的血腥之剑	3000	0	0	576	2	0	0	704	1456	220	286	-500	-500	20	1	88	182	27	35	2	10	0	0	2	0	0	10
1232030605	完美杀戮之剑+5	60	4	6	3	3120000	140		0	经过千百战争的血腥之剑	3200	0	0	576	2	0	0	732	1484	232	298	-500	-500	21	1	91	185	29	37	2	10	0	0	2	0	0	10
1232030606	完美杀戮之剑+6	60	4	6	3	3120000	140		0	经过千百战争的血腥之剑	3400	0	0	576	2	0	0	760	1512	244	310	-500	-500	22	1	95	189	30	38	2	10	0	0	2	0	0	10
1232030607	完美杀戮之剑+7	60	4	6	3	3120000	140		0	经过千百战争的血腥之剑	3600	100	13000	576	2	0	0	788	1540	256	322	-500	-500	23	1	98	192	32	40	2	10	0	0	2	0	0	10
1232030608	完美杀戮之剑+8	60	5	6	3	3120000	140		0	经过千百战争的血腥之剑	3800	200	13000	576	2	0	0	816	1568	268	334	-500	-500	24	1	102	196	33	41	2	10	0	0	2	0	0	10
1232030609	完美杀戮之剑+9	60	5	6	3	3120000	140		0	经过千百战争的血腥之剑	4000	300	13000	576	2	0	0	844	1596	280	346	-500	-500	25	1	105	199	35	43	2	10	0	0	2	0	0	10
1232030610	完美杀戮之剑+10	60	6	6	3	3120000	140		0	经过千百战争的血腥之剑	0	400	13000	576	2	0	0	872	1624	292	358	-500	-500	26	1	109	203	36	44	2	10	0	0	2	0	0	10
1232040600	神品杀戮之剑	60	0	6	4	5200000	234		0	经过千百战争的血腥之剑	2200	0	0	960	2	0	0	592	1344	172	238	-500	-500	16	1	74	168	21	29	2	10	10	10	2	10	10	10
1232040601	神品杀戮之剑+1	60	0	6	4	5200000	234		0	经过千百战争的血腥之剑	2400	0	0	960	2	0	0	620	1372	184	250	-500	-500	17	1	77	171	23	31	2	10	10	10	2	10	10	10
1232040602	神品杀戮之剑+2	60	0	6	4	5200000	234		0	经过千百战争的血腥之剑	2600	0	0	960	2	0	0	648	1400	196	262	-500	-500	18	1	81	175	24	32	2	10	10	10	2	10	10	10
1232040603	神品杀戮之剑+3	60	4	6	4	5200000	234		0	经过千百战争的血腥之剑	2800	0	0	960	2	0	0	676	1428	208	274	-500	-500	19	1	84	178	26	34	2	10	10	10	2	10	10	10
1232040604	神品杀戮之剑+4	60	4	6	4	5200000	234		0	经过千百战争的血腥之剑	3000	0	0	960	2	0	0	704	1456	220	286	-500	-500	20	1	88	182	27	35	2	10	10	10	2	10	10	10
1232040605	神品杀戮之剑+5	60	5	6	4	5200000	234		0	经过千百战争的血腥之剑	3200	0	0	960	2	0	0	732	1484	232	298	-500	-500	21	1	91	185	29	37	2	10	10	10	2	10	10	10
1232040606	神品杀戮之剑+6	60	5	6	4	5200000	234		0	经过千百战争的血腥之剑	3400	0	0	960	2	0	0	760	1512	244	310	-500	-500	22	1	95	189	30	38	2	10	10	10	2	10	10	10
1232040607	神品杀戮之剑+7	60	5	6	4	5200000	234		0	经过千百战争的血腥之剑	3600	0	0	960	2	0	0	788	1540	256	322	-500	-500	23	1	98	192	32	40	2	10	10	10	2	10	10	10
1232040608	神品杀戮之剑+8	60	6	6	4	5200000	234		0	经过千百战争的血腥之剑	3800	0	0	960	2	0	0	816	1568	268	334	-500	-500	24	1	102	196	33	41	2	10	10	10	2	10	10	10
1232040609	神品杀戮之剑+9	60	6	6	4	5200000	234		0	经过千百战争的血腥之剑	4000	0	0	960	2	0	0	844	1596	280	346	-500	-500	25	1	105	199	35	43	2	10	10	10	2	10	10	10
1232040610	神品杀戮之剑+10	60	7	6	4	5200000	234		0	经过千百战争的血腥之剑	0	0	0	960	2	0	0	872	1624	292	358	-500	-500	26	1	109	203	36	44	2	10	10	10	2	10	10	10
1232000700	尖啸之剑	72	0	7	0	8859	0		0	此剑挥舞之中有着尖锐声响	3000	0	0	0	2	0	0	696	1700	222	274	-500	-500	22	1	0	0	0	0	0	0	0	0	0	0	0	0
1232000701	尖啸之剑+1	72	0	7	0	8859	0		0	此剑挥舞之中有着尖锐声响	3500	0	0	0	2	0	0	724	1728	234	286	-500	-500	23	1	0	0	0	0	0	0	0	0	0	0	0	0
1232000702	尖啸之剑+2	72	0	7	0	8859	0		0	此剑挥舞之中有着尖锐声响	4000	0	0	0	2	0	0	752	1756	246	298	-500	-500	24	1	0	0	0	0	0	0	0	0	0	0	0	0
1232000703	尖啸之剑+3	72	0	7	0	8859	0		0	此剑挥舞之中有着尖锐声响	4500	7500	11000	0	2	0	0	780	1784	258	310	-500	-500	25	1	0	0	0	0	0	0	0	0	0	0	0	0
1232000704	尖啸之剑+4	72	0	7	0	8859	0		0	此剑挥舞之中有着尖锐声响	5000	8500	11000	0	2	0	0	808	1812	270	322	-500	-500	26	1	0	0	0	0	0	0	0	0	0	0	0	0
1232000705	尖啸之剑+5	72	0	7	0	8859	0		0	此剑挥舞之中有着尖锐声响	5500	9500	11000	0	2	0	0	836	1840	282	334	-500	-500	27	1	0	0	0	0	0	0	0	0	0	0	0	0
1232000706	尖啸之剑+6	72	0	7	0	8859	0		0	此剑挥舞之中有着尖锐声响	6000	10000	11000	0	2	0	0	864	1868	294	346	-500	-500	28	1	0	0	0	0	0	0	0	0	0	0	0	0
1232000707	尖啸之剑+7	72	0	7	0	8859	0		0	此剑挥舞之中有着尖锐声响	6500	10000	11000	0	2	0	0	892	1896	306	358	-500	-500	29	1	0	0	0	0	0	0	0	0	0	0	0	0
1232000708	尖啸之剑+8	72	0	7	0	8859	0		0	此剑挥舞之中有着尖锐声响	7000	10000	11000	0	2	0	0	920	1924	318	370	-500	-500	30	1	0	0	0	0	0	0	0	0	0	0	0	0
1232000709	尖啸之剑+9	72	0	7	0	8859	0		0	此剑挥舞之中有着尖锐声响	7500	10000	11000	0	2	0	0	948	1952	330	382	-500	-500	31	1	0	0	0	0	0	0	0	0	0	0	0	0
1232000710	尖啸之剑+10	72	0	7	0	8859	0		0	此剑挥舞之中有着尖锐声响	0	10000	11000	0	2	0	0	976	1980	342	394	-500	-500	32	1	0	0	0	0	0	0	0	0	0	0	0	0
1232010700	精品尖啸之剑	72	0	7	1	8859	0		0	此剑挥舞之中有着尖锐声响	3000	0	0	0	2	0	0	696	1700	222	274	-500	-500	22	1	87	212	0	0	0	0	0	0	0	0	0	0
1232010701	精品尖啸之剑+1	72	0	7	1	8859	0		0	此剑挥舞之中有着尖锐声响	3500	0	0	0	2	0	0	724	1728	234	286	-500	-500	23	1	90	216	0	0	0	0	0	0	0	0	0	0
1232010702	精品尖啸之剑+2	72	0	7	1	8859	0		0	此剑挥舞之中有着尖锐声响	4000	0	0	0	2	0	0	752	1756	246	298	-500	-500	24	1	94	219	0	0	0	0	0	0	0	0	0	0
1232010703	精品尖啸之剑+3	72	1	7	1	8859	0		0	此剑挥舞之中有着尖锐声响	4500	0	0	0	2	0	0	780	1784	258	310	-500	-500	25	1	97	223	0	0	0	0	0	0	0	0	0	0
1232010704	精品尖啸之剑+4	72	1	7	1	8859	0		0	此剑挥舞之中有着尖锐声响	5000	1000	13000	0	2	0	0	808	1812	270	322	-500	-500	26	1	101	226	0	0	0	0	0	0	0	0	0	0
1232010705	精品尖啸之剑+5	72	2	7	1	8859	0		0	此剑挥舞之中有着尖锐声响	5500	3000	13000	0	2	0	0	836	1840	282	334	-500	-500	27	1	104	230	0	0	0	0	0	0	0	0	0	0
1232010706	精品尖啸之剑+6	72	2	7	1	8859	0		0	此剑挥舞之中有着尖锐声响	6000	5000	13000	0	2	0	0	864	1868	294	346	-500	-500	28	1	108	233	0	0	0	0	0	0	0	0	0	0
1232010707	精品尖啸之剑+7	72	2	7	1	8859	0		0	此剑挥舞之中有着尖锐声响	6500	7000	13000	0	2	0	0	892	1896	306	358	-500	-500	29	1	111	237	0	0	0	0	0	0	0	0	0	0
1232010708	精品尖啸之剑+8	72	3	7	1	8859	0		0	此剑挥舞之中有着尖锐声响	7000	8000	13000	0	2	0	0	920	1924	318	370	-500	-500	30	1	115	240	0	0	0	0	0	0	0	0	0	0
1232010709	精品尖啸之剑+9	72	3	7	1	8859	0		0	此剑挥舞之中有着尖锐声响	7500	9000	13000	0	2	0	0	948	1952	330	382	-500	-500	31	1	118	244	0	0	0	0	0	0	0	0	0	0
1232010710	精品尖啸之剑+10	72	4	7	1	8859	0		0	此剑挥舞之中有着尖锐声响	0	10000	13000	0	2	0	0	976	1980	342	394	-500	-500	32	1	122	247	0	0	0	0	0	0	0	0	0	0
1232020700	极品尖啸之剑	72	0	7	2	8859	0		0	此剑挥舞之中有着尖锐声响	3000	0	0	0	2	0	0	696	1700	222	274	-500	-500	22	1	87	212	27	34	2	0	0	0	2	0	0	0
1232020701	极品尖啸之剑+1	72	0	7	2	8859	0		0	此剑挥舞之中有着尖锐声响	3500	0	0	0	2	0	0	724	1728	234	286	-500	-500	23	1	90	216	29	35	2	0	0	0	2	0	0	0
1232020702	极品尖啸之剑+2	72	0	7	2	8859	0		0	此剑挥舞之中有着尖锐声响	4000	0	0	0	2	0	0	752	1756	246	298	-500	-500	24	1	94	219	30	37	2	0	0	0	2	0	0	0
1232020703	极品尖啸之剑+3	72	2	7	2	8859	0		0	此剑挥舞之中有着尖锐声响	4500	0	0	0	2	0	0	780	1784	258	310	-500	-500	25	1	97	223	32	38	2	0	0	0	2	0	0	0
1232020704	极品尖啸之剑+4	72	2	7	2	8859	0		0	此剑挥舞之中有着尖锐声响	5000	0	0	0	2	0	0	808	1812	270	322	-500	-500	26	1	101	226	33	40	2	0	0	0	2	0	0	0
1232020705	极品尖啸之剑+5	72	3	7	2	8859	0		0	此剑挥舞之中有着尖锐声响	5500	500	15000	0	2	0	0	836	1840	282	334	-500	-500	27	1	104	230	35	41	2	0	0	0	2	0	0	0
1232020706	极品尖啸之剑+6	72	3	7	2	8859	0		0	此剑挥舞之中有着尖锐声响	6000	700	15000	0	2	0	0	864	1868	294	346	-500	-500	28	1	108	233	36	43	2	0	0	0	2	0	0	0
1232020707	极品尖啸之剑+7	72	3	7	2	8859	0		0	此剑挥舞之中有着尖锐声响	6500	900	15000	0	2	0	0	892	1896	306	358	-500	-500	29	1	111	237	38	44	2	0	0	0	2	0	0	0
1232020708	极品尖啸之剑+8	72	4	7	2	8859	0		0	此剑挥舞之中有着尖锐声响	7000	1100	15000	0	2	0	0	920	1924	318	370	-500	-500	30	1	115	240	39	46	2	0	0	0	2	0	0	0
1232020709	极品尖啸之剑+9	72	4	7	2	8859	0		0	此剑挥舞之中有着尖锐声响	7500	1300	15000	0	2	0	0	948	1952	330	382	-500	-500	31	1	118	244	41	47	2	0	0	0	2	0	0	0
1232020710	极品尖啸之剑+10	72	5	7	2	8859	0		0	此剑挥舞之中有着尖锐声响	0	1500	15000	0	2	0	0	976	1980	342	394	-500	-500	32	1	122	247	42	49	2	0	0	0	2	0	0	0
1232030700	完美尖啸之剑	72	0	7	3	4560000	182		0	此剑挥舞之中有着尖锐声响	3000	0	0	768	2	0	0	696	1700	222	274	-500	-500	22	1	87	212	27	34	2	10	0	0	2	0	0	10
1232030701	完美尖啸之剑+1	72	0	7	3	4560000	182		0	此剑挥舞之中有着尖锐声响	3500	0	0	768	2	0	0	724	1728	234	286	-500	-500	23	1	90	216	29	35	2	10	0	0	2	0	0	10
1232030702	完美尖啸之剑+2	72	0	7	3	4560000	182		0	此剑挥舞之中有着尖锐声响	4000	0	0	768	2	0	0	752	1756	246	298	-500	-500	24	1	94	219	30	37	2	10	0	0	2	0	0	10
1232030703	完美尖啸之剑+3	72	3	7	3	4560000	182		0	此剑挥舞之中有着尖锐声响	4500	0	0	768	2	0	0	780	1784	258	310	-500	-500	25	1	97	223	32	38	2	10	0	0	2	0	0	10
1232030704	完美尖啸之剑+4	72	3	7	3	4560000	182		0	此剑挥舞之中有着尖锐声响	5000	0	0	768	2	0	0	808	1812	270	322	-500	-500	26	1	101	226	33	40	2	10	0	0	2	0	0	10
1232030705	完美尖啸之剑+5	72	4	7	3	4560000	182		0	此剑挥舞之中有着尖锐声响	5500	0	0	768	2	0	0	836	1840	282	334	-500	-500	27	1	104	230	35	41	2	10	0	0	2	0	0	10
1232030706	完美尖啸之剑+6	72	4	7	3	4560000	182		0	此剑挥舞之中有着尖锐声响	6000	0	0	768	2	0	0	864	1868	294	346	-500	-500	28	1	108	233	36	43	2	10	0	0	2	0	0	10
1232030707	完美尖啸之剑+7	72	4	7	3	4560000	182		0	此剑挥舞之中有着尖锐声响	6500	50	17000	768	2	0	0	892	1896	306	358	-500	-500	29	1	111	237	38	44	2	10	0	0	2	0	0	10
1232030708	完美尖啸之剑+8	72	5	7	3	4560000	182		0	此剑挥舞之中有着尖锐声响	7000	150	17000	768	2	0	0	920	1924	318	370	-500	-500	30	1	115	240	39	46	2	10	0	0	2	0	0	10
1232030709	完美尖啸之剑+9	72	5	7	3	4560000	182		0	此剑挥舞之中有着尖锐声响	7500	250	17000	768	2	0	0	948	1952	330	382	-500	-500	31	1	118	244	41	47	2	10	0	0	2	0	0	10
1232030710	完美尖啸之剑+10	72	6	7	3	4560000	182		0	此剑挥舞之中有着尖锐声响	0	350	17000	768	2	0	0	976	1980	342	394	-500	-500	32	1	122	247	42	49	2	10	0	0	2	0	0	10
1232040700	神品尖啸之剑	72	0	7	4	7600000	304		0	此剑挥舞之中有着尖锐声响	3000	0	0	1280	2	0	0	696	1700	222	274	-500	-500	22	1	87	212	27	34	2	10	10	10	2	10	10	10
1232040701	神品尖啸之剑+1	72	0	7	4	7600000	304		0	此剑挥舞之中有着尖锐声响	3500	0	0	1280	2	0	0	724	1728	234	286	-500	-500	23	1	90	216	29	35	2	10	10	10	2	10	10	10
1232040702	神品尖啸之剑+2	72	0	7	4	7600000	304		0	此剑挥舞之中有着尖锐声响	4000	0	0	1280	2	0	0	752	1756	246	298	-500	-500	24	1	94	219	30	37	2	10	10	10	2	10	10	10
1232040703	神品尖啸之剑+3	72	4	7	4	7600000	304		0	此剑挥舞之中有着尖锐声响	4500	0	0	1280	2	0	0	780	1784	258	310	-500	-500	25	1	97	223	32	38	2	10	10	10	2	10	10	10
1232040704	神品尖啸之剑+4	72	4	7	4	7600000	304		0	此剑挥舞之中有着尖锐声响	5000	0	0	1280	2	0	0	808	1812	270	322	-500	-500	26	1	101	226	33	40	2	10	10	10	2	10	10	10
1232040705	神品尖啸之剑+5	72	5	7	4	7600000	304		0	此剑挥舞之中有着尖锐声响	5500	0	0	1280	2	0	0	836	1840	282	334	-500	-500	27	1	104	230	35	41	2	10	10	10	2	10	10	10
1232040706	神品尖啸之剑+6	72	5	7	4	7600000	304		0	此剑挥舞之中有着尖锐声响	6000	0	0	1280	2	0	0	864	1868	294	346	-500	-500	28	1	108	233	36	43	2	10	10	10	2	10	10	10
1232040707	神品尖啸之剑+7	72	5	7	4	7600000	304		0	此剑挥舞之中有着尖锐声响	6500	0	0	1280	2	0	0	892	1896	306	358	-500	-500	29	1	111	237	38	44	2	10	10	10	2	10	10	10
1232040708	神品尖啸之剑+8	72	6	7	4	7600000	304		0	此剑挥舞之中有着尖锐声响	7000	0	0	1280	2	0	0	920	1924	318	370	-500	-500	30	1	115	240	39	46	2	10	10	10	2	10	10	10
1232040709	神品尖啸之剑+9	72	6	7	4	7600000	304		0	此剑挥舞之中有着尖锐声响	7500	0	0	1280	2	0	0	948	1952	330	382	-500	-500	31	1	118	244	41	47	2	10	10	10	2	10	10	10
1232040710	神品尖啸之剑+10	72	7	7	4	7600000	304		0	此剑挥舞之中有着尖锐声响	0	0	0	1280	2	0	0	976	1980	342	394	-500	-500	32	1	122	247	42	49	2	10	10	10	2	10	10	10
1232000800	修罗之剑	84	0	8	0	13288	0		0	用此剑者犹如地狱修罗，十分凶险	4500	0	0	0	2	0	0	830	2090	252	342	-500	-500	24	1	0	0	0	0	0	0	0	0	0	0	0	0
1232000801	修罗之剑+1	84	0	8	0	13288	0		0	用此剑者犹如地狱修罗，十分凶险	5000	0	0	0	2	0	0	858	2118	264	354	-500	-500	25	1	0	0	0	0	0	0	0	0	0	0	0	0
1232000802	修罗之剑+2	84	0	8	0	13288	0		0	用此剑者犹如地狱修罗，十分凶险	5500	0	0	0	2	0	0	886	2146	276	366	-500	-500	26	1	0	0	0	0	0	0	0	0	0	0	0	0
1232000803	修罗之剑+3	84	0	8	0	13288	0		0	用此剑者犹如地狱修罗，十分凶险	6000	7500	15000	0	2	0	0	914	2174	288	378	-500	-500	27	1	0	0	0	0	0	0	0	0	0	0	0	0
1232000804	修罗之剑+4	84	0	8	0	13288	0		0	用此剑者犹如地狱修罗，十分凶险	6500	8500	15000	0	2	0	0	942	2202	300	390	-500	-500	28	1	0	0	0	0	0	0	0	0	0	0	0	0
1232000805	修罗之剑+5	84	0	8	0	13288	0		0	用此剑者犹如地狱修罗，十分凶险	7000	9500	15000	0	2	0	0	970	2230	312	402	-500	-500	29	1	0	0	0	0	0	0	0	0	0	0	0	0
1232000806	修罗之剑+6	84	0	8	0	13288	0		0	用此剑者犹如地狱修罗，十分凶险	7500	10000	15000	0	2	0	0	998	2258	324	414	-500	-500	30	1	0	0	0	0	0	0	0	0	0	0	0	0
1232000807	修罗之剑+7	84	0	8	0	13288	0		0	用此剑者犹如地狱修罗，十分凶险	8000	10000	15000	0	2	0	0	1026	2286	336	426	-500	-500	31	1	0	0	0	0	0	0	0	0	0	0	0	0
1232000808	修罗之剑+8	84	0	8	0	13288	0		0	用此剑者犹如地狱修罗，十分凶险	8500	10000	15000	0	2	0	0	1054	2314	348	438	-500	-500	32	1	0	0	0	0	0	0	0	0	0	0	0	0
1232000809	修罗之剑+9	84	0	8	0	13288	0		0	用此剑者犹如地狱修罗，十分凶险	9000	10000	15000	0	2	0	0	1082	2342	360	450	-500	-500	33	1	0	0	0	0	0	0	0	0	0	0	0	0
1232000810	修罗之剑+10	84	0	8	0	13288	0		0	用此剑者犹如地狱修罗，十分凶险	0	10000	15000	0	2	0	0	1110	2370	372	462	-500	-500	34	1	0	0	0	0	0	0	0	0	0	0	0	0
1232010800	精品修罗之剑	84	0	8	1	13288	0		0	用此剑者犹如地狱修罗，十分凶险	4500	0	0	0	2	0	0	830	2090	252	342	-500	-500	24	1	103	261	0	0	0	0	0	0	0	0	0	0
1232010801	精品修罗之剑+1	84	0	8	1	13288	0		0	用此剑者犹如地狱修罗，十分凶险	5000	0	0	0	2	0	0	858	2118	264	354	-500	-500	25	1	107	264	0	0	0	0	0	0	0	0	0	0
1232010802	精品修罗之剑+2	84	0	8	1	13288	0		0	用此剑者犹如地狱修罗，十分凶险	5500	0	0	0	2	0	0	886	2146	276	366	-500	-500	26	1	110	268	0	0	0	0	0	0	0	0	0	0
1232010803	精品修罗之剑+3	84	1	8	1	13288	0		0	用此剑者犹如地狱修罗，十分凶险	6000	0	0	0	2	0	0	914	2174	288	378	-500	-500	27	1	114	271	0	0	0	0	0	0	0	0	0	0
1232010804	精品修罗之剑+4	84	1	8	1	13288	0		0	用此剑者犹如地狱修罗，十分凶险	6500	1000	18000	0	2	0	0	942	2202	300	390	-500	-500	28	1	117	275	0	0	0	0	0	0	0	0	0	0
1232010805	精品修罗之剑+5	84	2	8	1	13288	0		0	用此剑者犹如地狱修罗，十分凶险	7000	2000	18000	0	2	0	0	970	2230	312	402	-500	-500	29	1	121	278	0	0	0	0	0	0	0	0	0	0
1232010806	精品修罗之剑+6	84	2	8	1	13288	0		0	用此剑者犹如地狱修罗，十分凶险	7500	3000	18000	0	2	0	0	998	2258	324	414	-500	-500	30	1	124	282	0	0	0	0	0	0	0	0	0	0
1232010807	精品修罗之剑+7	84	2	8	1	13288	0		0	用此剑者犹如地狱修罗，十分凶险	8000	4000	18000	0	2	0	0	1026	2286	336	426	-500	-500	31	1	128	285	0	0	0	0	0	0	0	0	0	0
1232010808	精品修罗之剑+8	84	3	8	1	13288	0		0	用此剑者犹如地狱修罗，十分凶险	8500	6000	18000	0	2	0	0	1054	2314	348	438	-500	-500	32	1	131	289	0	0	0	0	0	0	0	0	0	0
1232010809	精品修罗之剑+9	84	3	8	1	13288	0		0	用此剑者犹如地狱修罗，十分凶险	9000	8000	18000	0	2	0	0	1082	2342	360	450	-500	-500	33	1	135	292	0	0	0	0	0	0	0	0	0	0
1232010810	精品修罗之剑+10	84	4	8	1	13288	0		0	用此剑者犹如地狱修罗，十分凶险	0	10000	18000	0	2	0	0	1110	2370	372	462	-500	-500	34	1	138	296	0	0	0	0	0	0	0	0	0	0
1232020800	极品修罗之剑	84	0	8	2	13288	0		0	用此剑者犹如地狱修罗，十分凶险	4500	0	0	0	2	0	0	830	2090	252	342	-500	-500	24	1	103	261	31	42	2	0	0	0	2	0	0	0
1232020801	极品修罗之剑+1	84	0	8	2	13288	0		0	用此剑者犹如地狱修罗，十分凶险	5000	0	0	0	2	0	0	858	2118	264	354	-500	-500	25	1	107	264	33	44	2	0	0	0	2	0	0	0
1232020802	极品修罗之剑+2	84	0	8	2	13288	0		0	用此剑者犹如地狱修罗，十分凶险	5500	0	0	0	2	0	0	886	2146	276	366	-500	-500	26	1	110	268	34	45	2	0	0	0	2	0	0	0
1232020803	极品修罗之剑+3	84	2	8	2	13288	0		0	用此剑者犹如地狱修罗，十分凶险	6000	0	0	0	2	0	0	914	2174	288	378	-500	-500	27	1	114	271	36	47	2	0	0	0	2	0	0	0
1232020804	极品修罗之剑+4	84	2	8	2	13288	0		0	用此剑者犹如地狱修罗，十分凶险	6500	0	0	0	2	0	0	942	2202	300	390	-500	-500	28	1	117	275	37	48	2	0	0	0	2	0	0	0
1232020805	极品修罗之剑+5	84	3	8	2	13288	0		0	用此剑者犹如地狱修罗，十分凶险	7000	500	21000	0	2	0	0	970	2230	312	402	-500	-500	29	1	121	278	39	50	2	0	0	0	2	0	0	0
1232020806	极品修罗之剑+6	84	3	8	2	13288	0		0	用此剑者犹如地狱修罗，十分凶险	7500	700	21000	0	2	0	0	998	2258	324	414	-500	-500	30	1	124	282	40	51	2	0	0	0	2	0	0	0
1232020807	极品修罗之剑+7	84	3	8	2	13288	0		0	用此剑者犹如地狱修罗，十分凶险	8000	900	21000	0	2	0	0	1026	2286	336	426	-500	-500	31	1	128	285	42	53	2	0	0	0	2	0	0	0
1232020808	极品修罗之剑+8	84	4	8	2	13288	0		0	用此剑者犹如地狱修罗，十分凶险	8500	1100	21000	0	2	0	0	1054	2314	348	438	-500	-500	32	1	131	289	43	54	2	0	0	0	2	0	0	0
1232020809	极品修罗之剑+9	84	4	8	2	13288	0		0	用此剑者犹如地狱修罗，十分凶险	9000	1300	21000	0	2	0	0	1082	2342	360	450	-500	-500	33	1	135	292	45	56	2	0	0	0	2	0	0	0
1232020810	极品修罗之剑+10	84	5	8	2	13288	0		0	用此剑者犹如地狱修罗，十分凶险	0	1500	21000	0	2	0	0	1110	2370	372	462	-500	-500	34	1	138	296	46	57	2	0	0	0	2	0	0	0
1232030800	完美修罗之剑	84	0	8	3	6480000	227		0	用此剑者犹如地狱修罗，十分凶险	4500	0	0	960	2	0	0	830	2090	252	342	-500	-500	24	1	103	261	31	42	2	10	0	0	2	0	0	10
1232030801	完美修罗之剑+1	84	0	8	3	6480000	227		0	用此剑者犹如地狱修罗，十分凶险	5000	0	0	960	2	0	0	858	2118	264	354	-500	-500	25	1	107	264	33	44	2	10	0	0	2	0	0	10
1232030802	完美修罗之剑+2	84	0	8	3	6480000	227		0	用此剑者犹如地狱修罗，十分凶险	5500	0	0	960	2	0	0	886	2146	276	366	-500	-500	26	1	110	268	34	45	2	10	0	0	2	0	0	10
1232030803	完美修罗之剑+3	84	3	8	3	6480000	227		0	用此剑者犹如地狱修罗，十分凶险	6000	0	0	960	2	0	0	914	2174	288	378	-500	-500	27	1	114	271	36	47	2	10	0	0	2	0	0	10
1232030804	完美修罗之剑+4	84	3	8	3	6480000	227		0	用此剑者犹如地狱修罗，十分凶险	6500	0	0	960	2	0	0	942	2202	300	390	-500	-500	28	1	117	275	37	48	2	10	0	0	2	0	0	10
1232030805	完美修罗之剑+5	84	4	8	3	6480000	227		0	用此剑者犹如地狱修罗，十分凶险	7000	0	0	960	2	0	0	970	2230	312	402	-500	-500	29	1	121	278	39	50	2	10	0	0	2	0	0	10
1232030806	完美修罗之剑+6	84	4	8	3	6480000	227		0	用此剑者犹如地狱修罗，十分凶险	7500	0	0	960	2	0	0	998	2258	324	414	-500	-500	30	1	124	282	40	51	2	10	0	0	2	0	0	10
1232030807	完美修罗之剑+7	84	4	8	3	6480000	227		0	用此剑者犹如地狱修罗，十分凶险	8000	50	24000	960	2	0	0	1026	2286	336	426	-500	-500	31	1	128	285	42	53	2	10	0	0	2	0	0	10
1232030808	完美修罗之剑+8	84	5	8	3	6480000	227		0	用此剑者犹如地狱修罗，十分凶险	8500	150	24000	960	2	0	0	1054	2314	348	438	-500	-500	32	1	131	289	43	54	2	10	0	0	2	0	0	10
1232030809	完美修罗之剑+9	84	5	8	3	6480000	227		0	用此剑者犹如地狱修罗，十分凶险	9000	250	24000	960	2	0	0	1082	2342	360	450	-500	-500	33	1	135	292	45	56	2	10	0	0	2	0	0	10
1232030810	完美修罗之剑+10	84	6	8	3	6480000	227		0	用此剑者犹如地狱修罗，十分凶险	0	350	24000	960	2	0	0	1110	2370	372	462	-500	-500	34	1	138	296	46	57	2	10	0	0	2	0	0	10
1232040800	神品修罗之剑	84	0	8	4	10800000	378		0	用此剑者犹如地狱修罗，十分凶险	4500	0	0	1600	2	0	0	830	2090	252	342	-500	-500	24	1	103	261	31	42	2	10	10	10	2	10	10	10
1232040801	神品修罗之剑+1	84	0	8	4	10800000	378		0	用此剑者犹如地狱修罗，十分凶险	5000	0	0	1600	2	0	0	858	2118	264	354	-500	-500	25	1	107	264	33	44	2	10	10	10	2	10	10	10
1232040802	神品修罗之剑+2	84	0	8	4	10800000	378		0	用此剑者犹如地狱修罗，十分凶险	5500	0	0	1600	2	0	0	886	2146	276	366	-500	-500	26	1	110	268	34	45	2	10	10	10	2	10	10	10
1232040803	神品修罗之剑+3	84	4	8	4	10800000	378		0	用此剑者犹如地狱修罗，十分凶险	6000	0	0	1600	2	0	0	914	2174	288	378	-500	-500	27	1	114	271	36	47	2	10	10	10	2	10	10	10
1232040804	神品修罗之剑+4	84	4	8	4	10800000	378		0	用此剑者犹如地狱修罗，十分凶险	6500	0	0	1600	2	0	0	942	2202	300	390	-500	-500	28	1	117	275	37	48	2	10	10	10	2	10	10	10
1232040805	神品修罗之剑+5	84	5	8	4	10800000	378		0	用此剑者犹如地狱修罗，十分凶险	7000	0	0	1600	2	0	0	970	2230	312	402	-500	-500	29	1	121	278	39	50	2	10	10	10	2	10	10	10
1232040806	神品修罗之剑+6	84	5	8	4	10800000	378		0	用此剑者犹如地狱修罗，十分凶险	7500	0	0	1600	2	0	0	998	2258	324	414	-500	-500	30	1	124	282	40	51	2	10	10	10	2	10	10	10
1232040807	神品修罗之剑+7	84	5	8	4	10800000	378		0	用此剑者犹如地狱修罗，十分凶险	8000	0	0	1600	2	0	0	1026	2286	336	426	-500	-500	31	1	128	285	42	53	2	10	10	10	2	10	10	10
1232040808	神品修罗之剑+8	84	6	8	4	10800000	378		0	用此剑者犹如地狱修罗，十分凶险	8500	0	0	1600	2	0	0	1054	2314	348	438	-500	-500	32	1	131	289	43	54	2	10	10	10	2	10	10	10
1232040809	神品修罗之剑+9	84	6	8	4	10800000	378		0	用此剑者犹如地狱修罗，十分凶险	9000	0	0	1600	2	0	0	1082	2342	360	450	-500	-500	33	1	135	292	45	56	2	10	10	10	2	10	10	10
1232040810	神品修罗之剑+10	84	7	8	4	10800000	378		0	用此剑者犹如地狱修罗，十分凶险	0	0	0	1600	2	0	0	1110	2370	372	462	-500	-500	34	1	138	296	46	57	2	10	10	10	2	10	10	10
1232000900	血腥之剑	96	0	9	0	19933	0		0	经过大量的杀戮，极其恐怖	6000	0	0	0	2	0	0	936	2514	280	418	-500	-500	27	1	0	0	0	0	0	0	0	0	0	0	0	0
1232000901	血腥之剑+1	96	0	9	0	19933	0		0	经过大量的杀戮，极其恐怖	7000	0	0	0	2	0	0	964	2542	292	430	-500	-500	28	1	0	0	0	0	0	0	0	0	0	0	0	0
1232000902	血腥之剑+2	96	0	9	0	19933	0		0	经过大量的杀戮，极其恐怖	8000	0	0	0	2	0	0	992	2570	304	442	-500	-500	29	1	0	0	0	0	0	0	0	0	0	0	0	0
1232000903	血腥之剑+3	96	0	9	0	19933	0		0	经过大量的杀戮，极其恐怖	9000	6000	21000	0	2	0	0	1020	2598	316	454	-500	-500	30	1	0	0	0	0	0	0	0	0	0	0	0	0
1232000904	血腥之剑+4	96	0	9	0	19933	0		0	经过大量的杀戮，极其恐怖	10000	7000	21000	0	2	0	0	1048	2626	328	466	-500	-500	31	1	0	0	0	0	0	0	0	0	0	0	0	0
1232000905	血腥之剑+5	96	0	9	0	19933	0		0	经过大量的杀戮，极其恐怖	11000	8000	21000	0	2	0	0	1076	2654	340	478	-500	-500	32	1	0	0	0	0	0	0	0	0	0	0	0	0
1232000906	血腥之剑+6	96	0	9	0	19933	0		0	经过大量的杀戮，极其恐怖	12000	9000	21000	0	2	0	0	1104	2682	352	490	-500	-500	33	1	0	0	0	0	0	0	0	0	0	0	0	0
1232000907	血腥之剑+7	96	0	9	0	19933	0		0	经过大量的杀戮，极其恐怖	13000	10000	21000	0	2	0	0	1132	2710	364	502	-500	-500	34	1	0	0	0	0	0	0	0	0	0	0	0	0
1232000908	血腥之剑+8	96	0	9	0	19933	0		0	经过大量的杀戮，极其恐怖	14000	10000	21000	0	2	0	0	1160	2738	376	514	-500	-500	35	1	0	0	0	0	0	0	0	0	0	0	0	0
1232000909	血腥之剑+9	96	0	9	0	19933	0		0	经过大量的杀戮，极其恐怖	15000	10000	21000	0	2	0	0	1188	2766	388	526	-500	-500	36	1	0	0	0	0	0	0	0	0	0	0	0	0
1232000910	血腥之剑+10	96	0	9	0	19933	0		0	经过大量的杀戮，极其恐怖	0	10000	21000	0	2	0	0	1216	2794	400	538	-500	-500	37	1	0	0	0	0	0	0	0	0	0	0	0	0
1232010900	精品血腥之剑	96	0	9	1	19933	0		0	经过大量的杀戮，极其恐怖	6000	0	0	0	2	0	0	936	2514	280	418	-500	-500	27	1	117	314	0	0	0	0	0	0	0	0	0	0
1232010901	精品血腥之剑+1	96	0	9	1	19933	0		0	经过大量的杀戮，极其恐怖	7000	0	0	0	2	0	0	964	2542	292	430	-500	-500	28	1	120	317	0	0	0	0	0	0	0	0	0	0
1232010902	精品血腥之剑+2	96	0	9	1	19933	0		0	经过大量的杀戮，极其恐怖	8000	0	0	0	2	0	0	992	2570	304	442	-500	-500	29	1	124	321	0	0	0	0	0	0	0	0	0	0
1232010903	精品血腥之剑+3	96	1	9	1	19933	0		0	经过大量的杀戮，极其恐怖	9000	0	0	0	2	0	0	1020	2598	316	454	-500	-500	30	1	127	324	0	0	0	0	0	0	0	0	0	0
1232010904	精品血腥之剑+4	96	1	9	1	19933	0		0	经过大量的杀戮，极其恐怖	10000	1000	24000	0	2	0	0	1048	2626	328	466	-500	-500	31	1	131	328	0	0	0	0	0	0	0	0	0	0
1232010905	精品血腥之剑+5	96	2	9	1	19933	0		0	经过大量的杀戮，极其恐怖	11000	2000	24000	0	2	0	0	1076	2654	340	478	-500	-500	32	1	134	331	0	0	0	0	0	0	0	0	0	0
1232010906	精品血腥之剑+6	96	2	9	1	19933	0		0	经过大量的杀戮，极其恐怖	12000	3000	24000	0	2	0	0	1104	2682	352	490	-500	-500	33	1	138	335	0	0	0	0	0	0	0	0	0	0
1232010907	精品血腥之剑+7	96	2	9	1	19933	0		0	经过大量的杀戮，极其恐怖	13000	4000	24000	0	2	0	0	1132	2710	364	502	-500	-500	34	1	141	338	0	0	0	0	0	0	0	0	0	0
1232010908	精品血腥之剑+8	96	3	9	1	19933	0		0	经过大量的杀戮，极其恐怖	14000	6000	24000	0	2	0	0	1160	2738	376	514	-500	-500	35	1	145	342	0	0	0	0	0	0	0	0	0	0
1232010909	精品血腥之剑+9	96	3	9	1	19933	0		0	经过大量的杀戮，极其恐怖	15000	8000	24000	0	2	0	0	1188	2766	388	526	-500	-500	36	1	148	345	0	0	0	0	0	0	0	0	0	0
1232010910	精品血腥之剑+10	96	4	9	1	19933	0		0	经过大量的杀戮，极其恐怖	0	10000	24000	0	2	0	0	1216	2794	400	538	-500	-500	37	1	152	349	0	0	0	0	0	0	0	0	0	0
1232020900	极品血腥之剑	96	0	9	2	19933	0		0	经过大量的杀戮，极其恐怖	6000	0	0	0	2	0	0	936	2514	280	418	-500	-500	27	1	117	314	35	52	2	0	0	0	2	0	0	0
1232020901	极品血腥之剑+1	96	0	9	2	19933	0		0	经过大量的杀戮，极其恐怖	7000	0	0	0	2	0	0	964	2542	292	430	-500	-500	28	1	120	317	36	53	2	0	0	0	2	0	0	0
1232020902	极品血腥之剑+2	96	0	9	2	19933	0		0	经过大量的杀戮，极其恐怖	8000	0	0	0	2	0	0	992	2570	304	442	-500	-500	29	1	124	321	38	55	2	0	0	0	2	0	0	0
1232020903	极品血腥之剑+3	96	2	9	2	19933	0		0	经过大量的杀戮，极其恐怖	9000	0	0	0	2	0	0	1020	2598	316	454	-500	-500	30	1	127	324	39	56	2	0	0	0	2	0	0	0
1232020904	极品血腥之剑+4	96	2	9	2	19933	0		0	经过大量的杀戮，极其恐怖	10000	0	0	0	2	0	0	1048	2626	328	466	-500	-500	31	1	131	328	41	58	2	0	0	0	2	0	0	0
1232020905	极品血腥之剑+5	96	3	9	2	19933	0		0	经过大量的杀戮，极其恐怖	11000	200	27000	0	2	0	0	1076	2654	340	478	-500	-500	32	1	134	331	42	59	2	0	0	0	2	0	0	0
1232020906	极品血腥之剑+6	96	3	9	2	19933	0		0	经过大量的杀戮，极其恐怖	12000	400	27000	0	2	0	0	1104	2682	352	490	-500	-500	33	1	138	335	44	61	2	0	0	0	2	0	0	0
1232020907	极品血腥之剑+7	96	3	9	2	19933	0		0	经过大量的杀戮，极其恐怖	13000	600	27000	0	2	0	0	1132	2710	364	502	-500	-500	34	1	141	338	45	62	2	0	0	0	2	0	0	0
1232020908	极品血腥之剑+8	96	4	9	2	19933	0		0	经过大量的杀戮，极其恐怖	14000	800	27000	0	2	0	0	1160	2738	376	514	-500	-500	35	1	145	342	47	64	2	0	0	0	2	0	0	0
1232020909	极品血腥之剑+9	96	4	9	2	19933	0		0	经过大量的杀戮，极其恐怖	15000	1000	27000	0	2	0	0	1188	2766	388	526	-500	-500	36	1	148	345	48	65	2	0	0	0	2	0	0	0
1232020910	极品血腥之剑+10	96	5	9	2	19933	0		0	经过大量的杀戮，极其恐怖	0	1200	27000	0	2	0	0	1216	2794	400	538	-500	-500	37	1	152	349	50	67	2	0	0	0	2	0	0	0
1232030900	完美血腥之剑	96	0	9	3	8880000	266		0	经过大量的杀戮，极其恐怖	6000	0	0	1152	2	0	0	936	2514	280	418	-500	-500	27	1	117	314	35	52	2	10	0	0	2	0	0	10
1232030901	完美血腥之剑+1	96	0	9	3	8880000	266		0	经过大量的杀戮，极其恐怖	7000	0	0	1152	2	0	0	964	2542	292	430	-500	-500	28	1	120	317	36	53	2	10	0	0	2	0	0	10
1232030902	完美血腥之剑+2	96	0	9	3	8880000	266		0	经过大量的杀戮，极其恐怖	8000	0	0	1152	2	0	0	992	2570	304	442	-500	-500	29	1	124	321	38	55	2	10	0	0	2	0	0	10
1232030903	完美血腥之剑+3	96	3	9	3	8880000	266		0	经过大量的杀戮，极其恐怖	9000	0	0	1152	2	0	0	1020	2598	316	454	-500	-500	30	1	127	324	39	56	2	10	0	0	2	0	0	10
1232030904	完美血腥之剑+4	96	3	9	3	8880000	266		0	经过大量的杀戮，极其恐怖	10000	0	0	1152	2	0	0	1048	2626	328	466	-500	-500	31	1	131	328	41	58	2	10	0	0	2	0	0	10
1232030905	完美血腥之剑+5	96	4	9	3	8880000	266		0	经过大量的杀戮，极其恐怖	11000	0	0	1152	2	0	0	1076	2654	340	478	-500	-500	32	1	134	331	42	59	2	10	0	0	2	0	0	10
1232030906	完美血腥之剑+6	96	4	9	3	8880000	266		0	经过大量的杀戮，极其恐怖	12000	0	0	1152	2	0	0	1104	2682	352	490	-500	-500	33	1	138	335	44	61	2	10	0	0	2	0	0	10
1232030907	完美血腥之剑+7	96	4	9	3	8880000	266		0	经过大量的杀戮，极其恐怖	13000	70	30000	1152	2	0	0	1132	2710	364	502	-500	-500	34	1	141	338	45	62	2	10	0	0	2	0	0	10
1232030908	完美血腥之剑+8	96	5	9	3	8880000	266		0	经过大量的杀戮，极其恐怖	14000	170	30000	1152	2	0	0	1160	2738	376	514	-500	-500	35	1	145	342	47	64	2	10	0	0	2	0	0	10
1232030909	完美血腥之剑+9	96	5	9	3	8880000	266		0	经过大量的杀戮，极其恐怖	15000	270	30000	1152	2	0	0	1188	2766	388	526	-500	-500	36	1	148	345	48	65	2	10	0	0	2	0	0	10
1232030910	完美血腥之剑+10	96	6	9	3	8880000	266		0	经过大量的杀戮，极其恐怖	0	370	30000	1152	2	0	0	1216	2794	400	538	-500	-500	37	1	152	349	50	67	2	10	0	0	2	0	0	10
1232040900	神品血腥之剑	96	0	9	4	14800000	444		0	经过大量的杀戮，极其恐怖	6000	0	0	1920	2	0	0	936	2514	280	418	-500	-500	27	1	117	314	35	52	2	10	10	10	2	10	10	10
1232040901	神品血腥之剑+1	96	0	9	4	14800000	444		0	经过大量的杀戮，极其恐怖	7000	0	0	1920	2	0	0	964	2542	292	430	-500	-500	28	1	120	317	36	53	2	10	10	10	2	10	10	10
1232040902	神品血腥之剑+2	96	0	9	4	14800000	444		0	经过大量的杀戮，极其恐怖	8000	0	0	1920	2	0	0	992	2570	304	442	-500	-500	29	1	124	321	38	55	2	10	10	10	2	10	10	10
1232040903	神品血腥之剑+3	96	4	9	4	14800000	444		0	经过大量的杀戮，极其恐怖	9000	0	0	1920	2	0	0	1020	2598	316	454	-500	-500	30	1	127	324	39	56	2	10	10	10	2	10	10	10
1232040904	神品血腥之剑+4	96	4	9	4	14800000	444		0	经过大量的杀戮，极其恐怖	10000	0	0	1920	2	0	0	1048	2626	328	466	-500	-500	31	1	131	328	41	58	2	10	10	10	2	10	10	10
1232040905	神品血腥之剑+5	96	5	9	4	14800000	444		0	经过大量的杀戮，极其恐怖	11000	0	0	1920	2	0	0	1076	2654	340	478	-500	-500	32	1	134	331	42	59	2	10	10	10	2	10	10	10
1232040906	神品血腥之剑+6	96	5	9	4	14800000	444		0	经过大量的杀戮，极其恐怖	12000	0	0	1920	2	0	0	1104	2682	352	490	-500	-500	33	1	138	335	44	61	2	10	10	10	2	10	10	10
1232040907	神品血腥之剑+7	96	5	9	4	14800000	444		0	经过大量的杀戮，极其恐怖	13000	0	0	1920	2	0	0	1132	2710	364	502	-500	-500	34	1	141	338	45	62	2	10	10	10	2	10	10	10
1232040908	神品血腥之剑+8	96	6	9	4	14800000	444		0	经过大量的杀戮，极其恐怖	14000	0	0	1920	2	0	0	1160	2738	376	514	-500	-500	35	1	145	342	47	64	2	10	10	10	2	10	10	10
1232040909	神品血腥之剑+9	96	6	9	4	14800000	444		0	经过大量的杀戮，极其恐怖	15000	0	0	1920	2	0	0	1188	2766	388	526	-500	-500	36	1	148	345	48	65	2	10	10	10	2	10	10	10
1232040910	神品血腥之剑+10	96	7	9	4	14800000	444		0	经过大量的杀戮，极其恐怖	0	0	0	1920	2	0	0	1216	2794	400	538	-500	-500	37	1	152	349	50	67	2	10	10	10	2	10	10	10
1232001000	惩戒之剑	108	0	10	0	37374	0		0	用于惩凶罚恶的利刃	10000	0	0	0	2	0	0	1078	2834	340	456	-500	-500	33	2	0	0	0	0	0	0	0	0	0	0	0	0
1232001001	惩戒之剑+1	108	0	10	0	37374	0		0	用于惩凶罚恶的利刃	11000	0	0	0	2	0	0	1106	2862	352	468	-500	-500	34	2	0	0	0	0	0	0	0	0	0	0	0	0
1232001002	惩戒之剑+2	108	0	10	0	37374	0		0	用于惩凶罚恶的利刃	12000	0	0	0	2	0	0	1134	2890	364	480	-500	-500	35	2	0	0	0	0	0	0	0	0	0	0	0	0
1232001003	惩戒之剑+3	108	0	10	0	37374	0		0	用于惩凶罚恶的利刃	13000	6000	27000	0	2	0	0	1162	2918	376	492	-500	-500	36	2	0	0	0	0	0	0	0	0	0	0	0	0
1232001004	惩戒之剑+4	108	0	10	0	37374	0		0	用于惩凶罚恶的利刃	14000	6500	27000	0	2	0	0	1190	2946	388	504	-500	-500	37	2	0	0	0	0	0	0	0	0	0	0	0	0
1232001005	惩戒之剑+5	108	0	10	0	37374	0		0	用于惩凶罚恶的利刃	15000	7000	27000	0	2	0	0	1218	2974	400	516	-500	-500	38	2	0	0	0	0	0	0	0	0	0	0	0	0
1232001006	惩戒之剑+6	108	0	10	0	37374	0		0	用于惩凶罚恶的利刃	16000	7500	27000	0	2	0	0	1246	3002	412	528	-500	-500	39	2	0	0	0	0	0	0	0	0	0	0	0	0
1232001007	惩戒之剑+7	108	0	10	0	37374	0		0	用于惩凶罚恶的利刃	17000	8000	27000	0	2	0	0	1274	3030	424	540	-500	-500	40	2	0	0	0	0	0	0	0	0	0	0	0	0
1232001008	惩戒之剑+8	108	0	10	0	37374	0		0	用于惩凶罚恶的利刃	18000	8500	27000	0	2	0	0	1302	3058	436	552	-500	-500	41	2	0	0	0	0	0	0	0	0	0	0	0	0
1232001009	惩戒之剑+9	108	0	10	0	37374	0		0	用于惩凶罚恶的利刃	19000	9000	27000	0	2	0	0	1330	3086	448	564	-500	-500	42	2	0	0	0	0	0	0	0	0	0	0	0	0
1232001010	惩戒之剑+10	108	0	10	0	37374	0		0	用于惩凶罚恶的利刃	0	9500	27000	0	2	0	0	1358	3114	460	576	-500	-500	43	2	0	0	0	0	0	0	0	0	0	0	0	0
1232011000	精品惩戒之剑	108	0	10	1	37374	0		0	用于惩凶罚恶的利刃	10000	0	0	0	2	0	0	1078	2834	340	456	-500	-500	33	2	134	354	0	0	0	0	0	0	0	0	0	0
1232011001	精品惩戒之剑+1	108	0	10	1	37374	0		0	用于惩凶罚恶的利刃	11000	0	0	0	2	0	0	1106	2862	352	468	-500	-500	34	2	138	357	0	0	0	0	0	0	0	0	0	0
1232011002	精品惩戒之剑+2	108	0	10	1	37374	0		0	用于惩凶罚恶的利刃	12000	0	0	0	2	0	0	1134	2890	364	480	-500	-500	35	2	141	361	0	0	0	0	0	0	0	0	0	0
1232011003	精品惩戒之剑+3	108	1	10	1	37374	0		0	用于惩凶罚恶的利刃	13000	0	0	0	2	0	0	1162	2918	376	492	-500	-500	36	2	145	364	0	0	0	0	0	0	0	0	0	0
1232011004	精品惩戒之剑+4	108	1	10	1	37374	0		0	用于惩凶罚恶的利刃	14000	1000	31000	0	2	0	0	1190	2946	388	504	-500	-500	37	2	148	368	0	0	0	0	0	0	0	0	0	0
1232011005	精品惩戒之剑+5	108	2	10	1	37374	0		0	用于惩凶罚恶的利刃	15000	2000	31000	0	2	0	0	1218	2974	400	516	-500	-500	38	2	152	371	0	0	0	0	0	0	0	0	0	0
1232011006	精品惩戒之剑+6	108	2	10	1	37374	0		0	用于惩凶罚恶的利刃	16000	3000	31000	0	2	0	0	1246	3002	412	528	-500	-500	39	2	155	375	0	0	0	0	0	0	0	0	0	0
1232011007	精品惩戒之剑+7	108	2	10	1	37374	0		0	用于惩凶罚恶的利刃	17000	4000	31000	0	2	0	0	1274	3030	424	540	-500	-500	40	2	159	378	0	0	0	0	0	0	0	0	0	0
1232011008	精品惩戒之剑+8	108	3	10	1	37374	0		0	用于惩凶罚恶的利刃	18000	6000	31000	0	2	0	0	1302	3058	436	552	-500	-500	41	2	162	382	0	0	0	0	0	0	0	0	0	0
1232011009	精品惩戒之剑+9	108	3	10	1	37374	0		0	用于惩凶罚恶的利刃	19000	8000	31000	0	2	0	0	1330	3086	448	564	-500	-500	42	2	166	385	0	0	0	0	0	0	0	0	0	0
1232011010	精品惩戒之剑+10	108	4	10	1	37374	0		0	用于惩凶罚恶的利刃	0	10000	31000	0	2	0	0	1358	3114	460	576	-500	-500	43	2	169	389	0	0	0	0	0	0	0	0	0	0
1232021000	极品惩戒之剑	108	0	10	2	37374	0		0	用于惩凶罚恶的利刃	10000	0	0	0	2	0	0	1078	2834	340	456	-500	-500	33	2	134	354	42	57	2	0	0	0	2	0	0	0
1232021001	极品惩戒之剑+1	108	0	10	2	37374	0		0	用于惩凶罚恶的利刃	11000	0	0	0	2	0	0	1106	2862	352	468	-500	-500	34	2	138	357	44	58	2	0	0	0	2	0	0	0
1232021002	极品惩戒之剑+2	108	0	10	2	37374	0		0	用于惩凶罚恶的利刃	12000	0	0	0	2	0	0	1134	2890	364	480	-500	-500	35	2	141	361	45	60	2	0	0	0	2	0	0	0
1232021003	极品惩戒之剑+3	108	2	10	2	37374	0		0	用于惩凶罚恶的利刃	13000	0	0	0	2	0	0	1162	2918	376	492	-500	-500	36	2	145	364	47	61	2	0	0	0	2	0	0	0
1232021004	极品惩戒之剑+4	108	2	10	2	37374	0		0	用于惩凶罚恶的利刃	14000	0	0	0	2	0	0	1190	2946	388	504	-500	-500	37	2	148	368	48	63	2	0	0	0	2	0	0	0
1232021005	极品惩戒之剑+5	108	3	10	2	37374	0		0	用于惩凶罚恶的利刃	15000	200	35000	0	2	0	0	1218	2974	400	516	-500	-500	38	2	152	371	50	64	2	0	0	0	2	0	0	0
1232021006	极品惩戒之剑+6	108	3	10	2	37374	0		0	用于惩凶罚恶的利刃	16000	400	35000	0	2	0	0	1246	3002	412	528	-500	-500	39	2	155	375	51	66	2	0	0	0	2	0	0	0
1232021007	极品惩戒之剑+7	108	3	10	2	37374	0		0	用于惩凶罚恶的利刃	17000	600	35000	0	2	0	0	1274	3030	424	540	-500	-500	40	2	159	378	53	67	2	0	0	0	2	0	0	0
1232021008	极品惩戒之剑+8	108	4	10	2	37374	0		0	用于惩凶罚恶的利刃	18000	800	35000	0	2	0	0	1302	3058	436	552	-500	-500	41	2	162	382	54	69	2	0	0	0	2	0	0	0
1232021009	极品惩戒之剑+9	108	4	10	2	37374	0		0	用于惩凶罚恶的利刃	19000	1000	35000	0	2	0	0	1330	3086	448	564	-500	-500	42	2	166	385	56	70	2	0	0	0	2	0	0	0
1232021010	极品惩戒之剑+10	108	5	10	2	37374	0		0	用于惩凶罚恶的利刃	0	1200	35000	0	2	0	0	1358	3114	460	576	-500	-500	43	2	169	389	57	72	2	0	0	0	2	0	0	0
1232031000	完美惩戒之剑	108	0	10	3	11760000	353		0	用于惩凶罚恶的利刃	10000	0	0	1344	2	0	0	1078	2834	340	456	-500	-500	33	2	134	354	42	57	2	10	0	0	2	0	0	10
1232031001	完美惩戒之剑+1	108	0	10	3	11760000	353		0	用于惩凶罚恶的利刃	11000	0	0	1344	2	0	0	1106	2862	352	468	-500	-500	34	2	138	357	44	58	2	10	0	0	2	0	0	10
1232031002	完美惩戒之剑+2	108	0	10	3	11760000	353		0	用于惩凶罚恶的利刃	12000	0	0	1344	2	0	0	1134	2890	364	480	-500	-500	35	2	141	361	45	60	2	10	0	0	2	0	0	10
1232031003	完美惩戒之剑+3	108	3	10	3	11760000	353		0	用于惩凶罚恶的利刃	13000	0	0	1344	2	0	0	1162	2918	376	492	-500	-500	36	2	145	364	47	61	2	10	0	0	2	0	0	10
1232031004	完美惩戒之剑+4	108	3	10	3	11760000	353		0	用于惩凶罚恶的利刃	14000	0	0	1344	2	0	0	1190	2946	388	504	-500	-500	37	2	148	368	48	63	2	10	0	0	2	0	0	10
1232031005	完美惩戒之剑+5	108	4	10	3	11760000	353		0	用于惩凶罚恶的利刃	15000	0	0	1344	2	0	0	1218	2974	400	516	-500	-500	38	2	152	371	50	64	2	10	0	0	2	0	0	10
1232031006	完美惩戒之剑+6	108	4	10	3	11760000	353		0	用于惩凶罚恶的利刃	16000	0	0	1344	2	0	0	1246	3002	412	528	-500	-500	39	2	155	375	51	66	2	10	0	0	2	0	0	10
1232031007	完美惩戒之剑+7	108	4	10	3	11760000	353		0	用于惩凶罚恶的利刃	17000	70	39000	1344	2	0	0	1274	3030	424	540	-500	-500	40	2	159	378	53	67	2	10	0	0	2	0	0	10
1232031008	完美惩戒之剑+8	108	5	10	3	11760000	353		0	用于惩凶罚恶的利刃	18000	170	39000	1344	2	0	0	1302	3058	436	552	-500	-500	41	2	162	382	54	69	2	10	0	0	2	0	0	10
1232031009	完美惩戒之剑+9	108	5	10	3	11760000	353		0	用于惩凶罚恶的利刃	19000	270	39000	1344	2	0	0	1330	3086	448	564	-500	-500	42	2	166	385	56	70	2	10	0	0	2	0	0	10
1232031010	完美惩戒之剑+10	108	6	10	3	11760000	353		0	用于惩凶罚恶的利刃	0	370	39000	1344	2	0	0	1358	3114	460	576	-500	-500	43	2	169	389	57	72	2	10	0	0	2	0	0	10
1232041000	神品惩戒之剑	108	0	10	4	19600000	588		0	用于惩凶罚恶的利刃	10000	0	0	2240	2	0	0	1078	2834	340	456	-500	-500	33	2	134	354	42	57	2	10	10	10	2	10	10	10
1232041001	神品惩戒之剑+1	108	0	10	4	19600000	588		0	用于惩凶罚恶的利刃	11000	0	0	2240	2	0	0	1106	2862	352	468	-500	-500	34	2	138	357	44	58	2	10	10	10	2	10	10	10
1232041002	神品惩戒之剑+2	108	0	10	4	19600000	588		0	用于惩凶罚恶的利刃	12000	0	0	2240	2	0	0	1134	2890	364	480	-500	-500	35	2	141	361	45	60	2	10	10	10	2	10	10	10
1232041003	神品惩戒之剑+3	108	4	10	4	19600000	588		0	用于惩凶罚恶的利刃	13000	0	0	2240	2	0	0	1162	2918	376	492	-500	-500	36	2	145	364	47	61	2	10	10	10	2	10	10	10
1232041004	神品惩戒之剑+4	108	4	10	4	19600000	588		0	用于惩凶罚恶的利刃	14000	0	0	2240	2	0	0	1190	2946	388	504	-500	-500	37	2	148	368	48	63	2	10	10	10	2	10	10	10
1232041005	神品惩戒之剑+5	108	5	10	4	19600000	588		0	用于惩凶罚恶的利刃	15000	0	0	2240	2	0	0	1218	2974	400	516	-500	-500	38	2	152	371	50	64	2	10	10	10	2	10	10	10
1232041006	神品惩戒之剑+6	108	5	10	4	19600000	588		0	用于惩凶罚恶的利刃	16000	0	0	2240	2	0	0	1246	3002	412	528	-500	-500	39	2	155	375	51	66	2	10	10	10	2	10	10	10
1232041007	神品惩戒之剑+7	108	5	10	4	19600000	588		0	用于惩凶罚恶的利刃	17000	0	0	2240	2	0	0	1274	3030	424	540	-500	-500	40	2	159	378	53	67	2	10	10	10	2	10	10	10
1232041008	神品惩戒之剑+8	108	6	10	4	19600000	588		0	用于惩凶罚恶的利刃	18000	0	0	2240	2	0	0	1302	3058	436	552	-500	-500	41	2	162	382	54	69	2	10	10	10	2	10	10	10
1232041009	神品惩戒之剑+9	108	6	10	4	19600000	588		0	用于惩凶罚恶的利刃	19000	0	0	2240	2	0	0	1330	3086	448	564	-500	-500	42	2	166	385	56	70	2	10	10	10	2	10	10	10
1232041010	神品惩戒之剑+10	108	7	10	4	19600000	588		0	用于惩凶罚恶的利刃	0	0	0	2240	2	0	0	1358	3114	460	576	-500	-500	43	2	169	389	57	72	2	10	10	10	2	10	10	10
1232001100	逆天之剑	120	0	11	0	67274	0		0	天数变化不尽如人意，但此剑可以改变命运	15000	0	0	0	2	0	0	1230	3308	368	540	-500	-500	36	4	0	0	0	0	0	0	0	0	0	0	0	0
1232001101	逆天之剑+1	120	0	11	0	67274	0		0	天数变化不尽如人意，但此剑可以改变命运	17000	0	0	0	2	0	0	1260	3338	382	554	-500	-500	37	4	0	0	0	0	0	0	0	0	0	0	0	0
1232001102	逆天之剑+2	120	0	11	0	67274	0		0	天数变化不尽如人意，但此剑可以改变命运	19000	0	0	0	2	0	0	1290	3368	396	568	-500	-500	38	4	0	0	0	0	0	0	0	0	0	0	0	0
1232001103	逆天之剑+3	120	0	11	0	67274	0		0	天数变化不尽如人意，但此剑可以改变命运	21000	5000	35000	0	2	0	0	1320	3398	410	582	-500	-500	39	4	0	0	0	0	0	0	0	0	0	0	0	0
1232001104	逆天之剑+4	120	0	11	0	67274	0		0	天数变化不尽如人意，但此剑可以改变命运	23000	5500	35000	0	2	0	0	1350	3428	424	596	-500	-500	40	4	0	0	0	0	0	0	0	0	0	0	0	0
1232001105	逆天之剑+5	120	0	11	0	67274	0		0	天数变化不尽如人意，但此剑可以改变命运	25000	6000	35000	0	2	0	0	1380	3458	438	610	-500	-500	41	4	0	0	0	0	0	0	0	0	0	0	0	0
1232001106	逆天之剑+6	120	0	11	0	67274	0		0	天数变化不尽如人意，但此剑可以改变命运	27000	6500	35000	0	2	0	0	1410	3488	452	624	-500	-500	42	4	0	0	0	0	0	0	0	0	0	0	0	0
1232001107	逆天之剑+7	120	0	11	0	67274	0		0	天数变化不尽如人意，但此剑可以改变命运	29000	7000	35000	0	2	0	0	1440	3518	466	638	-500	-500	43	4	0	0	0	0	0	0	0	0	0	0	0	0
1232001108	逆天之剑+8	120	0	11	0	67274	0		0	天数变化不尽如人意，但此剑可以改变命运	31000	7500	35000	0	2	0	0	1470	3548	480	652	-500	-500	44	4	0	0	0	0	0	0	0	0	0	0	0	0
1232001109	逆天之剑+9	120	0	11	0	67274	0		0	天数变化不尽如人意，但此剑可以改变命运	33000	8000	35000	0	2	0	0	1500	3578	494	666	-500	-500	45	4	0	0	0	0	0	0	0	0	0	0	0	0
1232001110	逆天之剑+10	120	0	11	0	67274	0		0	天数变化不尽如人意，但此剑可以改变命运	0	8500	35000	0	2	0	0	1530	3608	508	680	-500	-500	46	4	0	0	0	0	0	0	0	0	0	0	0	0
1232011100	精品逆天之剑	120	0	11	1	67274	0		0	天数变化不尽如人意，但此剑可以改变命运	15000	0	0	0	2	0	0	1230	3308	368	540	-500	-500	36	4	153	413	0	0	0	0	0	0	0	0	0	0
1232011101	精品逆天之剑+1	120	0	11	1	67274	0		0	天数变化不尽如人意，但此剑可以改变命运	17000	0	0	0	2	0	0	1260	3338	382	554	-500	-500	37	4	157	417	0	0	0	0	0	0	0	0	0	0
1232011102	精品逆天之剑+2	120	0	11	1	67274	0		0	天数变化不尽如人意，但此剑可以改变命运	19000	0	0	0	2	0	0	1290	3368	396	568	-500	-500	38	4	161	421	0	0	0	0	0	0	0	0	0	0
1232011103	精品逆天之剑+3	120	1	11	1	67274	0		0	天数变化不尽如人意，但此剑可以改变命运	21000	0	0	0	2	0	0	1320	3398	410	582	-500	-500	39	4	165	424	0	0	0	0	0	0	0	0	0	0
1232011104	精品逆天之剑+4	120	1	11	1	67274	0		0	天数变化不尽如人意，但此剑可以改变命运	23000	1000	40000	0	2	0	0	1350	3428	424	596	-500	-500	40	4	168	428	0	0	0	0	0	0	0	0	0	0
1232011105	精品逆天之剑+5	120	2	11	1	67274	0		0	天数变化不尽如人意，但此剑可以改变命运	25000	2000	40000	0	2	0	0	1380	3458	438	610	-500	-500	41	4	172	432	0	0	0	0	0	0	0	0	0	0
1232011106	精品逆天之剑+6	120	2	11	1	67274	0		0	天数变化不尽如人意，但此剑可以改变命运	27000	3000	40000	0	2	0	0	1410	3488	452	624	-500	-500	42	4	176	436	0	0	0	0	0	0	0	0	0	0
1232011107	精品逆天之剑+7	120	2	11	1	67274	0		0	天数变化不尽如人意，但此剑可以改变命运	29000	4000	40000	0	2	0	0	1440	3518	466	638	-500	-500	43	4	180	439	0	0	0	0	0	0	0	0	0	0
1232011108	精品逆天之剑+8	120	3	11	1	67274	0		0	天数变化不尽如人意，但此剑可以改变命运	31000	6000	40000	0	2	0	0	1470	3548	480	652	-500	-500	44	4	183	443	0	0	0	0	0	0	0	0	0	0
1232011109	精品逆天之剑+9	120	3	11	1	67274	0		0	天数变化不尽如人意，但此剑可以改变命运	33000	8000	40000	0	2	0	0	1500	3578	494	666	-500	-500	45	4	187	447	0	0	0	0	0	0	0	0	0	0
1232011110	精品逆天之剑+10	120	4	11	1	67274	0		0	天数变化不尽如人意，但此剑可以改变命运	0	10000	40000	0	2	0	0	1530	3608	508	680	-500	-500	46	4	191	451	0	0	0	0	0	0	0	0	0	0
1232021100	极品逆天之剑	120	0	11	2	67274	0		0	天数变化不尽如人意，但此剑可以改变命运	15000	0	0	0	2	0	0	1230	3308	368	540	-500	-500	36	4	153	413	46	67	2	0	0	0	2	0	0	0
1232021101	极品逆天之剑+1	120	0	11	2	67274	0		0	天数变化不尽如人意，但此剑可以改变命运	17000	0	0	0	2	0	0	1260	3338	382	554	-500	-500	37	4	157	417	47	69	2	0	0	0	2	0	0	0
1232021102	极品逆天之剑+2	120	0	11	2	67274	0		0	天数变化不尽如人意，但此剑可以改变命运	19000	0	0	0	2	0	0	1290	3368	396	568	-500	-500	38	4	161	421	49	71	2	0	0	0	2	0	0	0
1232021103	极品逆天之剑+3	120	2	11	2	67274	0		0	天数变化不尽如人意，但此剑可以改变命运	21000	0	0	0	2	0	0	1320	3398	410	582	-500	-500	39	4	165	424	51	72	2	0	0	0	2	0	0	0
1232021104	极品逆天之剑+4	120	2	11	2	67274	0		0	天数变化不尽如人意，但此剑可以改变命运	23000	0	0	0	2	0	0	1350	3428	424	596	-500	-500	40	4	168	428	53	74	2	0	0	0	2	0	0	0
1232021105	极品逆天之剑+5	120	3	11	2	67274	0		0	天数变化不尽如人意，但此剑可以改变命运	25000	100	50000	0	2	0	0	1380	3458	438	610	-500	-500	41	4	172	432	54	76	2	0	0	0	2	0	0	0
1232021106	极品逆天之剑+6	120	3	11	2	67274	0		0	天数变化不尽如人意，但此剑可以改变命运	27000	300	50000	0	2	0	0	1410	3488	452	624	-500	-500	42	4	176	436	56	78	2	0	0	0	2	0	0	0
1232021107	极品逆天之剑+7	120	3	11	2	67274	0		0	天数变化不尽如人意，但此剑可以改变命运	29000	500	50000	0	2	0	0	1440	3518	466	638	-500	-500	43	4	180	439	58	79	2	0	0	0	2	0	0	0
1232021108	极品逆天之剑+8	120	4	11	2	67274	0		0	天数变化不尽如人意，但此剑可以改变命运	31000	700	50000	0	2	0	0	1470	3548	480	652	-500	-500	44	4	183	443	60	81	2	0	0	0	2	0	0	0
1232021109	极品逆天之剑+9	120	4	11	2	67274	0		0	天数变化不尽如人意，但此剑可以改变命运	33000	900	50000	0	2	0	0	1500	3578	494	666	-500	-500	45	4	187	447	61	83	2	0	0	0	2	0	0	0
1232021110	极品逆天之剑+10	120	5	11	2	67274	0		0	天数变化不尽如人意，但此剑可以改变命运	0	1100	50000	0	2	0	0	1530	3608	508	680	-500	-500	46	4	191	451	63	85	2	0	0	0	2	0	0	0
1232031100	完美逆天之剑	120	0	11	3	15120000	454		0	天数变化不尽如人意，但此剑可以改变命运	15000	0	0	0	2	0	0	1230	3308	368	540	-500	-500	36	4	153	413	46	67	2	10	0	0	2	0	0	10
1232031101	完美逆天之剑+1	120	0	11	3	15120000	454		0	天数变化不尽如人意，但此剑可以改变命运	17000	0	0	0	2	0	0	1260	3338	382	554	-500	-500	37	4	157	417	47	69	2	10	0	0	2	0	0	10
1232031102	完美逆天之剑+2	120	0	11	3	15120000	454		0	天数变化不尽如人意，但此剑可以改变命运	19000	0	0	0	2	0	0	1290	3368	396	568	-500	-500	38	4	161	421	49	71	2	10	0	0	2	0	0	10
1232031103	完美逆天之剑+3	120	3	11	3	15120000	454		0	天数变化不尽如人意，但此剑可以改变命运	21000	0	0	0	2	0	0	1320	3398	410	582	-500	-500	39	4	165	424	51	72	2	10	0	0	2	0	0	10
1232031104	完美逆天之剑+4	120	3	11	3	15120000	454		0	天数变化不尽如人意，但此剑可以改变命运	23000	0	0	0	2	0	0	1350	3428	424	596	-500	-500	40	4	168	428	53	74	2	10	0	0	2	0	0	10
1232031105	完美逆天之剑+5	120	4	11	3	15120000	454		0	天数变化不尽如人意，但此剑可以改变命运	25000	0	0	0	2	0	0	1380	3458	438	610	-500	-500	41	4	172	432	54	76	2	10	0	0	2	0	0	10
1232031106	完美逆天之剑+6	120	4	11	3	15120000	454		0	天数变化不尽如人意，但此剑可以改变命运	27000	0	0	0	2	0	0	1410	3488	452	624	-500	-500	42	4	176	436	56	78	2	10	0	0	2	0	0	10
1232031107	完美逆天之剑+7	120	4	11	3	15120000	454		0	天数变化不尽如人意，但此剑可以改变命运	29000	70	60000	0	2	0	0	1440	3518	466	638	-500	-500	43	4	180	439	58	79	2	10	0	0	2	0	0	10
1232031108	完美逆天之剑+8	120	5	11	3	15120000	454		0	天数变化不尽如人意，但此剑可以改变命运	31000	170	60000	0	2	0	0	1470	3548	480	652	-500	-500	44	4	183	443	60	81	2	10	0	0	2	0	0	10
1232031109	完美逆天之剑+9	120	5	11	3	15120000	454		0	天数变化不尽如人意，但此剑可以改变命运	33000	270	60000	0	2	0	0	1500	3578	494	666	-500	-500	45	4	187	447	61	83	2	10	0	0	2	0	0	10
1232031110	完美逆天之剑+10	120	6	11	3	15120000	454		0	天数变化不尽如人意，但此剑可以改变命运	0	370	60000	0	2	0	0	1530	3608	508	680	-500	-500	46	4	191	451	63	85	2	10	0	0	2	0	0	10
1232041100	神品逆天之剑	120	0	11	4	25200000	756		0	天数变化不尽如人意，但此剑可以改变命运	15000	0	0	0	2	0	0	1230	3308	368	540	-500	-500	36	4	153	413	46	67	2	10	10	10	2	10	10	10
1232041101	神品逆天之剑+1	120	0	11	4	25200000	756		0	天数变化不尽如人意，但此剑可以改变命运	17000	0	0	0	2	0	0	1260	3338	382	554	-500	-500	37	4	157	417	47	69	2	10	10	10	2	10	10	10
1232041102	神品逆天之剑+2	120	0	11	4	25200000	756		0	天数变化不尽如人意，但此剑可以改变命运	19000	0	0	0	2	0	0	1290	3368	396	568	-500	-500	38	4	161	421	49	71	2	10	10	10	2	10	10	10
1232041103	神品逆天之剑+3	120	4	11	4	25200000	756		0	天数变化不尽如人意，但此剑可以改变命运	21000	0	0	0	2	0	0	1320	3398	410	582	-500	-500	39	4	165	424	51	72	2	10	10	10	2	10	10	10
1232041104	神品逆天之剑+4	120	4	11	4	25200000	756		0	天数变化不尽如人意，但此剑可以改变命运	23000	0	0	0	2	0	0	1350	3428	424	596	-500	-500	40	4	168	428	53	74	2	10	10	10	2	10	10	10
1232041105	神品逆天之剑+5	120	5	11	4	25200000	756		0	天数变化不尽如人意，但此剑可以改变命运	25000	0	0	0	2	0	0	1380	3458	438	610	-500	-500	41	4	172	432	54	76	2	10	10	10	2	10	10	10
1232041106	神品逆天之剑+6	120	5	11	4	25200000	756		0	天数变化不尽如人意，但此剑可以改变命运	27000	0	0	0	2	0	0	1410	3488	452	624	-500	-500	42	4	176	436	56	78	2	10	10	10	2	10	10	10
1232041107	神品逆天之剑+7	120	5	11	4	25200000	756		0	天数变化不尽如人意，但此剑可以改变命运	29000	0	0	0	2	0	0	1440	3518	466	638	-500	-500	43	4	180	439	58	79	2	10	10	10	2	10	10	10
1232041108	神品逆天之剑+8	120	6	11	4	25200000	756		0	天数变化不尽如人意，但此剑可以改变命运	31000	0	0	0	2	0	0	1470	3548	480	652	-500	-500	44	4	183	443	60	81	2	10	10	10	2	10	10	10
1232041109	神品逆天之剑+9	120	6	11	4	25200000	756		0	天数变化不尽如人意，但此剑可以改变命运	33000	0	0	0	2	0	0	1500	3578	494	666	-500	-500	45	4	187	447	61	83	2	10	10	10	2	10	10	10
1232041110	神品逆天之剑+10	120	7	11	4	25200000	756		0	天数变化不尽如人意，但此剑可以改变命运	0	0	0	0	2	0	0	1530	3608	508	680	-500	-500	46	4	191	451	63	85	2	10	10	10	2	10	10	10
1232031200	超级新手剑	0	0	4	3	2400000	180	攻击时有30%的几率冰冻目标,降低目标移动速度300、攻击速度350，持续10秒	0	为新手准备的超级装备	1200	0	0	0	2	85000303	30	348	776	100	140	-500	-500	10	1	43	97	12	17	2	10	0	0	2	0	0	10
1232031201	超级新手剑+1	0	0	4	3	2400000	180	攻击时有35%的几率冰冻目标,降低目标移动速度300、攻击速度350，持续10秒	0	为新手准备的超级装备	1300	0	0	0	2	85000303	35	374	802	110	150	-500	-500	11	1	46	100	13	18	2	10	0	0	2	0	0	10
1232031202	超级新手剑+2	0	0	4	3	2400000	180	攻击时有40%的几率冰冻目标,降低目标移动速度300、攻击速度350，持续10秒	0	为新手准备的超级装备	1400	0	0	0	2	85000303	40	400	828	120	160	-500	-500	12	1	50	103	15	20	2	10	0	0	2	0	0	10
1232031203	超级新手剑+3	0	5	4	3	2400000	180	攻击时有45%的几率冰冻目标,降低目标移动速度300、攻击速度350，持续10秒	0	为新手准备的超级装备	1500	0	0	0	2	85000303	45	426	854	130	170	-500	-500	13	1	53	106	16	21	2	10	0	0	2	0	0	10
1232031204	超级新手剑+4	0	5	4	3	2400000	180	攻击时有50%的几率冰冻目标,降低目标移动速度300、攻击速度350，持续10秒	0	为新手准备的超级装备	1600	0	0	0	2	85000303	50	452	880	140	180	-500	-500	14	1	56	110	17	22	2	10	0	0	2	0	0	10
1232031205	超级新手剑+5	0	6	4	3	2400000	180	攻击时有55%的几率冰冻目标,降低目标移动速度300、攻击速度350，持续10秒	0	为新手准备的超级装备	1700	0	0	0	2	85000303	55	478	906	150	190	-500	-500	15	1	59	113	18	23	2	10	0	0	2	0	0	10
1232031206	超级新手剑+6	0	6	4	3	2400000	180	攻击时有60%的几率冰冻目标,降低目标移动速度300、攻击速度350，持续10秒	0	为新手准备的超级装备	1800	0	0	0	2	85000303	60	504	932	160	200	-500	-500	16	1	63	116	20	25	2	10	0	0	2	0	0	10
1232031207	超级新手剑+7	0	6	4	3	2400000	180	攻击时有65%的几率冰冻目标,降低目标移动速度300、攻击速度350，持续10秒	0	为新手准备的超级装备	1900	0	0	0	2	85000303	65	530	958	170	210	-500	-500	17	1	66	119	21	26	2	10	0	0	2	0	0	10
1232031208	超级新手剑+8	0	7	4	3	2400000	180	攻击时有70%的几率冰冻目标,降低目标移动速度300、攻击速度350，持续10秒	0	为新手准备的超级装备	2000	0	0	0	2	85000303	70	556	984	180	220	-500	-500	18	1	69	123	22	27	2	10	0	0	2	0	0	10
1232031209	超级新手剑+9	0	7	4	3	2400000	180	攻击时有75%的几率冰冻目标,降低目标移动速度300、攻击速度350，持续10秒	0	为新手准备的超级装备	2100	0	0	0	2	85000303	75	582	1010	190	230	-500	-500	19	1	72	126	23	28	2	10	0	0	2	0	0	10
1232031210	超级新手剑+10	0	8	4	3	2400000	180	攻击时有80%的几率冰冻目标,降低目标移动速度300、攻击速度350，持续10秒	0	为新手准备的超级装备	0	0	0	0	2	85000303	80	608	1036	200	240	-500	-500	20	1	76	129	25	30	2	10	0	0	2	0	0	10
1232031300	超级小强之剑	36	0	7	3	18480000	1386	攻击时有30%的几率冰冻目标,降低目标移动速度400、攻击速度450，持续14秒	0	为小强准备的超级装备	3000	0	0	0	2	85000305	30	696	1700	222	274	-500	-500	22	1	87	212	27	34	2	10	0	0	2	0	0	10
1232031301	超级小强之剑+1	36	0	7	3	18480000	1386	攻击时有35%的几率冰冻目标,降低目标移动速度400、攻击速度450，持续14秒	0	为小强准备的超级装备	3500	0	0	0	2	85000305	35	724	1728	234	286	-500	-500	23	1	90	216	29	35	2	10	0	0	2	0	0	10
1232031302	超级小强之剑+2	36	0	7	3	18480000	1386	攻击时有40%的几率冰冻目标,降低目标移动速度400、攻击速度450，持续14秒	0	为小强准备的超级装备	4000	0	0	0	2	85000305	40	752	1756	246	298	-500	-500	24	1	94	219	30	37	2	10	0	0	2	0	0	10
1232031303	超级小强之剑+3	36	5	7	3	18480000	1386	攻击时有45%的几率冰冻目标,降低目标移动速度400、攻击速度450，持续14秒	0	为小强准备的超级装备	4500	0	0	0	2	85000305	45	780	1784	258	310	-500	-500	25	1	97	223	32	38	2	10	0	0	2	0	0	10
1232031304	超级小强之剑+4	36	5	7	3	18480000	1386	攻击时有50%的几率冰冻目标,降低目标移动速度400、攻击速度450，持续14秒	0	为小强准备的超级装备	5000	0	0	0	2	85000305	50	808	1812	270	322	-500	-500	26	1	101	226	33	40	2	10	0	0	2	0	0	10
1232031305	超级小强之剑+5	36	6	7	3	18480000	1386	攻击时有55%的几率冰冻目标,降低目标移动速度400、攻击速度450，持续14秒	0	为小强准备的超级装备	5500	0	0	0	2	85000305	55	836	1840	282	334	-500	-500	27	1	104	230	35	41	2	10	0	0	2	0	0	10
1232031306	超级小强之剑+6	36	6	7	3	18480000	1386	攻击时有60%的几率冰冻目标,降低目标移动速度400、攻击速度450，持续14秒	0	为小强准备的超级装备	6000	0	0	0	2	85000305	60	864	1868	294	346	-500	-500	28	1	108	233	36	43	2	10	0	0	2	0	0	10
1232031307	超级小强之剑+7	36	6	7	3	18480000	1386	攻击时有65%的几率冰冻目标,降低目标移动速度400、攻击速度450，持续14秒	0	为小强准备的超级装备	6500	0	0	0	2	85000305	65	892	1896	306	358	-500	-500	29	1	111	237	38	44	2	10	0	0	2	0	0	10
1232031308	超级小强之剑+8	36	7	7	3	18480000	1386	攻击时有70%的几率冰冻目标,降低目标移动速度400、攻击速度450，持续14秒	0	为小强准备的超级装备	7000	0	0	0	2	85000305	70	920	1924	318	370	-500	-500	30	1	115	240	39	46	2	10	0	0	2	0	0	10
1232031309	超级小强之剑+9	36	7	7	3	18480000	1386	攻击时有75%的几率冰冻目标,降低目标移动速度400、攻击速度450，持续14秒	0	为小强准备的超级装备	7500	0	0	0	2	85000305	75	948	1952	330	382	-500	-500	31	1	118	244	41	47	2	10	0	0	2	0	0	10
1232031310	超级小强之剑+10	36	8	7	3	18480000	1386	攻击时有80%的几率冰冻目标,降低目标移动速度400、攻击速度450，持续14秒	0	为小强准备的超级装备	0	0	0	0	2	85000305	80	976	1980	342	394	-500	-500	32	1	122	247	42	49	2	10	0	0	2	0	0	10
1232031400	超级专业之剑	60	0	10	3	66000000	5000	攻击时有30%的几率冰冻目标,降低目标移动速度400、攻击速度450，持续14秒	0	为专业人士准备的超级装备	10000	0	0	0	2	85000306	30	1078	2834	340	456	-500	-500	33	2	134	354	42	57	2	10	0	0	2	0	0	10
1232031401	超级专业之剑+1	60	0	10	3	66000000	5000	攻击时有35%的几率冰冻目标,降低目标移动速度400、攻击速度450，持续14秒	0	为专业人士准备的超级装备	11000	0	0	0	2	85000306	35	1106	2862	352	468	-500	-500	34	2	138	357	44	58	2	10	0	0	2	0	0	10
1232031402	超级专业之剑+2	60	0	10	3	66000000	5000	攻击时有40%的几率冰冻目标,降低目标移动速度400、攻击速度450，持续14秒	0	为专业人士准备的超级装备	12000	0	0	0	2	85000306	40	1134	2890	364	480	-500	-500	35	2	141	361	45	60	2	10	0	0	2	0	0	10
1232031403	超级专业之剑+3	60	5	10	3	66000000	5000	攻击时有45%的几率冰冻目标,降低目标移动速度400、攻击速度450，持续14秒	0	为专业人士准备的超级装备	13000	0	0	0	2	85000306	45	1162	2918	376	492	-500	-500	36	2	145	364	47	61	2	10	0	0	2	0	0	10
1232031404	超级专业之剑+4	60	5	10	3	66000000	5000	攻击时有50%的几率冰冻目标,降低目标移动速度400、攻击速度450，持续14秒	0	为专业人士准备的超级装备	14000	0	0	0	2	85000306	50	1190	2946	388	504	-500	-500	37	2	148	368	48	63	2	10	0	0	2	0	0	10
1232031405	超级专业之剑+5	60	6	10	3	66000000	5000	攻击时有55%的几率冰冻目标,降低目标移动速度400、攻击速度450，持续14秒	0	为专业人士准备的超级装备	15000	0	0	0	2	85000306	55	1218	2974	400	516	-500	-500	38	2	152	371	50	64	2	10	0	0	2	0	0	10
1232031406	超级专业之剑+6	60	6	10	3	66000000	5000	攻击时有60%的几率冰冻目标,降低目标移动速度400、攻击速度450，持续14秒	0	为专业人士准备的超级装备	16000	0	0	0	2	85000306	60	1246	3002	412	528	-500	-500	39	2	155	375	51	66	2	10	0	0	2	0	0	10
1232031407	超级专业之剑+7	60	6	10	3	66000000	5000	攻击时有65%的几率冰冻目标,降低目标移动速度400、攻击速度450，持续14秒	0	为专业人士准备的超级装备	17000	0	0	0	2	85000306	65	1274	3030	424	540	-500	-500	40	2	159	378	53	67	2	10	0	0	2	0	0	10
1232031408	超级专业之剑+8	60	7	10	3	66000000	5000	攻击时有70%的几率冰冻目标,降低目标移动速度400、攻击速度450，持续14秒	0	为专业人士准备的超级装备	18000	0	0	0	2	85000306	70	1302	3058	436	552	-500	-500	41	2	162	382	54	69	2	10	0	0	2	0	0	10
1232031409	超级专业之剑+9	60	7	10	3	66000000	5000	攻击时有75%的几率冰冻目标,降低目标移动速度400、攻击速度450，持续14秒	0	为专业人士准备的超级装备	19000	0	0	0	2	85000306	75	1330	3086	448	564	-500	-500	42	2	166	385	56	70	2	10	0	0	2	0	0	10
1232031410	超级专业之剑+10	60	8	10	3	66000000	5000	攻击时有80%的几率冰冻目标,降低目标移动速度400、攻击速度450，持续14秒	0	为专业人士准备的超级装备	0	0	0	0	2	85000306	80	1358	3114	460	576	-500	-500	43	2	169	389	57	72	2	10	0	0	2	0	0	10
1232031500	超级噬魂之剑	96	0	11	3	96000000	7200	攻击时有30%的几率冰冻目标,降低目标移动速度400、攻击速度450，持续14秒	0	恶魔的贡品	20000	0	0	0	2	85000306	30	1460	3974	460	638	-500	-500	44	3	181	496	57	80	2	10	0	0	2	0	0	10
1232031501	超级噬魂之剑+1	96	0	11	3	96000000	7200	攻击时有35%的几率冰冻目标,降低目标移动速度400、攻击速度450，持续14秒	0	恶魔的贡品	21000	0	0	0	2	85000306	35	1488	4002	472	650	-500	-500	45	3	184	500	59	82	2	10	0	0	2	0	0	10
1232031502	超级噬魂之剑+2	96	0	11	3	96000000	7200	攻击时有40%的几率冰冻目标,降低目标移动速度400、攻击速度450，持续14秒	0	恶魔的贡品	22000	0	0	0	2	85000306	40	1516	4030	484	662	-500	-500	46	3	187	504	61	84	2	10	0	0	2	0	0	10
1232031503	超级噬魂之剑+3	96	5	11	3	96000000	7200	攻击时有45%的几率冰冻目标,降低目标移动速度400、攻击速度450，持续14秒	0	恶魔的贡品	23000	0	0	0	2	85000306	45	1544	4058	496	674	-500	-500	47	3	190	508	63	86	2	10	0	0	2	0	0	10
1232031504	超级噬魂之剑+4	96	5	11	3	96000000	7200	攻击时有50%的几率冰冻目标,降低目标移动速度400、攻击速度450，持续14秒	0	恶魔的贡品	24000	0	0	0	2	85000306	50	1572	4086	508	686	-500	-500	48	3	193	512	65	88	2	10	0	0	2	0	0	10
1232031505	超级噬魂之剑+5	96	6	11	3	96000000	7200	攻击时有55%的几率冰冻目标,降低目标移动速度400、攻击速度450，持续14秒	0	恶魔的贡品	25000	0	0	0	2	85000306	55	1600	4114	520	698	-500	-500	49	3	196	516	67	90	2	10	0	0	2	0	0	10
1232031506	超级噬魂之剑+6	96	6	11	3	96000000	7200	攻击时有60%的几率冰冻目标,降低目标移动速度400、攻击速度450，持续14秒	0	恶魔的贡品	26000	0	0	0	2	85000306	60	1628	4142	532	710	-500	-500	50	3	199	520	69	92	2	10	0	0	2	0	0	10
1232031507	超级噬魂之剑+7	96	6	11	3	96000000	7200	攻击时有65%的几率冰冻目标,降低目标移动速度400、攻击速度450，持续14秒	0	恶魔的贡品	27000	0	0	0	2	85000306	65	1656	4170	544	722	-500	-500	51	3	202	524	71	94	2	10	0	0	2	0	0	10
1232031508	超级噬魂之剑+8	96	7	11	3	96000000	7200	攻击时有70%的几率冰冻目标,降低目标移动速度400、攻击速度450，持续14秒	0	恶魔的贡品	28000	0	0	0	2	85000306	70	1684	4198	556	734	-500	-500	52	3	205	528	73	96	2	10	0	0	2	0	0	10
1232031509	超级噬魂之剑+9	96	7	11	3	96000000	7200	攻击时有75%的几率冰冻目标,降低目标移动速度400、攻击速度450，持续14秒	0	恶魔的贡品	29000	0	0	0	2	85000306	75	1712	4226	568	746	-500	-500	53	3	208	532	75	98	2	10	0	0	2	0	0	10
1232031510	超级噬魂之剑+10	96	8	11	3	96000000	7200	攻击时有80%的几率冰冻目标,降低目标移动速度400、攻击速度450，持续14秒	0	恶魔的贡品	0	0	0	0	2	85000306	80	1740	4254	580	758	-500	-500	54	3	211	536	77	100	2	10	0	0	2	0	0	10
1232031600	超级化神之剑	120	0	12	3	116000000	8800	攻击时有30%的几率冰冻目标,降低目标移动速度400、攻击速度450，持续14秒	0	上帝的恩赐	30000	0	0	0	2	85000306	30	1840	5114	580	820	-500	-500	55	3	223	613	77	108	2	10	0	0	2	0	0	10
1232031601	超级化神之剑+1	120	0	12	3	116000000	8800	攻击时有35%的几率冰冻目标,降低目标移动速度400、攻击速度450，持续14秒	0	上帝的恩赐	31000	0	0	0	2	85000306	35	1868	5142	592	832	-500	-500	56	3	226	617	79	110	2	10	0	0	2	0	0	10
1232031602	超级化神之剑+2	120	0	12	3	116000000	8800	攻击时有40%的几率冰冻目标,降低目标移动速度400、攻击速度450，持续14秒	0	上帝的恩赐	32000	0	0	0	2	85000306	40	1896	5170	604	844	-500	-500	57	3	229	621	81	112	2	10	0	0	2	0	0	10
1232031603	超级化神之剑+3	120	5	12	3	116000000	8800	攻击时有45%的几率冰冻目标,降低目标移动速度400、攻击速度450，持续14秒	0	上帝的恩赐	33000	0	0	0	2	85000306	45	1924	5198	616	856	-500	-500	58	3	232	625	83	114	2	10	0	0	2	0	0	10
1232031604	超级化神之剑+4	120	5	12	3	116000000	8800	攻击时有50%的几率冰冻目标,降低目标移动速度400、攻击速度450，持续14秒	0	上帝的恩赐	34000	0	0	0	2	85000306	50	1952	5226	628	868	-500	-500	59	3	235	629	85	116	2	10	0	0	2	0	0	10
1232031605	超级化神之剑+5	120	6	12	3	116000000	8800	攻击时有55%的几率冰冻目标,降低目标移动速度400、攻击速度450，持续14秒	0	上帝的恩赐	35000	0	0	0	2	85000306	55	1980	5254	640	880	-500	-500	60	3	238	633	87	118	2	10	0	0	2	0	0	10
1232031606	超级化神之剑+6	120	6	12	3	116000000	8800	攻击时有60%的几率冰冻目标,降低目标移动速度400、攻击速度450，持续14秒	0	上帝的恩赐	36000	0	0	0	2	85000306	60	2008	5282	652	892	-500	-500	61	3	241	637	89	120	2	10	0	0	2	0	0	10
1232031607	超级化神之剑+7	120	6	12	3	116000000	8800	攻击时有65%的几率冰冻目标,降低目标移动速度400、攻击速度450，持续14秒	0	上帝的恩赐	37000	0	0	0	2	85000306	65	2036	5310	664	904	-500	-500	62	3	244	641	91	122	2	10	0	0	2	0	0	10
1232031608	超级化神之剑+8	120	7	12	3	116000000	8800	攻击时有70%的几率冰冻目标,降低目标移动速度400、攻击速度450，持续14秒	0	上帝的恩赐	38000	0	0	0	2	85000306	70	2064	5338	676	916	-500	-500	63	3	247	645	93	124	2	10	0	0	2	0	0	10
1232031609	超级化神之剑+9	120	7	12	3	116000000	8800	攻击时有75%的几率冰冻目标,降低目标移动速度400、攻击速度450，持续14秒	0	上帝的恩赐	39000	0	0	0	2	85000306	75	2092	5366	688	928	-500	-500	64	3	250	649	95	126	2	10	0	0	2	0	0	10
1232031610	超级化神之剑+10	120	8	12	3	116000000	8800	攻击时有80%的几率冰冻目标,降低目标移动速度400、攻击速度450，持续14秒	0	上帝的恩赐	0	0	0	0	2	85000306	80	2120	5394	700	940	-500	-500	65	3	253	653	97	128	2	10	0	0	2	0	0	10
