X坐标	Y坐标	怪物数据编号	怪物掉落编号	怪物行为编号	分组编号	是否队长
x	y	monsterID	plunderID	behaviorID	groupID	isLeader
19	62	60000068	70000068	80000006	0	0
23	59	60000068	70000068	80000006	0	0
18	66	60000068	70000068	80000013	0	0
27	57	60000068	70000068	80000006	0	0
26	51	60000068	70000068	80000006	0	0
28	47	60000068	70000068	80000013	0	0
32	45	60000068	70000068	80000006	0	0
34	51	60000068	70000068	80000006	0	0
33	58	60000068	70000068	80000013	0	0
34	64	60000068	70000068	80000006	0	0
30	69	60000068	70000068	80000006	0	0
17	72	60000068	70000068	80000013	0	0
37	68	60000068	70000068	80000006	0	0
35	73	60000068	70000068	80000006	0	0
29	77	60000068	70000068	80000013	0	0
17	79	60000068	70000068	80000006	0	0
21	82	60000068	70000068	80000006	0	0
26	82	60000068	70000068	80000013	0	0
32	82	60000068	70000068	80000006	0	0
37	82	60000068	70000068	80000006	0	0
17	85	60000069	70000069	80000013	0	0
18	93	60000069	70000069	80000006	0	0
17	100	60000069	70000069	80000006	0	0
25	88	60000069	70000069	80000013	0	0
28	92	60000069	70000069	80000006	0	0
37	92	60000069	70000069	80000006	0	0
42	95	60000069	70000069	80000013	0	0
25	100	60000069	70000069	80000006	0	0
41	106	60000069	70000069	80000006	0	0
38	102	60000069	70000069	80000013	0	0
33	105	60000069	70000069	80000006	0	0
29	103	60000069	70000069	80000006	0	0
21	104	60000069	70000069	80000013	0	0
41	90	60000069	70000069	80000006	0	0
47	92	60000069	70000069	80000006	0	0
50	93	60000069	70000069	80000013	0	0
24	46	60000070	70000070	80000006	0	0
19	46	60000070	70000070	80000006	0	0
18	40	60000070	70000070	80000013	0	0
19	34	60000070	70000070	80000006	0	0
27	38	60000070	70000070	80000006	0	0
22	28	60000070	70000070	80000013	0	0
27	25	60000070	70000070	80000006	0	0
32	27	60000070	70000070	80000006	0	0
35	32	60000070	70000070	80000013	0	0
34	40	60000070	70000070	80000006	0	0
39	36	60000070	70000070	80000006	0	0
44	34	60000070	70000070	80000013	0	0
36	23	60000070	70000070	80000006	0	0
41	21	60000070	70000070	80000006	0	0
45	26	60000070	70000070	80000013	0	0
48	31	60000070	70000070	80000006	0	0
53	32	60000070	70000070	80000006	0	0
56	27	60000070	70000070	80000013	0	0
54	21	60000070	70000070	80000006	0	0
59	20	60000070	70000070	80000006	0	0
64	20	60000070	70000070	80000013	0	0
67	24	60000070	70000070	80000006	0	0
56	35	60000070	70000070	80000006	0	0
58	40	60000070	70000070	80000013	0	0
62	40	60000070	70000070	80000006	0	0
17	109	60000071	70000071	80000006	0	0
18	119	60000071	70000071	80000013	0	0
21	116	60000071	70000071	80000006	0	0
26	118	60000071	70000071	80000006	0	0
31	115	60000071	70000071	80000013	0	0
33	121	60000071	70000071	80000006	0	0
37	117	60000071	70000071	80000006	0	0
41	119	60000071	70000071	80000013	0	0
46	121	60000071	70000071	80000006	0	0
47	115	60000071	70000071	80000006	0	0
51	118	60000071	70000071	80000013	0	0
56	119	60000071	70000071	80000006	0	0
60	119	60000071	70000071	80000006	0	0
61	112	60000071	70000071	80000013	0	0
67	104	60000071	70000071	80000006	0	0
61	103	60000071	70000071	80000006	0	0
66	95	60000071	70000071	80000013	0	0
61	94	60000071	70000071	80000006	0	0
64	117	60000071	70000071	80000006	0	0
69	28	60000072	70000072	80000013	0	0
74	28	60000072	70000072	80000006	0	0
77	20	60000072	70000072	80000006	0	0
79	26	60000072	70000072	80000013	0	0
83	28	60000072	70000072	80000006	0	0
67	40	60000072	70000072	80000006	0	0
73	34	60000072	70000072	80000013	0	0
73	40	60000072	70000072	80000006	0	0
83	36	60000072	70000072	80000006	0	0
65	46	60000072	70000072	80000013	0	0
67	52	60000072	70000072	80000006	0	0
74	45	60000072	70000072	80000006	0	0
73	52	60000072	70000072	80000013	0	0
84	43	60000072	70000072	80000006	0	0
83	51	60000072	70000072	80000006	0	0
79	56	60000072	70000072	80000013	0	0
79	61	60000072	70000072	80000006	0	0
84	62	60000072	70000072	80000006	0	0
81	66	60000072	70000072	80000013	0	0
76	65	60000073	70000073	80000006	0	0
71	66	60000073	70000073	80000006	0	0
67	68	60000073	70000073	80000013	0	0
64	74	60000073	70000073	80000006	0	0
61	76	60000073	70000073	80000006	0	0
61	82	60000073	70000073	80000013	0	0
65	84	60000073	70000073	80000006	0	0
62	88	60000073	70000073	80000006	0	0
82	84	60000073	70000073	80000013	0	0
82	90	60000073	70000073	80000006	0	0
79	96	60000073	70000073	80000006	0	0
86	96	60000073	70000073	80000013	0	0
78	101	60000073	70000073	80000006	0	0
86	104	60000073	70000073	80000006	0	0
81	107	60000073	70000073	80000013	0	0
68	116	60000073	70000073	80000006	0	0
77	111	60000073	70000073	80000006	0	0
81	118	60000073	70000073	80000013	0	0
72	119	60000073	70000073	80000006	0	0
76	117	60000073	70000073	80000006	0	0
49	53	60000074	70000074	80000013	0	0
47	59	60000074	70000074	80000006	0	0
52	58	60000074	70000074	80000006	0	0
51	52	60000074	70000074	80000013	0	0
49	56	61000006	71000006	80000012	0	0
82	95	61000006	71000006	80000007	0	0
85	107	60000073	70000073	80000006	0	0
78	96	60000073	70000073	80000006	0	0
78	107	60000073	70000073	80000006	0	0
87	99	60000073	70000073	80000006	0	0
78	115	60000073	70000073	80000006	0	0
72	115	60000073	70000073	80000006	0	0
79	119	60000073	70000073	80000006	0	0
80	86	60000073	70000073	80000006	0	0
84	86	60000073	70000073	80000006	0	0
35	26	60000070	70000070	80000006	0	0
29	25	60000070	70000070	80000006	0	0
43	22	60000070	70000070	80000006	0	0
34	35	60000070	70000070	80000006	0	0
36	28	60000070	70000070	80000006	0	0
45	29	60000070	70000070	80000006	0	0
43	37	60000070	70000070	80000006	0	0
25	27	60000070	70000070	80000006	0	0
39	22	60000070	70000070	80000006	0	0
50	32	60000070	70000070	80000006	0	0
36	36	60000070	70000070	80000006	0	0
