X坐标	Y坐标	怪物数据编号	怪物掉落编号	怪物行为编号	分组编号	是否队长
x	y	monsterID	plunderID	behaviorID	groupID	isLeader
21	24	60000042	70000042	80000006	0	0
26	23	60000042	70000042	80000006	0	0
25	27	60000042	70000042	80000013	0	0
21	31	60000042	70000042	80000006	0	0
22	37	60000042	70000042	80000014	0	0
28	37	60000042	70000042	80000013	0	0
31	38	60000042	70000042	80000006	0	0
22	44	60000042	70000042	80000006	0	0
24	50	60000042	70000042	80000013	0	0
30	50	60000042	70000042	80000006	0	0
34	46	60000042	70000042	80000014	0	0
30	26	60000042	70000042	80000013	0	0
35	27	60000042	70000042	80000006	0	0
40	26	60000042	70000042	80000006	0	0
39	47	60000042	70000042	80000013	0	0
42	32	60000043	70000043	80000006	0	0
47	32	60000043	70000043	80000006	0	0
52	31	60000043	70000043	80000013	0	0
55	26	60000043	70000043	80000006	0	0
61	26	60000043	70000043	80000006	0	0
49	38	60000043	70000043	80000013	0	0
52	43	60000043	70000043	80000006	0	0
57	44	60000043	70000043	80000006	0	0
63	45	60000043	70000043	80000013	0	0
55	50	60000043	70000043	80000006	0	0
62	35	60000043	70000043	80000006	0	0
68	24	60000043	70000043	80000013	0	0
76	25	60000043	70000043	80000006	0	0
81	28	60000043	70000043	80000006	0	0
78	33	60000043	70000043	80000013	0	0
74	39	60000043	70000043	80000006	0	0
70	44	60000043	70000043	80000006	0	0
25	56	60000044	70000044	80000013	0	0
21	60	60000044	70000044	80000006	0	0
27	60	60000044	70000044	80000006	0	0
33	60	60000044	70000044	80000013	0	0
39	63	60000044	70000044	80000006	0	0
40	55	60000044	70000044	80000006	0	0
44	60	60000044	70000044	80000013	0	0
49	54	60000044	70000044	80000006	0	0
55	56	60000044	70000044	80000006	0	0
46	64	60000044	70000044	80000013	0	0
55	64	60000044	70000044	80000006	0	0
65	49	60000044	70000044	80000006	0	0
64	55	60000044	70000044	80000013	0	0
65	61	60000044	70000044	80000006	0	0
62	67	60000044	70000044	80000006	0	0
51	69	60000044	70000044	80000013	0	0
19	66	60000044	70000044	80000006	0	0
21	72	60000044	70000044	80000006	0	0
26	73	60000045	70000045	80000013	0	0
31	67	60000045	70000045	80000006	0	0
31	74	60000045	70000045	80000006	0	0
42	70	60000045	70000045	80000013	0	0
29	79	60000045	70000045	80000006	0	0
24	80	60000045	70000045	80000006	0	0
19	83	60000045	70000045	80000013	0	0
21	88	60000045	70000045	80000006	0	0
27	88	60000045	70000045	80000006	0	0
41	76	60000045	70000045	80000013	0	0
41	82	60000045	70000045	80000006	0	0
46	84	60000045	70000045	80000006	0	0
30	93	60000045	70000045	80000013	0	0
37	94	60000045	70000045	80000006	0	0
43	94	60000045	70000045	80000006	0	0
47	89	60000045	70000045	80000013	0	0
51	81	60000045	70000045	80000006	0	0
54	74	60000045	70000045	80000006	0	0
29	97	60000045	70000045	80000013	0	0
22	96	60000045	70000045	80000006	0	0
60	72	60000046	70000046	80000006	0	0
64	75	60000046	70000046	80000013	0	0
69	78	60000046	70000046	80000006	0	0
64	87	60000046	70000046	80000006	0	0
68	84	60000046	70000046	80000013	0	0
74	84	60000046	70000046	80000006	0	0
77	90	60000046	70000046	80000006	0	0
54	89	60000046	70000046	80000013	0	0
58	87	60000046	70000046	80000006	0	0
63	95	60000046	70000046	80000006	0	0
70	97	60000046	70000046	80000013	0	0
76	96	60000046	70000046	80000006	0	0
81	98	60000046	70000046	80000006	0	0
80	105	60000046	70000046	80000013	0	0
75	106	60000046	70000046	80000006	0	0
69	106	60000046	70000046	80000006	0	0
63	105	60000046	70000046	80000013	0	0
57	105	60000046	70000046	80000006	0	0
46	100	60000046	70000046	80000006	0	0
52	107	60000046	70000046	80000013	0	0
56	97	60000046	70000046	80000006	0	0
19	99	60000047	70000047	80000006	0	0
20	105	60000047	70000047	80000013	0	0
27	105	60000047	70000047	80000006	0	0
30	110	60000047	70000047	80000006	0	0
25	113	60000047	70000047	80000013	0	0
19	114	60000047	70000047	80000006	0	0
19	120	60000047	70000047	80000006	0	0
24	122	60000047	70000047	80000013	0	0
30	122	60000047	70000047	80000006	0	0
36	121	60000047	70000047	80000006	0	0
39	115	60000047	70000047	80000013	0	0
44	109	60000047	70000047	80000006	0	0
40	123	60000047	70000047	80000006	0	0
44	121	60000047	70000047	80000013	0	0
49	121	60000047	70000047	80000006	0	0
53	118	60000047	70000047	80000006	0	0
47	104	60000047	70000047	80000013	0	0
57	117	60000047	70000047	80000006	0	0
62	112	60000047	70000047	80000006	0	0
62	118	60000047	70000047	80000013	0	0
63	123	60000047	70000047	80000006	0	0
67	124	60000048	70000048	80000006	0	0
73	111	60000048	70000048	80000013	0	0
73	117	60000048	70000048	80000006	0	0
73	124	60000048	70000048	80000006	0	0
79	124	60000048	70000048	80000013	0	0
81	117	60000048	70000048	80000006	0	0
86	116	60000048	70000048	80000006	0	0
91	120	60000048	70000048	80000013	0	0
89	111	60000048	70000048	80000006	0	0
79	55	60000048	70000048	80000006	0	0
81	59	60000048	70000048	80000013	0	0
80	66	60000048	70000048	80000006	0	0
87	66	60000048	70000048	80000006	0	0
84	56	60000048	70000048	80000013	0	0
88	59	60000048	70000048	80000006	0	0
83	65	60000048	70000048	80000006	0	0
84	61	61000009	71000009	80000012	0	0
32	41	60000042	70000042	80000013	0	0
22	47	60000042	70000042	80000013	0	0
28	49	60000042	70000042	80000013	0	0
32	48	60000042	70000042	80000013	0	0
36	45	60000042	70000042	80000013	0	0
33	38	60000042	70000042	80000013	0	0
26	38	60000042	70000042	80000013	0	0
23	38	60000042	70000042	80000013	0	0
22	40	60000042	70000042	80000013	0	0
22	50	60000042	70000042	80000013	0	0
61	88	60000046	70000046	80000006	0	0
57	90	60000046	70000046	80000006	0	0
55	91	60000046	70000046	80000006	0	0
51	89	60000046	70000046	80000006	0	0
63	90	60000046	70000046	80000006	0	0
57	93	60000046	70000046	80000006	0	0
57	99	60000046	70000046	80000006	0	0
66	97	60000046	70000046	80000006	0	0
64	84	60000046	70000046	80000006	0	0
