X坐标	Y坐标	怪物数据编号	怪物掉落编号	怪物行为编号	分组编号	是否队长
x	y	monsterID	plunderID	behaviorID	groupID	isLeader
76	108	60000058	70000058	80000006	0	0
16	62	60000058	70000058	80000006	0	0
14	52	60000058	70000058	80000013	0	0
16	43	60000058	70000058	80000006	0	0
16	32	60000058	70000058	80000014	0	0
16	25	60000058	70000058	80000013	0	0
23	17	60000058	70000058	80000006	0	0
25	31	60000058	70000058	80000006	0	0
24	25	60000058	70000058	80000013	0	0
32	17	60000058	70000058	80000006	0	0
33	30	60000058	70000058	80000014	0	0
33	46	60000058	70000058	80000013	0	0
32	60	60000058	70000058	80000006	0	0
34	83	60000058	70000058	80000006	0	0
29	80	60000058	70000058	80000013	0	0
17	80	60000058	70000058	80000006	0	0
14	91	60000058	70000058	80000014	0	0
14	106	60000058	70000058	80000013	0	0
21	112	60000058	70000058	80000006	0	0
31	110	60000058	70000058	80000006	0	0
41	115	60000058	70000058	80000013	0	0
15	126	60000058	70000058	80000006	0	0
15	140	60000058	70000058	80000014	0	0
28	140	60000058	70000058	80000013	0	0
35	143	60000058	70000058	80000006	0	0
45	141	60000058	70000058	80000006	0	0
49	134	60000058	70000058	80000013	0	0
54	140	60000058	70000058	80000006	0	0
59	134	60000058	70000058	80000014	0	0
51	118	60000058	70000058	80000013	0	0
49	99	60000058	70000058	80000006	0	0
51	86	60000058	70000058	80000006	0	0
56	79	60000058	70000058	80000013	0	0
46	47	60000058	70000058	80000006	0	0
54	43	60000058	70000058	80000014	0	0
43	18	60000058	70000058	80000013	0	0
52	19	60000058	70000058	80000006	0	0
67	18	60000058	70000058	80000006	0	0
81	17	60000058	70000058	80000013	0	0
77	32	60000058	70000058	80000006	0	0
90	18	60000058	70000058	80000014	0	0
100	23	60000058	70000058	80000013	0	0
106	30	60000058	70000058	80000006	0	0
106	39	60000058	70000058	80000006	0	0
85	46	60000058	70000058	80000013	0	0
79	51	60000058	70000058	80000006	0	0
106	57	60000058	70000058	80000014	0	0
106	81	60000058	70000058	80000013	0	0
79	73	60000058	70000058	80000006	0	0
105	106	60000058	70000058	80000006	0	0
92	97	60000058	70000058	80000013	0	0
87	107	60000058	70000058	80000006	0	0
102	133	60000058	70000058	80000014	0	0
97	124	60000058	70000058	80000013	0	0
82	124	60000058	70000058	80000006	0	0
77	139	60000058	70000058	80000006	0	0
80	91	60000058	70000058	80000013	0	0
67	81	60000058	70000058	80000006	0	0
100	130	60000059	70000059	80000006	0	0
88	123	60000059	70000059	80000013	0	0
18	62	60000059	70000059	80000006	0	0
16	46	60000059	70000059	80000006	0	0
19	31	60000059	70000059	80000013	0	0
29	32	60000059	70000059	80000006	0	0
72	81	60000059	70000059	80000006	0	0
17	18	60000059	70000059	80000013	0	0
30	24	60000059	70000059	80000006	0	0
47	18	60000059	70000059	80000006	0	0
48	42	60000059	70000059	80000013	0	0
33	63	60000059	70000059	80000006	0	0
16	82	60000059	70000059	80000006	0	0
31	85	60000059	70000059	80000013	0	0
37	81	60000059	70000059	80000006	0	0
15	91	60000059	70000059	80000006	0	0
16	111	60000059	70000059	80000013	0	0
30	114	60000059	70000059	80000006	0	0
14	131	60000059	70000059	80000006	0	0
19	143	60000059	70000059	80000013	0	0
29	137	60000059	70000059	80000006	0	0
38	142	60000059	70000059	80000006	0	0
48	141	60000059	70000059	80000013	0	0
55	134	60000059	70000059	80000006	0	0
60	140	60000059	70000059	80000006	0	0
51	123	60000059	70000059	80000013	0	0
67	143	60000059	70000059	80000006	0	0
78	135	60000059	70000059	80000006	0	0
78	122	60000059	70000059	80000013	0	0
79	102	60000059	70000059	80000006	0	0
89	107	60000059	70000059	80000006	0	0
96	108	60000059	70000059	80000013	0	0
106	100	60000059	70000059	80000006	0	0
105	85	60000059	70000059	80000006	0	0
79	85	60000059	70000059	80000013	0	0
106	62	60000059	70000059	80000006	0	0
100	50	60000059	70000059	80000006	0	0
82	50	60000059	70000059	80000013	0	0
79	45	60000059	70000059	80000006	0	0
105	26	60000059	70000059	80000006	0	0
88	18	60000059	70000059	80000013	0	0
66	55	60000059	70000059	80000006	0	0
47	49	60000059	70000059	80000006	0	0
44	80	60000059	70000059	80000013	0	0
50	95	60000059	70000059	80000006	0	0
63	18	60000059	70000059	80000006	0	0
73	18	60000059	70000059	80000013	0	0
62	80	60000059	70000059	80000006	0	0
20	24	60000060	70000060	80000006	0	0
28	23	60000060	70000060	80000013	0	0
35	39	60000060	70000060	80000006	0	0
23	79	60000060	70000060	80000006	0	0
37	86	60000060	70000060	80000013	0	0
14	97	60000060	70000060	80000006	0	0
24	111	60000060	70000060	80000006	0	0
15	119	60000060	70000060	80000013	0	0
33	138	60000060	70000060	80000006	0	0
30	141	60000060	70000060	80000006	0	0
35	114	60000060	70000060	80000013	0	0
46	114	60000060	70000060	80000006	0	0
38	17	60000060	70000060	80000006	0	0
57	31	60000060	70000060	80000013	0	0
52	45	60000060	70000060	80000006	0	0
61	55	60000060	70000060	80000006	0	0
53	80	60000060	70000060	80000013	0	0
53	99	60000060	70000060	80000006	0	0
51	136	60000060	70000060	80000006	0	0
57	142	60000060	70000060	80000013	0	0
74	141	60000060	70000060	80000006	0	0
80	131	60000060	70000060	80000006	0	0
65	110	60000060	70000060	80000013	0	0
80	113	60000060	70000060	80000006	0	0
79	69	60000060	70000060	80000006	0	0
78	33	60000060	70000060	80000013	0	0
84	55	60000060	70000060	80000006	0	0
79	57	60000060	70000060	80000006	0	0
83	108	60000060	70000060	80000013	0	0
93	101	60000060	70000060	80000006	0	0
94	124	60000060	70000060	80000006	0	0
103	108	60000060	70000060	80000013	0	0
106	91	60000060	70000060	80000006	0	0
104	50	60000060	70000060	80000006	0	0
98	18	60000060	70000060	80000013	0	0
105	20	60000060	70000060	80000006	0	0
57	136	61000012	71000012	80000007	0	0
103	19	61000012	71000012	80000007	0	0
17	23	60000058	70000058	80000013	0	0
27	17	60000058	70000058	80000013	0	0
34	27	60000058	70000058	80000013	0	0
33	20	60000058	70000058	80000013	0	0
21	18	60000058	70000058	80000013	0	0
23	33	60000058	70000058	80000013	0	0
18	30	60000058	70000058	80000013	0	0
26	24	60000058	70000058	80000013	0	0
22	22	60000058	70000058	80000013	0	0
28	29	60000058	70000058	80000013	0	0
