X坐标	Y坐标	怪物数据编号	怪物掉落编号	怪物行为编号	分组编号	是否队长
x	y	monsterID	plunderID	behaviorID	groupID	isLeader
14	155	60000017	70000017	80000005	0	0
10	160	60000017	70000017	80000005	0	0
12	164	60000017	70000017	80000013	0	0
15	159	60000017	70000017	80000005	0	0
22	180	60000017	70000017	80000005	0	0
18	175	60000017	70000017	80000013	0	0
23	175	60000017	70000017	80000005	0	0
19	169	60000017	70000017	80000005	0	0
13	170	60000017	70000017	80000013	0	0
17	164	60000017	70000017	80000005	0	0
23	167	60000017	70000017	80000005	0	0
27	172	60000017	70000017	80000013	0	0
27	180	60000017	70000017	80000005	0	0
32	183	60000017	70000017	80000005	0	0
29	176	60000017	70000017	80000013	0	0
14	146	60000017	70000017	80000005	0	0
15	139	60000017	70000017	80000005	0	0
19	143	60000017	70000017	80000013	0	0
20	147	60000017	70000017	80000005	0	0
18	153	60000017	70000017	80000005	0	0
22	156	60000017	70000017	80000013	0	0
25	150	60000017	70000017	80000005	0	0
25	142	60000017	70000017	80000005	0	0
21	137	60000017	70000017	80000013	0	0
28	147	60000017	70000017	80000005	0	0
27	154	60000017	70000017	80000005	0	0
21	161	60000017	70000017	80000013	0	0
30	166	60000017	70000017	80000005	0	0
35	176	60000017	70000017	80000005	0	0
37	181	60000017	70000017	80000013	0	0
42	181	60000017	70000017	80000005	0	0
40	175	60000017	70000017	80000005	0	0
43	171	60000017	70000017	80000013	0	0
33	170	60000017	70000017	80000005	0	0
37	166	60000017	70000017	80000005	0	0
42	165	60000017	70000017	80000013	0	0
33	161	60000017	70000017	80000005	0	0
32	154	60000017	70000017	80000005	0	0
34	149	60000017	70000017	80000013	0	0
27	137	60000017	70000017	80000005	0	0
32	139	60000017	70000017	80000005	0	0
33	144	60000017	70000017	80000013	0	0
37	143	60000017	70000017	80000005	0	0
40	147	60000017	70000017	80000005	0	0
37	152	60000017	70000017	80000013	0	0
39	158	60000017	70000017	80000005	0	0
46	183	60000018	70000018	80000005	0	0
49	179	60000018	70000018	80000013	0	0
52	182	60000018	70000018	80000005	0	0
56	179	60000018	70000018	80000005	0	0
58	183	60000018	70000018	80000013	0	0
62	180	60000018	70000018	80000005	0	0
65	183	60000018	70000018	80000005	0	0
67	176	60000018	70000018	80000013	0	0
63	173	60000018	70000018	80000005	0	0
39	138	60000018	70000018	80000005	0	0
43	141	60000018	70000018	80000013	0	0
46	145	60000018	70000018	80000005	0	0
45	150	60000018	70000018	80000005	0	0
43	155	60000018	70000018	80000013	0	0
48	157	60000018	70000018	80000005	0	0
45	160	60000018	70000018	80000005	0	0
48	165	60000018	70000018	80000013	0	0
51	162	60000018	70000018	80000005	0	0
55	165	60000018	70000018	80000005	0	0
68	180	60000018	70000018	80000013	0	0
60	168	60000018	70000018	80000005	0	0
72	183	60000018	70000018	80000005	0	0
72	178	60000018	70000018	80000013	0	0
47	138	60000018	70000018	80000005	0	0
51	143	60000018	70000018	80000005	0	0
50	149	60000018	70000018	80000013	0	0
52	153	60000018	70000018	80000005	0	0
55	157	60000018	70000018	80000005	0	0
56	150	60000018	70000018	80000013	0	0
56	144	60000018	70000018	80000005	0	0
53	138	60000018	70000018	80000005	0	0
58	139	60000018	70000018	80000013	0	0
60	145	60000018	70000018	80000005	0	0
62	141	60000018	70000018	80000005	0	0
64	148	60000018	70000018	80000013	0	0
61	152	60000018	70000018	80000005	0	0
60	157	60000018	70000018	80000005	0	0
65	156	60000018	70000018	80000013	0	0
60	162	60000018	70000018	80000005	0	0
65	163	60000018	70000018	80000005	0	0
65	168	60000018	70000018	80000013	0	0
69	171	60000018	70000018	80000005	0	0
72	173	60000018	70000018	80000005	0	0
62	136	60000018	70000018	80000013	0	0
66	139	60000018	70000018	80000005	0	0
67	144	60000018	70000018	80000005	0	0
70	136	60000018	70000018	80000013	0	0
71	141	60000018	70000018	80000005	0	0
74	138	60000018	70000018	80000005	0	0
76	143	60000018	70000018	80000013	0	0
73	147	60000018	70000018	80000005	0	0
70	150	60000018	70000018	80000005	0	0
71	156	60000018	70000018	80000013	0	0
75	152	60000018	70000018	80000005	0	0
78	149	60000018	70000018	80000005	0	0
77	156	60000018	70000018	80000013	0	0
73	161	60000018	70000018	80000005	0	0
68	160	60000018	70000018	80000005	0	0
80	176	60000018	70000018	80000013	0	0
76	162	60000018	70000018	80000005	0	0
77	168	60000018	70000018	80000005	0	0
70	165	60000018	70000018	80000013	0	0
73	168	60000018	70000018	80000005	0	0
76	182	60000018	70000018	80000005	0	0
80	183	60000018	70000018	80000013	0	0
18	132	60000019	70000019	80000005	0	0
15	127	60000019	70000019	80000005	0	0
19	126	60000019	70000019	80000013	0	0
22	130	60000019	70000019	80000005	0	0
26	132	60000019	70000019	80000005	0	0
31	133	60000019	70000019	80000013	0	0
37	134	60000019	70000019	80000005	0	0
29	128	60000019	70000019	80000005	0	0
24	124	60000019	70000019	80000013	0	0
34	129	60000019	70000019	80000005	0	0
16	121	60000019	70000019	80000005	0	0
20	120	60000019	70000019	80000013	0	0
26	121	60000019	70000019	80000005	0	0
30	122	60000019	70000019	80000005	0	0
36	124	60000019	70000019	80000013	0	0
57	132	60000019	70000019	80000005	0	0
47	133	60000019	70000019	80000005	0	0
49	127	60000019	70000019	80000013	0	0
42	135	60000019	70000019	80000005	0	0
44	129	60000019	70000019	80000005	0	0
38	128	60000019	70000019	80000013	0	0
42	123	60000019	70000019	80000005	0	0
48	122	60000019	70000019	80000005	0	0
53	124	60000019	70000019	80000013	0	0
58	124	60000019	70000019	80000005	0	0
14	113	60000019	70000019	80000005	0	0
18	114	60000019	70000019	80000013	0	0
22	116	60000019	70000019	80000005	0	0
26	113	60000019	70000019	80000005	0	0
29	116	60000019	70000019	80000013	0	0
21	109	60000019	70000019	80000005	0	0
16	108	60000019	70000019	80000005	0	0
18	103	60000019	70000019	80000013	0	0
13	99	60000019	70000019	80000005	0	0
17	96	60000019	70000019	80000005	0	0
21	99	60000019	70000019	80000013	0	0
23	104	60000019	70000019	80000005	0	0
26	107	60000019	70000019	80000005	0	0
30	110	60000019	70000019	80000013	0	0
28	103	60000019	70000019	80000005	0	0
26	98	60000019	70000019	80000005	0	0
22	94	60000019	70000019	80000013	0	0
14	91	60000019	70000019	80000005	0	0
19	90	60000019	70000019	80000005	0	0
15	85	60000019	70000019	80000013	0	0
20	84	60000019	70000019	80000005	0	0
23	87	60000019	70000019	80000005	0	0
26	82	60000019	70000019	80000013	0	0
27	87	60000019	70000019	80000005	0	0
26	92	60000019	70000019	80000005	0	0
30	96	60000019	70000019	80000013	0	0
32	100	60000019	70000019	80000005	0	0
32	91	60000019	70000019	80000005	0	0
33	107	60000019	70000019	80000013	0	0
33	114	60000019	70000019	80000005	0	0
36	119	60000019	70000019	80000005	0	0
55	118	60000019	70000019	80000013	0	0
50	116	60000019	70000019	80000005	0	0
45	117	60000019	70000019	80000005	0	0
40	117	60000019	70000019	80000013	0	0
47	111	60000019	70000019	80000005	0	0
53	110	60000019	70000019	80000005	0	0
42	111	60000019	70000019	80000013	0	0
37	110	60000019	70000019	80000005	0	0
40	106	60000019	70000019	80000005	0	0
44	106	60000019	70000019	80000013	0	0
50	106	60000019	70000019	80000005	0	0
36	102	60000019	70000019	80000005	0	0
31	84	60000019	70000019	80000013	0	0
35	88	60000019	70000019	80000005	0	0
35	95	60000019	70000019	80000005	0	0
38	92	60000019	70000019	80000013	0	0
40	98	60000019	70000019	80000005	0	0
44	100	60000019	70000019	80000005	0	0
48	101	60000019	70000019	80000013	0	0
53	103	60000019	70000019	80000005	0	0
51	96	60000019	70000019	80000005	0	0
46	96	60000019	70000019	80000013	0	0
43	92	60000019	70000019	80000005	0	0
49	90	60000019	70000019	80000005	0	0
51	86	60000019	70000019	80000013	0	0
46	86	60000019	70000019	80000005	0	0
42	87	60000019	70000019	80000005	0	0
52	133	60000019	70000019	80000013	0	0
80	140	60000020	70000020	80000005	0	0
82	145	60000020	70000020	80000005	0	0
84	179	60000020	70000020	80000013	0	0
88	183	60000020	70000020	80000005	0	0
81	171	60000020	70000020	80000005	0	0
85	174	60000020	70000020	80000013	0	0
88	177	60000020	70000020	80000005	0	0
91	181	60000020	70000020	80000005	0	0
92	174	60000020	70000020	80000013	0	0
90	170	60000020	70000020	80000005	0	0
86	140	60000020	70000020	80000005	0	0
89	144	60000020	70000020	80000013	0	0
93	141	60000020	70000020	80000005	0	0
97	144	60000020	70000020	80000005	0	0
94	147	60000020	70000020	80000013	0	0
101	141	60000020	70000020	80000005	0	0
107	143	60000020	70000020	80000005	0	0
109	148	60000020	70000020	80000013	0	0
112	144	60000020	70000020	80000005	0	0
115	140	60000020	70000020	80000005	0	0
118	144	60000020	70000020	80000013	0	0
122	142	60000020	70000020	80000005	0	0
123	147	60000020	70000020	80000005	0	0
121	150	60000020	70000020	80000013	0	0
86	148	60000020	70000020	80000005	0	0
81	152	60000020	70000020	80000005	0	0
86	154	60000020	70000020	80000013	0	0
82	158	60000020	70000020	80000005	0	0
80	165	60000020	70000020	80000005	0	0
86	166	60000020	70000020	80000013	0	0
86	161	60000020	70000020	80000005	0	0
92	163	60000020	70000020	80000005	0	0
91	150	60000020	70000020	80000013	0	0
90	157	60000020	70000020	80000005	0	0
95	159	60000020	70000020	80000005	0	0
95	153	60000020	70000020	80000013	0	0
98	150	60000020	70000020	80000005	0	0
102	145	60000020	70000020	80000005	0	0
105	150	60000020	70000020	80000013	0	0
102	153	60000020	70000020	80000005	0	0
108	153	60000020	70000020	80000005	0	0
114	150	60000020	70000020	80000013	0	0
112	155	60000020	70000020	80000005	0	0
115	158	60000020	70000020	80000005	0	0
121	158	60000020	70000020	80000013	0	0
117	162	60000020	70000020	80000005	0	0
121	167	60000020	70000020	80000005	0	0
112	169	60000020	70000020	80000013	0	0
112	163	60000020	70000020	80000005	0	0
108	159	60000020	70000020	80000005	0	0
108	165	60000020	70000020	80000013	0	0
103	161	60000020	70000020	80000005	0	0
99	157	60000020	70000020	80000005	0	0
98	164	60000020	70000020	80000013	0	0
96	183	60000020	70000020	80000005	0	0
96	178	60000020	70000020	80000005	0	0
94	168	60000020	70000020	80000013	0	0
97	172	60000020	70000020	80000005	0	0
101	176	60000020	70000020	80000005	0	0
100	181	60000020	70000020	80000013	0	0
105	183	60000020	70000020	80000005	0	0
106	178	60000020	70000020	80000005	0	0
109	181	60000020	70000020	80000013	0	0
115	183	60000020	70000020	80000005	0	0
116	177	60000020	70000020	80000005	0	0
111	175	60000020	70000020	80000013	0	0
120	173	60000020	70000020	80000005	0	0
116	170	60000020	70000020	80000005	0	0
107	170	60000020	70000020	80000013	0	0
102	168	60000020	70000020	80000005	0	0
21	22	60000021	70000021	80000005	0	0
18	24	60000021	70000021	80000013	0	0
16	29	60000021	70000021	80000005	0	0
22	29	60000021	70000021	80000005	0	0
25	24	60000021	70000021	80000013	0	0
26	32	60000021	70000021	80000005	0	0
32	34	60000021	70000021	80000005	0	0
26	45	60000021	70000021	80000013	0	0
17	42	60000021	70000021	80000005	0	0
14	50	60000021	70000021	80000005	0	0
19	49	60000021	70000021	80000013	0	0
22	45	60000021	70000021	80000005	0	0
24	50	60000021	70000021	80000005	0	0
29	50	60000021	70000021	80000013	0	0
31	44	60000021	70000021	80000005	0	0
32	52	60000021	70000021	80000005	0	0
21	55	60000021	70000021	80000013	0	0
17	53	60000021	70000021	80000005	0	0
13	58	60000021	70000021	80000005	0	0
17	60	60000021	70000021	80000013	0	0
15	65	60000021	70000021	80000005	0	0
20	66	60000021	70000021	80000005	0	0
22	60	60000021	70000021	80000013	0	0
27	57	60000021	70000021	80000005	0	0
31	61	60000021	70000021	80000005	0	0
26	67	60000021	70000021	80000013	0	0
22	71	60000021	70000021	80000005	0	0
17	69	60000021	70000021	80000005	0	0
13	72	60000021	70000021	80000013	0	0
14	78	60000021	70000021	80000005	0	0
17	74	60000021	70000021	80000005	0	0
19	79	60000021	70000021	80000013	0	0
23	79	60000021	70000021	80000005	0	0
25	74	60000021	70000021	80000005	0	0
29	79	60000021	70000021	80000013	0	0
34	81	60000021	70000021	80000005	0	0
39	81	60000021	70000021	80000005	0	0
37	76	60000021	70000021	80000013	0	0
32	72	60000021	70000021	80000005	0	0
32	66	60000021	70000021	80000005	0	0
44	82	60000021	70000021	80000013	0	0
47	77	60000021	70000021	80000005	0	0
52	74	60000021	70000021	80000005	0	0
48	71	60000021	70000021	80000013	0	0
43	73	60000021	70000021	80000005	0	0
51	65	60000021	70000021	80000005	0	0
48	58	60000021	70000021	80000013	0	0
51	54	60000021	70000021	80000005	0	0
49	45	60000021	70000021	80000005	0	0
44	49	60000021	70000021	80000013	0	0
46	39	60000021	70000021	80000005	0	0
50	19	60000021	70000021	80000005	0	0
47	24	60000021	70000021	80000013	0	0
43	25	60000021	70000021	80000005	0	0
39	31	60000021	70000021	80000005	0	0
43	31	60000021	70000021	80000013	0	0
48	32	60000021	70000021	80000005	0	0
50	37	60000021	70000021	80000005	0	0
40	37	60000021	70000021	80000013	0	0
41	43	60000021	70000021	80000005	0	0
39	68	60000021	70000021	80000005	0	0
44	66	60000021	70000021	80000013	0	0
36	62	60000021	70000021	80000005	0	0
42	59	60000021	70000021	80000005	0	0
35	57	60000021	70000021	80000013	0	0
40	53	60000021	70000021	80000005	0	0
89	136	60000022	70000022	80000005	0	0
85	132	60000022	70000022	80000013	0	0
91	131	60000022	70000022	80000005	0	0
91	120	60000022	70000022	80000005	0	0
85	121	60000022	70000022	80000013	0	0
79	121	60000022	70000022	80000005	0	0
80	129	60000022	70000022	80000005	0	0
77	133	60000022	70000022	80000013	0	0
72	130	60000022	70000022	80000005	0	0
75	124	60000022	70000022	80000005	0	0
54	82	60000022	70000022	80000013	0	0
58	86	60000022	70000022	80000005	0	0
62	83	60000022	70000022	80000005	0	0
66	87	60000022	70000022	80000013	0	0
71	84	60000022	70000022	80000005	0	0
72	89	60000022	70000022	80000005	0	0
76	86	60000022	70000022	80000013	0	0
80	83	60000022	70000022	80000005	0	0
83	88	60000022	70000022	80000005	0	0
87	84	60000022	70000022	80000013	0	0
90	88	60000022	70000022	80000005	0	0
94	85	60000022	70000022	80000005	0	0
94	93	60000022	70000022	80000013	0	0
89	95	60000022	70000022	80000005	0	0
85	93	60000022	70000022	80000005	0	0
92	100	60000022	70000022	80000013	0	0
85	99	60000022	70000022	80000005	0	0
88	105	60000022	70000022	80000005	0	0
91	109	60000022	70000022	80000013	0	0
87	116	60000022	70000022	80000005	0	0
84	110	60000022	70000022	80000005	0	0
81	115	60000022	70000022	80000013	0	0
72	122	60000022	70000022	80000005	0	0
70	125	60000022	70000022	80000005	0	0
68	130	60000022	70000022	80000013	0	0
63	132	60000022	70000022	80000005	0	0
62	127	60000022	70000022	80000005	0	0
54	89	60000022	70000022	80000013	0	0
56	97	60000022	70000022	80000005	0	0
60	93	60000022	70000022	80000005	0	0
64	92	60000022	70000022	80000013	0	0
64	99	60000022	70000022	80000005	0	0
60	100	60000022	70000022	80000005	0	0
69	95	60000022	70000022	80000013	0	0
58	107	60000022	70000022	80000005	0	0
59	113	60000022	70000022	80000005	0	0
61	119	60000022	70000022	80000013	0	0
65	122	60000022	70000022	80000005	0	0
65	115	60000022	70000022	80000005	0	0
69	110	60000022	70000022	80000013	0	0
63	110	60000022	70000022	80000005	0	0
65	104	60000022	70000022	80000005	0	0
71	101	60000022	70000022	80000013	0	0
73	106	60000022	70000022	80000005	0	0
78	110	60000022	70000022	80000005	0	0
81	105	60000022	70000022	80000013	0	0
77	102	60000022	70000022	80000005	0	0
80	98	60000022	70000022	80000005	0	0
79	92	60000022	70000022	80000013	0	0
75	95	60000022	70000022	80000005	0	0
54	21	60000023	70000023	80000005	0	0
52	24	60000023	70000023	80000013	0	0
52	31	60000023	70000023	80000005	0	0
55	34	60000023	70000023	80000005	0	0
57	21	60000023	70000023	80000013	0	0
59	26	60000023	70000023	80000014	0	0
63	24	60000023	70000023	80000005	0	0
64	28	60000023	70000023	80000013	0	0
60	31	60000023	70000023	80000005	0	0
64	34	60000023	70000023	80000005	0	0
69	23	60000023	70000023	80000013	0	0
68	30	60000023	70000023	80000014	0	0
72	27	60000023	70000023	80000005	0	0
53	40	60000023	70000023	80000013	0	0
60	36	60000023	70000023	80000005	0	0
58	39	60000023	70000023	80000005	0	0
55	44	60000023	70000023	80000013	0	0
54	49	60000023	70000023	80000014	0	0
59	46	60000023	70000023	80000005	0	0
62	42	60000023	70000023	80000013	0	0
65	39	60000023	70000023	80000005	0	0
70	35	60000023	70000023	80000005	0	0
70	41	60000023	70000023	80000013	0	0
67	46	60000023	70000023	80000014	0	0
62	49	60000023	70000023	80000005	0	0
76	27	60000023	70000023	80000013	0	0
79	23	60000023	70000023	80000005	0	0
83	20	60000023	70000023	80000005	0	0
86	23	60000023	70000023	80000013	0	0
82	26	60000023	70000023	80000014	0	0
86	28	60000023	70000023	80000005	0	0
86	33	60000023	70000023	80000013	0	0
82	30	60000023	70000023	80000005	0	0
79	34	60000023	70000023	80000005	0	0
74	32	60000023	70000023	80000013	0	0
91	81	60000023	70000023	80000014	0	0
89	74	60000023	70000023	80000005	0	0
85	80	60000023	70000023	80000013	0	0
84	74	60000023	70000023	80000005	0	0
57	78	60000023	70000023	80000005	0	0
63	77	60000023	70000023	80000013	0	0
67	80	60000023	70000023	80000014	0	0
73	78	60000023	70000023	80000005	0	0
58	53	60000023	70000023	80000013	0	0
55	58	60000023	70000023	80000005	0	0
55	63	60000023	70000023	80000005	0	0
59	61	60000023	70000023	80000013	0	0
62	56	60000023	70000023	80000014	0	0
67	52	60000023	70000023	80000005	0	0
68	58	60000023	70000023	80000013	0	0
66	62	60000023	70000023	80000005	0	0
60	66	60000023	70000023	80000005	0	0
59	71	60000023	70000023	80000013	0	0
64	71	60000023	70000023	80000014	0	0
68	67	60000023	70000023	80000005	0	0
69	74	60000023	70000023	80000013	0	0
72	71	60000023	70000023	80000005	0	0
79	77	60000023	70000023	80000005	0	0
77	70	60000023	70000023	80000013	0	0
82	68	60000023	70000023	80000014	0	0
86	64	60000023	70000023	80000005	0	0
87	59	60000023	70000023	80000013	0	0
82	60	60000023	70000023	80000005	0	0
78	63	60000023	70000023	80000005	0	0
73	65	60000023	70000023	80000013	0	0
73	60	60000023	70000023	80000014	0	0
77	57	60000023	70000023	80000005	0	0
75	39	60000023	70000023	80000013	0	0
82	38	60000023	70000023	80000005	0	0
85	43	60000023	70000023	80000005	0	0
79	43	60000023	70000023	80000013	0	0
74	45	60000023	70000023	80000014	0	0
71	49	60000023	70000023	80000005	0	0
76	50	60000023	70000023	80000013	0	0
82	48	60000023	70000023	80000005	0	0
86	53	60000023	70000023	80000005	0	0
72	54	60000023	70000023	80000013	0	0
98	88	60000024	70000024	80000014	0	0
102	92	60000024	70000024	80000005	0	0
105	89	60000024	70000024	80000013	0	0
107	94	60000024	70000024	80000005	0	0
110	91	60000024	70000024	80000005	0	0
113	88	60000024	70000024	80000013	0	0
115	93	60000024	70000024	80000014	0	0
119	91	60000024	70000024	80000005	0	0
124	88	60000024	70000024	80000013	0	0
124	94	60000024	70000024	80000005	0	0
128	92	60000024	70000024	80000005	0	0
132	88	60000024	70000024	80000013	0	0
137	91	60000024	70000024	80000014	0	0
133	95	60000024	70000024	80000005	0	0
135	123	60000024	70000024	80000013	0	0
133	117	60000024	70000024	80000005	0	0
137	114	60000024	70000024	80000005	0	0
137	99	60000024	70000024	80000013	0	0
129	98	60000024	70000024	80000014	0	0
133	101	60000024	70000024	80000005	0	0
135	108	60000024	70000024	80000013	0	0
129	113	60000024	70000024	80000005	0	0
130	106	60000024	70000024	80000005	0	0
124	103	60000024	70000024	80000013	0	0
125	116	60000024	70000024	80000014	0	0
123	108	60000024	70000024	80000005	0	0
127	142	60000024	70000024	80000013	0	0
131	139	60000024	70000024	80000005	0	0
136	135	60000024	70000024	80000005	0	0
125	137	60000024	70000024	80000013	0	0
129	132	60000024	70000024	80000014	0	0
135	129	60000024	70000024	80000005	0	0
130	126	60000024	70000024	80000013	0	0
129	120	60000024	70000024	80000005	0	0
124	122	60000024	70000024	80000005	0	0
124	128	60000024	70000024	80000013	0	0
121	133	60000024	70000024	80000014	0	0
97	96	60000024	70000024	80000005	0	0
94	104	60000024	70000024	80000013	0	0
99	101	60000024	70000024	80000005	0	0
104	98	60000024	70000024	80000005	0	0
109	99	60000024	70000024	80000013	0	0
106	105	60000024	70000024	80000014	0	0
102	106	60000024	70000024	80000005	0	0
97	109	60000024	70000024	80000013	0	0
109	111	60000024	70000024	80000005	0	0
104	111	60000024	70000024	80000005	0	0
99	115	60000024	70000024	80000013	0	0
93	115	60000024	70000024	80000014	0	0
97	120	60000024	70000024	80000005	0	0
104	118	60000024	70000024	80000013	0	0
109	116	60000024	70000024	80000005	0	0
107	123	60000024	70000024	80000005	0	0
101	124	60000024	70000024	80000013	0	0
96	125	60000024	70000024	80000014	0	0
93	134	60000024	70000024	80000005	0	0
97	131	60000024	70000024	80000013	0	0
104	129	60000024	70000024	80000005	0	0
97	138	60000024	70000024	80000005	0	0
101	134	60000024	70000024	80000013	0	0
105	137	60000024	70000024	80000014	0	0
111	138	60000024	70000024	80000005	0	0
115	133	60000024	70000024	80000013	0	0
118	126	60000024	70000024	80000005	0	0
109	131	60000024	70000024	80000005	0	0
113	126	60000024	70000024	80000013	0	0
120	97	60000024	70000024	80000014	0	0
119	103	60000024	70000024	80000005	0	0
119	110	60000024	70000024	80000013	0	0
113	114	60000024	70000024	80000005	0	0
120	116	60000024	70000024	80000005	0	0
118	120	60000024	70000024	80000013	0	0
113	120	60000024	70000024	80000005	0	0
94	76	60000025	70000025	80000005	0	0
97	80	60000025	70000025	80000013	0	0
96	71	60000025	70000025	80000005	0	0
109	36	60000025	70000025	80000005	0	0
113	40	60000025	70000025	80000013	0	0
117	44	60000025	70000025	80000005	0	0
103	36	60000025	70000025	80000005	0	0
105	41	60000025	70000025	80000013	0	0
101	44	60000025	70000025	80000005	0	0
110	44	60000025	70000025	80000005	0	0
114	49	60000025	70000025	80000013	0	0
123	47	60000025	70000025	80000005	0	0
119	51	60000025	70000025	80000005	0	0
123	55	60000025	70000025	80000013	0	0
114	55	60000025	70000025	80000005	0	0
116	62	60000025	70000025	80000005	0	0
122	64	60000025	70000025	80000013	0	0
129	65	60000025	70000025	80000005	0	0
126	69	60000025	70000025	80000005	0	0
132	71	60000025	70000025	80000013	0	0
134	66	60000025	70000025	80000005	0	0
137	74	60000025	70000025	80000005	0	0
133	77	60000025	70000025	80000013	0	0
128	74	60000025	70000025	80000005	0	0
136	84	60000025	70000025	80000005	0	0
130	83	60000025	70000025	80000013	0	0
123	83	60000025	70000025	80000005	0	0
118	85	60000025	70000025	80000005	0	0
102	83	60000025	70000025	80000013	0	0
109	84	60000025	70000025	80000005	0	0
113	79	60000025	70000025	80000005	0	0
105	48	60000025	70000025	80000013	0	0
100	52	60000025	70000025	80000005	0	0
109	52	60000025	70000025	80000005	0	0
105	54	60000025	70000025	80000013	0	0
109	59	60000025	70000025	80000005	0	0
101	59	60000025	70000025	80000005	0	0
98	65	60000025	70000025	80000013	0	0
105	62	60000025	70000025	80000005	0	0
102	69	60000025	70000025	80000005	0	0
110	67	60000025	70000025	80000013	0	0
108	72	60000025	70000025	80000005	0	0
120	69	60000025	70000025	80000005	0	0
114	70	60000025	70000025	80000013	0	0
124	76	60000025	70000025	80000005	0	0
118	77	60000025	70000025	80000005	0	0
106	78	60000025	70000025	80000013	0	0
101	75	60000025	70000025	80000005	0	0
70	55	60000023	70000023	80000005	0	0
64	54	60000023	70000023	80000005	0	0
66	48	60000023	70000023	80000005	0	0
68	50	60000023	70000023	80000005	0	0
64	52	60000023	70000023	80000005	0	0
67	57	60000023	70000023	80000005	0	0
61	52	60000023	70000023	80000005	0	0
64	45	60000023	70000023	80000005	0	0
70	45	60000023	70000023	80000005	0	0
71	58	60000023	70000023	80000005	0	0
63	59	60000023	70000023	80000005	0	0
70	52	60000023	70000023	80000005	0	0
70	60	60000023	70000023	80000005	0	0
68	61	60000023	70000023	80000005	0	0
73	51	60000023	70000023	80000005	0	0
65	57	60000023	70000023	80000005	0	0
