编号	名字	图像	游戏币价格	元宝价格	可否使用	可否交易	可否丢弃	可否出售	可否存仓库	品质	道具功能类型	参数1	参数2	附加参数	附加参数	附加参数	附加参数	附加参数	附加参数	附加参数	附加参数	附加参数	附加参数	描述
id	name	icon	moneyCost	treasureCost	usable	tradable	dropable	soldable	storable	quality	spType	parameter1	parameter2	extraData	extraData	extraData	extraData	extraData	extraData	extraData	extraData	extraData	extraData	description
1633080001	超级新手装(游侠)	4	0	329	1	1	0	1	1	5	23	4	0	1110031200	1130031200	1120031200	1210031200	0	0	0	0	0	0	包里包括一套游侠的超级新手装备，使用时请确认身上有4个空位
1633080002	超级新手装(法师)	4	0	314	1	1	0	1	1	5	23	4	0	1111031200	1131031200	1121031200	1221031200	0	0	0	0	0	0	包里包括一套法师的超级新手装备，使用时请确认身上有4个空位
1633080003	超级新手装(战士)	4	0	359	1	1	0	1	1	5	23	5	0	1112031200	1132031200	1122031200	1142031200	1232031200	0	0	0	0	0	包里包括一套战士的超级新手装备，使用时请确认身上有5个空位
1633080004	超级小强装(游侠)	4	0	3474	1	1	0	1	1	5	23	4	0	1110031300	1130031300	1120031300	1210031300	0	0	0	0	0	0	包里包括一套游侠的超级小强装备，使用时请确认身上有4个空位
1633080005	超级小强装(法师)	4	0	2309	1	1	0	1	1	5	23	4	0	1111031300	1131031300	1121031300	1221031300	0	0	0	0	0	0	包里包括一套法师的超级小强装备，使用时请确认身上有4个空位
1633080006	超级小强装(战士)	4	0	3654	1	1	0	1	1	5	23	5	0	1112031300	1132031300	1122031300	1142031300	1232031300	0	0	0	0	0	包里包括一套战士的超级小强装备，使用时请确认身上有5个空位
1633080007	超级专业装(游侠)	4	0	8909	1	1	0	1	1	5	23	4	0	1110031400	1130031400	1120031400	1210031400	0	0	0	0	0	0	包里包括一套游侠的超级专业装备，使用时请确认身上有4个空位
1633080008	超级专业装(法师)	4	0	8219	1	1	0	1	1	5	23	4	0	1111031400	1131031400	1121031400	1221031400	0	0	0	0	0	0	包里包括一套法师的超级专业装备，使用时请确认身上有4个空位
1633080009	超级专业装(战士)	4	0	9479	1	1	0	1	1	5	23	5	0	1112031400	1132031400	1122031400	1142031400	1232031400	0	0	0	0	0	包里包括一套战士的超级专业装备，使用时请确认身上有5个空位
1633080010	小喇叭包10个装	4	0	9	1	1	0	1	1	5	23	3	0	1633040011	1633040011	1633080011	0	0	0	0	0	0	0	包里包括2个小喇叭，和1个装有8个喇叭的封包，使用时请确认身上有3个空位
1633080011	小喇叭包8个装	4	0	7	1	1	0	1	1	5	23	3	0	1633040011	1633040011	1633080012	0	0	0	0	0	0	0	包里包括2个小喇叭，和1个装有6个喇叭的封包，使用时请确认身上有3个空位
1633080012	小喇叭包6个装	4	0	5	1	1	0	1	1	5	23	3	0	1633040011	1633040011	1633080013	0	0	0	0	0	0	0	包里包括2个小喇叭，和1个装有4个喇叭的封包，使用时请确认身上有3个空位
1633080013	小喇叭包4个装	4	0	3	1	1	0	1	1	5	23	3	0	1633040011	1633040011	1633080014	0	0	0	0	0	0	0	包里包括2个小喇叭，和1个装有2个喇叭的封包，使用时请确认身上有3个空位
1633080014	小喇叭包2个装	4	0	1	1	1	0	1	1	5	23	2	0	1633040011	1633040011	0	0	0	0	0	0	0	0	包里包括2个小喇叭，使用时请确认身上有2个空位
1633080101	超级新手包(游侠)	4	0	330	1	1	0	1	1	5	23	9	0	1633080001	1633080231	0	0	0	0	0	0	0	0	游侠的超级新手装包，包括一套游侠的超级新手装备以及3个天工石1个祈祷宝石1瓶复活药水，分装在2个包里，使用时请确认身上有2个空位
1633080102	超级新手包(法师)	4	0	315	1	1	0	1	0	5	23	9	0	1633080002	1633080231	0	0	0	0	0	0	0	0	法师的超级新手装包，包括一套法师的超级新手装备以及3个天工石1个祈祷宝石1瓶复活药水，分装在2个包里，使用时请确认身上有2个空位
1633080103	超级新手包(战士)	4	0	360	1	1	0	1	1	5	23	10	0	1633080003	1633080231	0	0	0	0	0	0	0	0	战士的超级新手装包，包括一套战士的超级新手装备以及3个天工石1个祈祷宝石1瓶复活药水，分装在2个包里，使用时请确认身上有2个空位
1633080104	超级小强包(游侠)	4	0	2475	1	1	0	1	1	5	23	9	0	1633080004	1633080231	0	0	0	0	0	0	0	0	游侠的超级小强装包，包括一套游侠的超级小强装备以及3个天工石1个祈祷宝石1瓶复活药水，分装在2个包里，使用时请确认身上有2个空位
1633080105	超级小强包(法师)	4	0	2310	1	1	0	1	1	5	23	9	0	1633080005	1633080231	0	0	0	0	0	0	0	0	法师的超级小强装包，包括一套法师的超级小强装备以及3个天工石1个祈祷宝石1瓶复活药水，分装在2个包里，使用时请确认身上有2个空位
1633080106	超级小强包(战士)	4	0	2655	1	1	0	1	1	5	23	10	0	1633080006	1633080231	0	0	0	0	0	0	0	0	战士的超级小强装包，包括一套战士的超级小强装备以及3个天工石1个祈祷宝石1瓶复活药水，分装在2个包里，使用时请确认身上有2个空位
1633080107	超级专业包(游侠)	4	0	8910	1	1	0	1	1	5	23	9	0	1633080007	1633080231	0	0	0	0	0	0	0	0	游侠的超级专业装包，包括一套游侠的超级专业装备以及3个天工石1个祈祷宝石1瓶复活药水，分装在2个包里，使用时请确认身上有2个空位
1633080108	超级专业包(法师)	4	0	8220	1	1	0	1	1	5	23	9	0	1633080008	1633080231	0	0	0	0	0	0	0	0	法师的超级专业装包，包括一套法师的超级专业装备以及3个天工石1个祈祷宝石1瓶复活药水，分装在2个包里，使用时请确认身上有2个空位
1633080109	超级专业包(战士)	4	0	9480	1	1	0	1	1	5	23	10	0	1633080009	1633080231	0	0	0	0	0	0	0	0	战士的超级专业装包，包括一套战士的超级专业装备以及3个天工石1个祈祷宝石1瓶复活药水，分装在2个包里，使用时请确认身上有2个空位
1633080201	日常生活包	4	0	10	1	1	0	1	1	5	23	10	0	1633040011	1633040011	1633060010	1633060010	1633040001	1633040001	1633002009	1633002009	1633002010	1633002010	包里包括2个小喇叭、2个复活药水、2个赎罪之水、2个特效治疗药水包、2个特效魔法药水包，使用时请确认身上有10个空位
1633080202	精炼包	4	0	728	1	1	0	1	1	5	23	0	0	0	0	0	0	0	0	0	0	0	0	0
1633080203	冲等精炼包	4	0	228	1	1	0	1	1	5	23	0	0	0	0	0	0	0	0	0	0	0	0	0
1633080204	合成精炼包	4	0	488	1	1	0	1	1	5	23	0	0	0	0	0	0	0	0	0	0	0	0	0
1633080205	挂机包	4	0	150	1	1	0	1	1	5	23	3	0	1633050014	1633050020	1633050033	0	0	0	0	0	0	0	包里包括1个在线挂机宝石（12小时）、1个离线挂机宝石（12小时）、1个双倍经验宝石（12小时），使用时请确认身上有3个空位
1633080206	小喇叭包12个装	4	0	11	1	1	0	1	1	5	23	3	0	1633040011	1633040011	1633080010	0	0	0	0	0	0	0	包里包括2个小喇叭，和1个装有10个喇叭的封包，使用时请确认身上有3个空位
1633080207	复活药水包	4	0	5	1	1	0	1	1	5	23	6	1633060010	0	0	0	0	0	0	0	0	0	0	包里包括6个复活药水，使用时请确认身上有6个空位
1633080208	赎罪之水包	4	0	10	1	1	0	1	1	5	23	5	1633040001	0	0	0	0	0	0	0	0	0	0	包里包括5个赎罪之水，使用时请确认身上有5个空位
1633080209	天工石包	4	0	20	1	1	0	1	1	5	23	0	0	0	0	0	0	0	0	0	0	0	0	0
1633080210	地造石包	4	0	36	1	1	0	1	1	5	23	0	0	0	0	0	0	0	0	0	0	0	0	0
1633080211	完美附包	4	0	15	1	1	0	1	1	5	23	2	0	1633060010	1333030100	0	0	0	0	0	0	0	0	包里包括1个复活药水、1个相应等级的藏宝图，使用时请确认身上有2个空位
1633080212	完美附包	4	0	30	1	1	0	1	1	5	23	2	0	1633060010	1333030200	0	0	0	0	0	0	0	0	包里包括1个复活药水、1个相应等级的藏宝图，使用时请确认身上有2个空位
1633080213	完美附包	4	0	40	1	1	0	1	1	5	23	2	0	1633060010	1333030300	0	0	0	0	0	0	0	0	包里包括1个复活药水、1个相应等级的藏宝图，使用时请确认身上有2个空位
1633080214	完美附包	4	0	50	1	1	0	1	1	5	23	2	0	1633060010	1333030400	0	0	0	0	0	0	0	0	包里包括1个复活药水、1个相应等级的藏宝图，使用时请确认身上有2个空位
1633080215	完美附包	4	0	60	1	1	0	1	1	5	23	2	0	1633060010	1333030500	0	0	0	0	0	0	0	0	包里包括1个复活药水、1个相应等级的藏宝图，使用时请确认身上有2个空位
1633080216	完美附包	4	0	70	1	1	0	1	1	5	23	2	0	1633060010	1333030600	0	0	0	0	0	0	0	0	包里包括1个复活药水、1个相应等级的藏宝图，使用时请确认身上有2个空位
1633080217	完美附包	4	0	80	1	1	0	1	1	5	23	2	0	1633060010	1333030700	0	0	0	0	0	0	0	0	包里包括1个复活药水、1个相应等级的藏宝图，使用时请确认身上有2个空位
1633080218	完美附包	4	0	90	1	1	0	1	1	5	23	2	0	1633060010	1333030800	0	0	0	0	0	0	0	0	包里包括1个复活药水、1个相应等级的藏宝图，使用时请确认身上有2个空位
1633080219	完美附包	4	0	100	1	1	0	1	1	5	23	2	0	1633060010	1333030900	0	0	0	0	0	0	0	0	包里包括1个复活药水、1个相应等级的藏宝图，使用时请确认身上有2个空位
1633080220	完美附包	4	0	110	1	1	0	1	1	5	23	2	0	1633060010	1333031000	0	0	0	0	0	0	0	0	包里包括1个复活药水、1个相应等级的藏宝图，使用时请确认身上有2个空位
1633080221	神品附包	4	0	15	1	1	0	1	1	5	23	2	0	1633060010	1333030100	0	0	0	0	0	0	0	0	包里包括1个复活药水、1个相应等级的藏宝图，使用时请确认身上有2个空位
1633080222	神品附包	4	0	30	1	1	0	1	1	5	23	2	0	1633060010	1333030200	0	0	0	0	0	0	0	0	包里包括1个复活药水、1个相应等级的藏宝图，使用时请确认身上有2个空位
1633080223	神品附包	4	0	40	1	1	0	1	1	5	23	2	0	1633060010	1333030300	0	0	0	0	0	0	0	0	包里包括1个复活药水、1个相应等级的藏宝图，使用时请确认身上有2个空位
1633080224	神品附包	4	0	50	1	1	0	1	1	5	23	2	0	1633060010	1333030400	0	0	0	0	0	0	0	0	包里包括1个复活药水、1个相应等级的藏宝图，使用时请确认身上有2个空位
1633080225	神品附包	4	0	60	1	1	0	1	1	5	23	2	0	1633060010	1333030500	0	0	0	0	0	0	0	0	包里包括1个复活药水、1个相应等级的藏宝图，使用时请确认身上有2个空位
1633080226	神品附包	4	0	70	1	1	0	1	1	5	23	2	0	1633060010	1333030600	0	0	0	0	0	0	0	0	包里包括1个复活药水、1个相应等级的藏宝图，使用时请确认身上有2个空位
1633080227	神品附包	4	0	80	1	1	0	1	1	5	23	2	0	1633060010	1333030700	0	0	0	0	0	0	0	0	包里包括1个复活药水、1个相应等级的藏宝图，使用时请确认身上有2个空位
1633080228	神品附包	4	0	90	1	1	0	1	1	5	23	2	0	1633060010	1333030800	0	0	0	0	0	0	0	0	包里包括1个复活药水、1个相应等级的藏宝图，使用时请确认身上有2个空位
1633080229	神品附包	4	0	100	1	1	0	1	1	5	23	2	0	1633060010	1333030900	0	0	0	0	0	0	0	0	包里包括1个复活药水、1个相应等级的藏宝图，使用时请确认身上有2个空位
1633080230	神品附包	4	0	110	1	1	0	1	1	5	23	2	0	1633060010	1333031000	0	0	0	0	0	0	0	0	包里包括1个复活药水、1个相应等级的藏宝图，使用时请确认身上有2个空位
1633080231	超级附包	4	0	1	1	1	0	1	1	5	23	1	0	1633060010	0	0	0	0	0	0	0	0	0	包里包括1个复活药水，使用时请确认身上有1个空位
1633080310	完美硬皮包(游侠)	4	0	104	1	1	0	1	1	5	23	9	0	1633081310	1633080211	1633040010	0	0	0	0	0	0	0	包里包括游侠12级完美武器装备一套，1个复活药水、1个相应等级的藏宝图，并附赠变性药水1瓶，除赠品外分装在2个包里，使用时请确认身上有3个空位
1633080311	完美轻灵包(游侠)	4	0	156	1	1	0	1	1	5	23	9	0	1633081311	1633080212	1633040010	0	0	0	0	0	0	0	包里包括游侠24级完美武器装备一套，1个复活药水、1个相应等级的藏宝图，并附赠变性药水1瓶，除赠品外分装在2个包里，使用时请确认身上有3个空位
1633080312	完美射手包(游侠)	4	0	186	1	1	0	1	1	5	23	9	0	1633081312	1633080213	1633040010	0	0	0	0	0	0	0	包里包括游侠36级完美武器装备一套，1个复活药水、1个相应等级的藏宝图，并附赠变性药水1瓶，除赠品外分装在2个包里，使用时请确认身上有3个空位
1633080313	完美宁静包(游侠)	4	0	219	1	1	0	1	1	5	23	9	0	1633081313	1633080214	1633040010	0	0	0	0	0	0	0	包里包括游侠48级完美武器装备一套，1个复活药水、1个相应等级的藏宝图，并附赠变性药水1瓶，除赠品外分装在2个包里，使用时请确认身上有3个空位
1633080314	完美溯雪包(游侠)	4	0	266	1	1	0	1	1	5	23	9	0	1633081314	1633080215	1633040010	0	0	0	0	0	0	0	包里包括游侠60级完美武器装备一套，1个复活药水、1个相应等级的藏宝图，并附赠变性药水1瓶，除赠品外分装在2个包里，使用时请确认身上有3个空位
1633080315	完美天鹰包(游侠)	4	0	354	1	1	0	1	1	5	23	9	0	1633081315	1633080216	1633040010	0	0	0	0	0	0	0	包里包括游侠72级完美武器装备一套，1个复活药水、1个相应等级的藏宝图，并附赠变性药水1瓶，除赠品外分装在2个包里，使用时请确认身上有3个空位
1633080316	完美穿云包(游侠)	4	0	456	1	1	0	1	1	5	23	9	0	1633081316	1633080217	1633040010	0	0	0	0	0	0	0	包里包括游侠84级完美武器装备一套，1个复活药水、1个相应等级的藏宝图，并附赠变性药水1瓶，除赠品外分装在2个包里，使用时请确认身上有3个空位
1633080317	完美封魔包(游侠)	4	0	571	1	1	0	1	1	5	23	9	0	1633081317	1633080218	1633040010	0	0	0	0	0	0	0	包里包括游侠96级完美武器装备一套，1个复活药水、1个相应等级的藏宝图，并附赠变性药水1瓶，除赠品外分装在2个包里，使用时请确认身上有3个空位
1633080318	完美狩猎包(游侠)	4	0	703	1	1	0	1	1	5	23	9	0	1633081318	1633080219	1633040010	0	0	0	0	0	0	0	包里包括游侠108级完美武器装备一套，1个复活药水、1个相应等级的藏宝图，并附赠变性药水1瓶，除赠品外分装在2个包里，使用时请确认身上有3个空位
1633080319	完美幻魔包(游侠)	4	0	906	1	1	0	1	1	5	23	9	0	1633081319	1633080220	1633040010	0	0	0	0	0	0	0	包里包括游侠120级完美武器装备一套，1个复活药水、1个相应等级的藏宝图，并附赠变性药水1瓶，除赠品外分装在2个包里，使用时请确认身上有3个空位
1633080320	完美兽皮包(法师)	4	0	100	1	1	0	1	1	5	23	9	0	1633081320	1633080211	1633040010	0	0	0	0	0	0	0	包里包括法师12级完美武器装备一套，1个复活药水、1个相应等级的藏宝图，并附赠变性药水1瓶，除赠品外分装在2个包里，使用时请确认身上有3个空位
1633080321	完美秘法包(法师)	4	0	150	1	1	0	1	1	5	23	9	0	1633081321	1633080212	1633040010	0	0	0	0	0	0	0	包里包括法师24级完美武器装备一套，1个复活药水、1个相应等级的藏宝图，并附赠变性药水1瓶，除赠品外分装在2个包里，使用时请确认身上有3个空位
1633080322	完美繁星包(法师)	4	0	172	1	1	0	1	1	5	23	9	0	1633081322	1633080213	1633040010	0	0	0	0	0	0	0	包里包括法师36级完美武器装备一套，1个复活药水、1个相应等级的藏宝图，并附赠变性药水1瓶，除赠品外分装在2个包里，使用时请确认身上有3个空位
1633080323	完美暗晶包(法师)	4	0	206	1	1	0	1	1	5	23	9	0	1633081323	1633080214	1633040010	0	0	0	0	0	0	0	包里包括法师48级完美武器装备一套，1个复活药水、1个相应等级的藏宝图，并附赠变性药水1瓶，除赠品外分装在2个包里，使用时请确认身上有3个空位
1633080324	完美信仰包(法师)	4	0	253	1	1	0	1	1	5	23	9	0	1633081324	1633080215	1633040010	0	0	0	0	0	0	0	包里包括法师60级完美武器装备一套，1个复活药水、1个相应等级的藏宝图，并附赠变性药水1瓶，除赠品外分装在2个包里，使用时请确认身上有3个空位
1633080325	完美祝福包(法师)	4	0	332	1	1	0	1	1	5	23	9	0	1633081325	1633080216	1633040010	0	0	0	0	0	0	0	包里包括法师72级完美武器装备一套，1个复活药水、1个相应等级的藏宝图，并附赠变性药水1瓶，除赠品外分装在2个包里，使用时请确认身上有3个空位
1633080326	完美圣灵包(法师)	4	0	415	1	1	0	1	1	5	23	9	0	1633081326	1633080217	1633040010	0	0	0	0	0	0	0	包里包括法师84级完美武器装备一套，1个复活药水、1个相应等级的藏宝图，并附赠变性药水1瓶，除赠品外分装在2个包里，使用时请确认身上有3个空位
1633080327	完美附魂包(法师)	4	0	531	1	1	0	1	1	5	23	9	0	1633081327	1633080218	1633040010	0	0	0	0	0	0	0	包里包括法师96级完美武器装备一套，1个复活药水、1个相应等级的藏宝图，并附赠变性药水1瓶，除赠品外分装在2个包里，使用时请确认身上有3个空位
1633080328	完美神恩包(法师)	4	0	650	1	1	0	1	1	5	23	9	0	1633081328	1633080219	1633040010	0	0	0	0	0	0	0	包里包括法师108级完美武器装备一套，1个复活药水、1个相应等级的藏宝图，并附赠变性药水1瓶，除赠品外分装在2个包里，使用时请确认身上有3个空位
1633080329	完美天光包(法师)	4	0	837	1	1	0	1	1	5	23	9	0	1633081329	1633080220	1633040010	0	0	0	0	0	0	0	包里包括法师120级完美武器装备一套，1个复活药水、1个相应等级的藏宝图，并附赠变性药水1瓶，除赠品外分装在2个包里，使用时请确认身上有3个空位
1633080330	完美精铁包(战士)	4	0	116	1	1	0	1	1	5	23	10	0	1633081330	1633080211	1633040010	0	0	0	0	0	0	0	包里包括战士12级完美武器装备一套，1个复活药水、1个相应等级的藏宝图，并附赠变性药水1瓶，除赠品外分装在2个包里，使用时请确认身上有3个空位
1633080331	完美青狼包(战士)	4	0	174	1	1	0	1	1	5	23	10	0	1633081331	1633080212	1633040010	0	0	0	0	0	0	0	包里包括战士24级完美武器装备一套，1个复活药水、1个相应等级的藏宝图，并附赠变性药水1瓶，除赠品外分装在2个包里，使用时请确认身上有3个空位
1633080332	完美光芒包(战士)	4	0	199	1	1	0	1	1	5	23	10	0	1633081332	1633080213	1633040010	0	0	0	0	0	0	0	包里包括战士36级完美武器装备一套，1个复活药水、1个相应等级的藏宝图，并附赠变性药水1瓶，除赠品外分装在2个包里，使用时请确认身上有3个空位
1633080333	完美闪耀包(战士)	4	0	238	1	1	0	1	1	5	23	10	0	1633081333	1633080214	1633040010	0	0	0	0	0	0	0	包里包括战士48级完美武器装备一套，1个复活药水、1个相应等级的藏宝图，并附赠变性药水1瓶，除赠品外分装在2个包里，使用时请确认身上有3个空位
1633080334	完美胜利包(战士)	4	0	292	1	1	0	1	1	5	23	10	0	1633081334	1633080215	1633040010	0	0	0	0	0	0	0	包里包括战士60级完美武器装备一套，1个复活药水、1个相应等级的藏宝图，并附赠变性药水1瓶，除赠品外分装在2个包里，使用时请确认身上有3个空位
1633080335	完美荣誉包(战士)	4	0	384	1	1	0	1	1	5	23	10	0	1633081335	1633080216	1633040010	0	0	0	0	0	0	0	包里包括战士72级完美武器装备一套，1个复活药水、1个相应等级的藏宝图，并附赠变性药水1瓶，除赠品外分装在2个包里，使用时请确认身上有3个空位
1633080336	完美狂暴包(战士)	4	0	480	1	1	0	1	1	5	23	10	0	1633081336	1633080217	1633040010	0	0	0	0	0	0	0	包里包括战士84级完美武器装备一套，1个复活药水、1个相应等级的藏宝图，并附赠变性药水1瓶，除赠品外分装在2个包里，使用时请确认身上有3个空位
1633080337	完美力量包(战士)	4	0	613	1	1	0	1	1	5	23	10	0	1633081337	1633080218	1633040010	0	0	0	0	0	0	0	包里包括战士96级完美武器装备一套，1个复活药水、1个相应等级的藏宝图，并附赠变性药水1瓶，除赠品外分装在2个包里，使用时请确认身上有3个空位
1633080338	完美鬼泣包(战士)	4	0	751	1	1	0	1	1	5	23	10	0	1633081338	1633080219	1633040010	0	0	0	0	0	0	0	包里包括战士108级完美武器装备一套，1个复活药水、1个相应等级的藏宝图，并附赠变性药水1瓶，除赠品外分装在2个包里，使用时请确认身上有3个空位
1633080339	完美毁灭包(战士)	4	0	968	1	1	0	1	1	5	23	10	0	1633081339	1633080220	1633040010	0	0	0	0	0	0	0	包里包括战士120级完美武器装备一套，1个复活药水、1个相应等级的藏宝图，并附赠变性药水1瓶，除赠品外分装在2个包里，使用时请确认身上有3个空位
1633080410	神品硬皮包(游侠)	4	0	1890	1	1	0	1	1	5	23	9	0	1633081410	1633080221	0	0	0	0	0	0	0	0	包里包括游侠12级神品武器装备一套，1个复活药水、1个相应等级的藏宝图，分装在2个包里，使用时请确认身上有2个空位
1633080411	神品轻灵包(游侠)	4	0	2580	1	1	0	1	1	5	23	9	0	1633081411	1633080222	0	0	0	0	0	0	0	0	包里包括游侠24级神品武器装备一套，1个复活药水、1个相应等级的藏宝图，分装在2个包里，使用时请确认身上有2个空位
1633080412	神品射手包(游侠)	4	0	3230	1	1	0	1	1	5	23	9	0	1633081412	1633080223	0	0	0	0	0	0	0	0	包里包括游侠36级神品武器装备一套，1个复活药水、1个相应等级的藏宝图，分装在2个包里，使用时请确认身上有2个空位
1633080413	神品宁静包(游侠)	4	0	3790	1	1	0	1	1	5	23	9	0	1633081413	1633080224	0	0	0	0	0	0	0	0	包里包括游侠48级神品武器装备一套，1个复活药水、1个相应等级的藏宝图，分装在2个包里，使用时请确认身上有2个空位
1633080414	神品溯雪包(游侠)	4	0	4400	1	1	0	1	1	5	23	9	0	1633081414	1633080225	0	0	0	0	0	0	0	0	包里包括游侠60级神品武器装备一套，1个复活药水、1个相应等级的藏宝图，分装在2个包里，使用时请确认身上有2个空位
1633080415	神品天鹰包(游侠)	4	0	5840	1	1	0	1	1	5	23	9	0	1633081415	1633080226	0	0	0	0	0	0	0	0	包里包括游侠72级神品武器装备一套，1个祈祷宝石、1个复活药水、1个相应等级的藏宝图，分装在2个包里，使用时请确认身上有2个空位
1633080416	神品穿云包(游侠)	4	0	7860	1	1	0	1	1	5	23	9	0	1633081416	1633080227	0	0	0	0	0	0	0	0	包里包括游侠84级神品武器装备一套，1个复活药水、1个相应等级的藏宝图，分装在2个包里，使用时请确认身上有2个空位
1633080417	神品封魔包(游侠)	4	0	9480	1	1	0	1	1	5	23	9	0	1633081417	1633080228	0	0	0	0	0	0	0	0	包里包括游侠96级神品武器装备一套，1个祈祷宝石、1个复活药水、1个相应等级的藏宝图，分装在2个包里，使用时请确认身上有2个空位
1633080418	神品狩猎包(游侠)	4	0	12040	1	1	0	1	1	5	23	9	0	1633081418	1633080229	0	0	0	0	0	0	0	0	包里包括游侠108级神品武器装备一套，1个复活药水、1个相应等级的藏宝图，分装在2个包里，使用时请确认身上有2个空位
1633080419	神品幻魔包(游侠)	4	0	15050	1	1	0	1	1	5	23	9	0	1633081419	1633080230	0	0	0	0	0	0	0	0	包里包括游侠120级神品武器装备一套，1个祈祷宝石、1个复活药水、1个相应等级的藏宝图，分装在2个包里，使用时请确认身上有2个空位
1633080420	神品兽皮包(法师)	4	0	1850	1	1	0	1	1	5	23	9	0	1633081420	1633080221	0	0	0	0	0	0	0	0	包里包括法师12级神品武器装备一套，1个复活药水、1个相应等级的藏宝图，分装在2个包里，使用时请确认身上有2个空位
1633080421	神品秘法包(法师)	4	0	2520	1	1	0	1	1	5	23	9	0	1633081421	1633080222	0	0	0	0	0	0	0	0	包里包括法师24级神品武器装备一套，1个复活药水、1个相应等级的藏宝图，分装在2个包里，使用时请确认身上有2个空位
1633080422	神品繁星包(法师)	4	0	3020	1	1	0	1	1	5	23	9	0	1633081422	1633080223	0	0	0	0	0	0	0	0	包里包括法师36级神品武器装备一套，1个复活药水、1个相应等级的藏宝图，分装在2个包里，使用时请确认身上有2个空位
1633080423	神品暗晶包(法师)	4	0	3590	1	1	0	1	1	5	23	9	0	1633081423	1633080224	0	0	0	0	0	0	0	0	包里包括法师48级神品武器装备一套，1个复活药水、1个相应等级的藏宝图，分装在2个包里，使用时请确认身上有2个空位
1633080424	神品信仰包(法师)	4	0	4210	1	1	0	1	1	5	23	9	0	1633081424	1633080225	0	0	0	0	0	0	0	0	包里包括法师60级神品武器装备一套，1个复活药水、1个相应等级的藏宝图，分装在2个包里，使用时请确认身上有2个空位
1633080425	神品祝福包(法师)	4	0	5450	1	1	0	1	1	5	23	9	0	1633081425	1633080226	0	0	0	0	0	0	0	0	包里包括法师72级神品武器装备一套，1个复活药水、1个相应等级的藏宝图，分装在2个包里，使用时请确认身上有2个空位
1633080426	神品圣灵包(法师)	4	0	7350	1	1	0	1	1	5	23	9	0	1633081426	1633080227	0	0	0	0	0	0	0	0	包里包括法师84级神品武器装备一套，1个复活药水、1个相应等级的藏宝图，分装在2个包里，使用时请确认身上有2个空位
1633080427	神品附魂包(法师)	4	0	8810	1	1	0	1	1	5	23	9	0	1633081427	1633080228	0	0	0	0	0	0	0	0	包里包括法师96级神品武器装备一套，1个复活药水、1个相应等级的藏宝图，分装在2个包里，使用时请确认身上有2个空位
1633080428	神品神恩包(法师)	4	0	11160	1	1	0	1	1	5	23	9	0	1633081428	1633080229	0	0	0	0	0	0	0	0	包里包括法师108级神品武器装备一套，1个复活药水、1个相应等级的藏宝图，分装在2个包里，使用时请确认身上有2个空位
1633080429	神品天光包(法师)	4	0	13920	1	1	0	1	1	5	23	9	0	1633081429	1633080230	0	0	0	0	0	0	0	0	包里包括法师120级神品武器装备一套，1个复活药水、1个相应等级的藏宝图，分装在2个包里，使用时请确认身上有2个空位
1633080430	神品精铁包(战士)	4	0	2030	1	1	0	1	1	5	23	10	0	1633081430	1633080221	0	0	0	0	0	0	0	0	包里包括战士12级神品武器装备一套，1个复活药水、1个相应等级的藏宝图，分装在2个包里，使用时请确认身上有2个空位
1633080431	神品青狼包(战士)	4	0	2830	1	1	0	1	1	5	23	10	0	1633081431	1633080222	0	0	0	0	0	0	0	0	包里包括战士24级神品武器装备一套，1个复活药水、1个相应等级的藏宝图，分装在2个包里，使用时请确认身上有2个空位
1633080432	神品光芒包(战士)	4	0	3460	1	1	0	1	1	5	23	10	0	1633081432	1633080223	0	0	0	0	0	0	0	0	包里包括战士36级神品武器装备一套，1个复活药水、1个相应等级的藏宝图，分装在2个包里，使用时请确认身上有2个空位
1633080433	神品闪耀包(战士)	4	0	4100	1	1	0	1	1	5	23	10	0	1633081433	1633080224	0	0	0	0	0	0	0	0	包里包括战士48级神品武器装备一套，1个复活药水、1个相应等级的藏宝图，分装在2个包里，使用时请确认身上有2个空位
1633080434	神品胜利包(战士)	4	0	4830	1	1	0	1	1	5	23	10	0	1633081434	1633080225	0	0	0	0	0	0	0	0	包里包括战士60级神品武器装备一套，1个复活药水、1个相应等级的藏宝图，分装在2个包里，使用时请确认身上有2个空位
1633080435	神品荣誉包(战士)	4	0	6330	1	1	0	1	1	5	23	10	0	1633081435	1633080226	0	0	0	0	0	0	0	0	包里包括战士72级神品武器装备一套，1个复活药水、1个相应等级的藏宝图，分装在2个包里，使用时请确认身上有2个空位
1633080436	神品狂暴包(战士)	4	0	8470	1	1	0	1	1	5	23	10	0	1633081436	1633080227	0	0	0	0	0	0	0	0	包里包括战士84级神品武器装备一套，1个复活药水、1个相应等级的藏宝图，分装在2个包里，使用时请确认身上有2个空位
1633080437	神品力量包(战士)	4	0	10160	1	1	0	1	1	5	23	10	0	1633081437	1633080228	0	0	0	0	0	0	0	0	包里包括战士96级神品武器装备一套，1个复活药水、1个相应等级的藏宝图，分装在2个包里，使用时请确认身上有2个空位
1633080438	神品鬼泣包(战士)	4	0	12900	1	1	0	1	1	5	23	10	0	1633081438	1633080229	0	0	0	0	0	0	0	0	包里包括战士108级神品武器装备一套，1个复活药水、1个相应等级的藏宝图，分装在2个包里，使用时请确认身上有2个空位
1633080439	神品毁灭包(战士)	4	0	16090	1	1	0	1	1	5	23	10	0	1633081439	1633080230	0	0	0	0	0	0	0	0	包里包括战士120级神品武器装备一套，1个复活药水、1个相应等级的藏宝图，分装在2个包里，使用时请确认身上有2个空位
1633081310	完美硬皮装(游侠)	4	0	89	1	1	0	1	1	5	23	9	0	1110030200	1130030200	1120030200	1210030200	0	0	0	0	0	0	包里包括游侠12级完美武器装备一套,使用时请确认身上有4个空位
1633081311	完美轻灵装(游侠)	4	0	126	1	1	0	1	1	5	23	9	0	1110030300	1130030300	1120030300	1210030300	0	0	0	0	0	0	包里包括游侠24级完美武器装备一套，使用时请确认身上有4个空位
1633081312	完美射手装(游侠)	4	0	146	1	1	0	1	1	5	23	9	0	1110030400	1130030400	1120030400	1210030400	0	0	0	0	0	0	包里包括游侠36级完美武器装备一套,使用时请确认身上有4个空位
1633081313	完美宁静装(游侠)	4	0	169	1	1	0	1	1	5	23	9	0	1110030500	1130030500	1120030500	1210030500	0	0	0	0	0	0	包里包括游侠48级完美武器装备一套，使用时请确认身上有4个空位
1633081314	完美溯雪装(游侠)	4	0	206	1	1	0	1	1	5	23	9	0	1110030600	1130030600	1120030600	1210030600	0	0	0	0	0	0	包里包括游侠60级完美武器装备一套,使用时请确认身上有4个空位
1633081315	完美天鹰装(游侠)	4	0	284	1	1	0	1	1	5	23	9	0	1110030700	1130030700	1120030700	1210030700	0	0	0	0	0	0	包里包括游侠72级完美武器装备一套，使用时请确认身上有4个空位
1633081316	完美穿云装(游侠)	4	0	376	1	1	0	1	1	5	23	9	0	1110030800	1130030800	1120030800	1210030800	0	0	0	0	0	0	包里包括游侠84级完美武器装备一套,使用时请确认身上有4个空位
1633081317	完美封魔装(游侠)	4	0	481	1	1	0	1	1	5	23	9	0	1110030900	1130030900	1120030900	1210030900	0	0	0	0	0	0	包里包括游侠96级完美武器装备一套，使用时请确认身上有4个空位
1633081318	完美狩猎装(游侠)	4	0	603	1	1	0	1	1	5	23	9	0	1110031000	1130031000	1120031000	1210031000	0	0	0	0	0	0	包里包括游侠108级完美武器装备一套,使用时请确认身上有4个空位
1633081319	完美幻魔装(游侠)	4	0	796	1	1	0	1	1	5	23	9	0	1110031100	1130031100	1120031100	1210031100	0	0	0	0	0	0	包里包括游侠120级完美武器装备一套，使用时请确认身上有4个空位
1633081320	完美兽皮装(法师)	4	0	85	1	1	0	1	1	5	23	9	0	1111030200	1131030200	1121030200	1221030200	0	0	0	0	0	0	包里包括法师12级完美武器装备一套,使用时请确认身上有4个空位
1633081321	完美秘法装(法师)	4	0	120	1	1	0	1	1	5	23	9	0	1111030300	1131030300	1121030300	1221030300	0	0	0	0	0	0	包里包括法师24级完美武器装备一套，使用时请确认身上有4个空位
1633081322	完美繁星装(法师)	4	0	132	1	1	0	1	1	5	23	9	0	1111030400	1131030400	1121030400	1221030400	0	0	0	0	0	0	包里包括法师36级完美武器装备一套,使用时请确认身上有4个空位
1633081323	完美暗晶装(法师)	4	0	156	1	1	0	1	1	5	23	9	0	1111030500	1131030500	1121030500	1221030500	0	0	0	0	0	0	包里包括法师48级完美武器装备一套，使用时请确认身上有4个空位
1633081324	完美信仰装(法师)	4	0	193	1	1	0	1	1	5	23	9	0	1111030600	1131030600	1121030600	1221030600	0	0	0	0	0	0	包里包括法师60级完美武器装备一套,使用时请确认身上有4个空位
1633081325	完美祝福装(法师)	4	0	262	1	1	0	1	1	5	23	9	0	1111030700	1131030700	1121030700	1221030700	0	0	0	0	0	0	包里包括法师72级完美武器装备一套，使用时请确认身上有4个空位
1633081326	完美圣灵装(法师)	4	0	335	1	1	0	1	1	5	23	9	0	1111030800	1131030800	1121030800	1221030800	0	0	0	0	0	0	包里包括法师84级完美武器装备一套,使用时请确认身上有4个空位
1633081327	完美附魂装(法师)	4	0	441	1	1	0	1	1	5	23	9	0	1111030900	1131030900	1121030900	1221030900	0	0	0	0	0	0	包里包括法师96级完美武器装备一套，使用时请确认身上有4个空位
1633081328	完美神恩装(法师)	4	0	550	1	1	0	1	1	5	23	9	0	1111031000	1131031000	1121031000	1221031000	0	0	0	0	0	0	包里包括法师108级完美武器装备一套,使用时请确认身上有4个空位
1633081329	完美天光装(法师)	4	0	727	1	1	0	1	1	5	23	9	0	1111031100	1131031100	1121031100	1221031100	0	0	0	0	0	0	包里包括法师120级完美武器装备一套，使用时请确认身上有4个空位
1633081330	完美精铁装(战士)	4	0	101	1	1	0	1	1	5	23	10	0	1112030200	1132030200	1122030200	1142030200	1232030200	0	0	0	0	0	包里包括战士12级完美武器装备一套,使用时请确认身上有5个空位
1633081331	完美青狼装(战士)	4	0	144	1	1	0	1	1	5	23	10	0	1112030300	1132030300	1122030300	1142030300	1232030300	0	0	0	0	0	包里包括战士24级完美武器装备一套，使用时请确认身上有5个空位
1633081332	完美光芒装(战士)	4	0	159	1	1	0	1	1	5	23	10	0	1112030400	1132030400	1122030400	1142030400	1232030400	0	0	0	0	0	包里包括战士36级完美武器装备一套,使用时请确认身上有5个空位
1633081333	完美闪耀装(战士)	4	0	188	1	1	0	1	1	5	23	10	0	1112030500	1132030500	1122030500	1142030500	1232030500	0	0	0	0	0	包里包括战士48级完美武器装备一套，使用时请确认身上有5个空位
1633081334	完美胜利装(战士)	4	0	232	1	1	0	1	1	5	23	10	0	1112030600	1132030600	1122030600	1142030600	1232030600	0	0	0	0	0	包里包括战士60级完美武器装备一套,使用时请确认身上有5个空位
1633081335	完美荣誉装(战士)	4	0	314	1	1	0	1	1	5	23	10	0	1112030700	1132030700	1122030700	1142030700	1232030700	0	0	0	0	0	包里包括战士72级完美武器装备一套，使用时请确认身上有5个空位
1633081336	完美狂暴装(战士)	4	0	400	1	1	0	1	1	5	23	10	0	1112030800	1132030800	1122030800	1142030800	1232030800	0	0	0	0	0	包里包括战士84级完美武器装备一套,使用时请确认身上有5个空位
1633081337	完美力量装(战士)	4	0	523	1	1	0	1	1	5	23	10	0	1112030900	1132030900	1122030900	1142030900	1232030900	0	0	0	0	0	包里包括战士96级完美武器装备一套，使用时请确认身上有5个空位
1633081338	完美鬼泣装(战士)	4	0	651	1	1	0	1	1	5	23	10	0	1112031000	1132031000	1122031000	1142031000	1232031000	0	0	0	0	0	包里包括战士108级完美武器装备一套,使用时请确认身上有5个空位
1633081339	完美毁灭装(战士)	4	0	858	1	1	0	1	1	5	23	10	0	1112031100	1132031100	1122031100	1142031100	1232031100	0	0	0	0	0	包里包括战士120级完美武器装备一套，使用时请确认身上有5个空位
1633081410	神品硬皮装(游侠)	4	0	40020	1	1	0	1	1	5	23	9	0	1110040200	1130040200	1120040200	1210040200	0	0	0	0	0	0	包里包括游侠12级神品武器装备一套，使用时请确认身上有4个空位
1633081411	神品轻灵装(游侠)	4	0	52440	1	1	0	1	1	5	23	9	0	1110040300	1130040300	1120040300	1210040300	0	0	0	0	0	0	包里包括游侠24级神品武器装备一套，使用时请确认身上有4个空位
1633081412	神品射手装(游侠)	4	0	65090	1	1	0	1	1	5	23	9	0	1110040400	1130040400	1120040400	1210040400	0	0	0	0	0	0	包里包括游侠36级神品武器装备一套，使用时请确认身上有4个空位
1633081413	神品宁静装(游侠)	4	0	75670	1	1	0	1	1	5	23	9	0	1110040500	1130040500	1120040500	1210040500	0	0	0	0	0	0	包里包括游侠48级神品武器装备一套，使用时请确认身上有4个空位
1633081414	神品溯雪装(游侠)	4	0	87400	1	1	0	1	1	5	23	9	0	1110040600	1130040600	1120040600	1210040600	0	0	0	0	0	0	包里包括游侠60级神品武器装备一套，使用时请确认身上有4个空位
1633081415	神品天鹰装(游侠)	4	0	118220	1	1	0	1	1	5	23	9	0	1110040700	1130040700	1120040700	1210040700	0	0	0	0	0	0	包里包括游侠72级神品武器装备一套，使用时请确认身上有4个空位
1633081416	神品穿云装(游侠)	4	0	162380	1	1	0	1	1	5	23	9	0	1110040800	1130040800	1120040800	1210040800	0	0	0	0	0	0	包里包括游侠84级神品武器装备一套，使用时请确认身上有4个空位
1633081417	神品封魔装(游侠)	4	0	197340	1	1	0	1	1	5	23	9	0	1110040900	1130040900	1120040900	1210040900	0	0	0	0	0	0	包里包括游侠96级神品武器装备一套，使用时请确认身上有4个空位
1633081418	神品狩猎装(游侠)	4	0	253920	1	1	0	1	1	5	23	9	0	1110041000	1130041000	1120041000	1210041000	0	0	0	0	0	0	包里包括游侠108级神品武器装备一套，使用时请确认身上有4个空位
1633081419	神品幻魔装(游侠)	4	0	320850	1	1	0	1	1	5	23	9	0	1110041100	1130041100	1120041100	1210041100	0	0	0	0	0	0	包里包括游侠120级神品武器装备一套，使用时请确认身上有4个空位
1633081420	神品兽皮装(法师)	4	0	39100	1	1	0	1	1	5	23	9	0	1111040200	1131040200	1121040200	1221040200	0	0	0	0	0	0	包里包括法师12级神品武器装备一套，使用时请确认身上有4个空位
1633081421	神品秘法装(法师)	4	0	51060	1	1	0	1	1	5	23	9	0	1111040300	1131040300	1121040300	1221040300	0	0	0	0	0	0	包里包括法师24级神品武器装备一套，使用时请确认身上有4个空位
1633081422	神品繁星装(法师)	4	0	60260	1	1	0	1	1	5	23	9	0	1111040400	1131040400	1121040400	1221040400	0	0	0	0	0	0	包里包括法师36级神品武器装备一套，使用时请确认身上有4个空位
1633081423	神品暗晶装(法师)	4	0	71070	1	1	0	1	1	5	23	9	0	1111040500	1131040500	1121040500	1221040500	0	0	0	0	0	0	包里包括法师48级神品武器装备一套，使用时请确认身上有4个空位
1633081424	神品信仰装(法师)	4	0	83030	1	1	0	1	1	5	23	9	0	1111040600	1131040600	1121040600	1221040600	0	0	0	0	0	0	包里包括法师60级神品武器装备一套，使用时请确认身上有4个空位
1633081425	神品祝福装(法师)	4	0	109250	1	1	0	1	1	5	23	9	0	1111040700	1131040700	1121040700	1221040700	0	0	0	0	0	0	包里包括法师72级神品武器装备一套，使用时请确认身上有4个空位
1633081426	神品圣灵装(法师)	4	0	150650	1	1	0	1	1	5	23	9	0	1111040800	1131040800	1121040800	1221040800	0	0	0	0	0	0	包里包括法师84级神品武器装备一套，使用时请确认身上有4个空位
1633081427	神品附魂装(法师)	4	0	181930	1	1	0	1	1	5	23	9	0	1111040900	1131040900	1121040900	1221040900	0	0	0	0	0	0	包里包括法师96级神品武器装备一套，使用时请确认身上有4个空位
1633081428	神品神恩装(法师)	4	0	233680	1	1	0	1	1	5	23	9	0	1111041000	1131041000	1121041000	1221041000	0	0	0	0	0	0	包里包括法师108级神品武器装备一套，使用时请确认身上有4个空位
1633081429	神品天光装(法师)	4	0	294860	1	1	0	1	1	5	23	9	0	1111041100	1131041100	1121041100	1221041100	0	0	0	0	0	0	包里包括法师120级神品武器装备一套，使用时请确认身上有4个空位
1633081430	神品精铁装(战士)	4	0	43240	1	1	0	1	1	5	23	10	0	1112040200	1132040200	1122040200	1142040200	1232040200	0	0	0	0	0	包里包括战士12级神品武器装备一套，使用时请确认身上有5个空位
1633081431	神品青狼装(战士)	4	0	58190	1	1	0	1	1	5	23	10	0	1112040300	1132040300	1122040300	1142040300	1232040300	0	0	0	0	0	包里包括战士24级神品武器装备一套，使用时请确认身上有5个空位
1633081432	神品光芒装(战士)	4	0	70380	1	1	0	1	1	5	23	10	0	1112040400	1132040400	1122040400	1142040400	1232040400	0	0	0	0	0	包里包括战士36级神品武器装备一套，使用时请确认身上有5个空位
1633081433	神品闪耀装(战士)	4	0	82800	1	1	0	1	1	5	23	10	0	1112040500	1132040500	1122040500	1142040500	1232040500	0	0	0	0	0	包里包括战士48级神品武器装备一套，使用时请确认身上有5个空位
1633081434	神品胜利装(战士)	4	0	97290	1	1	0	1	1	5	23	10	0	1112040600	1132040600	1122040600	1142040600	1232040600	0	0	0	0	0	包里包括战士60级神品武器装备一套，使用时请确认身上有5个空位
1633081435	神品荣誉装(战士)	4	0	129490	1	1	0	1	1	5	23	10	0	1112040700	1132040700	1122040700	1142040700	1232040700	0	0	0	0	0	包里包括战士72级神品武器装备一套，使用时请确认身上有5个空位
1633081436	神品狂暴装(战士)	4	0	176410	1	1	0	1	1	5	23	10	0	1112040800	1132040800	1122040800	1142040800	1232040800	0	0	0	0	0	包里包括战士84级神品武器装备一套，使用时请确认身上有5个空位
1633081437	神品力量装(战士)	4	0	212980	1	1	0	1	1	5	23	10	0	1112040900	1132040900	1122040900	1142040900	1232040900	0	0	0	0	0	包里包括战士96级神品武器装备一套，使用时请确认身上有5个空位
1633081438	神品鬼泣装(战士)	4	0	273700	1	1	0	1	1	5	23	10	0	1112041000	1132041000	1122041000	1142041000	1232041000	0	0	0	0	0	包里包括战士108级神品武器装备一套，使用时请确认身上有5个空位
1633081439	神品毁灭装(战士)	4	0	344770	1	1	0	1	1	5	23	10	0	1112041100	1132041100	1122041100	1142041100	1232041100	0	0	0	0	0	包里包括战士120级神品武器装备一套，使用时请确认身上有5个空位
1633081440	游龙首饰包（推广赠送）	4	0	0	1	1	0	1	1	5	23	10	0	1743050400	1743050400	1753050400	1763050400	1763050400	0	0	0	0	0	包里包括游龙首饰装备一套，使用时请确认身上有5个空位
1633081441	魂·游龙首饰（充值30元赠送一套）	4	0	0	1	1	0	1	1	5	23	10	0	1743050500	1743050500	1753050500	1763050500	1763050500	0	0	0	0	0	包里包括魂·游龙首饰装备一套（属性为游龙首饰的双倍），使用时请确认身上有5个空位
1633082001	领主的奖励	4	0	0	1	1	0	1	1	5	23	10	0	1613000007	1633060010	1633060010	1633060010	1633060010	1633060010	1633040011	1633040011	1433000809	1433000809	包里包括生命之源1个,复活药水5个,5级天晶石2个,小喇叭2个,使用时请确认身上有10个空位
