编号	名字	等级需求	光影等级	图标	品质	金币	元宝	描述	升等费用	精炼几率	精炼费用	升级费用	种族要求	装备类型	物理防御	魔法防御	闪避	移动时间增加	格档	附加物理防御	附加魔法防御	物防加成（等级）	物防加成（强壮）	物防加成（敏捷）	物防加成（智慧）	魔防加成（等级）	魔防加成（强壮）	魔防加成（敏捷）	魔防加成（智慧）	附加生命上限	附加魔法上限
id	name	requiredLevel	haloIndex	icon	quality	moneyCost	treasureCost	description	increaseCost	refineRate	refineCost	upgradeCost	requiredRace	eType	physicalDefense	magicDefense	evadingAbility	stepTime	withstandingRate	extraPhysicalDefense	extraMagicDefense	pdLevelFactor	pdStrengthFactor	pdDexterityFactor	pdWisdomFactor	mdLevelFactor	mdStrengthFactor	mdDexterityFactor	mdWisdomFactor	lifeRaised	manaRaised
1120000100	麻头饰	0	0	1	0	9	0	用麻布制成的头饰	0	0	0	0	0	2	1	1	0	0	0	0	0	0	0	0	0	0	0	0	0	0	0
1120000101	麻头饰+1	0	0	1	0	9	0	用麻布制成的头饰	0	0	0	0	0	2	3	3	0	0	0	0	0	0	0	0	0	0	0	0	0	0	0
1120000102	麻头饰+2	0	0	1	0	9	0	用麻布制成的头饰	0	0	0	0	0	2	5	5	0	0	0	0	0	0	0	0	0	0	0	0	0	0	0
1120000103	麻头饰+3	0	0	1	0	9	0	用麻布制成的头饰	0	0	0	0	0	2	7	7	0	0	0	0	0	0	0	0	0	0	0	0	0	0	0
1120000104	麻头饰+4	0	0	1	0	9	0	用麻布制成的头饰	0	0	0	0	0	2	9	9	0	0	0	0	0	0	0	0	0	0	0	0	0	0	0
1120000105	麻头饰+5	0	0	1	0	9	0	用麻布制成的头饰	0	0	0	0	0	2	11	11	0	0	0	0	0	0	0	0	0	0	0	0	0	0	0
1120000106	麻头饰+6	0	0	1	0	9	0	用麻布制成的头饰	0	0	0	0	0	2	13	13	0	0	0	0	0	0	0	0	0	0	0	0	0	0	0
1120000107	麻头饰+7	0	0	1	0	9	0	用麻布制成的头饰	0	0	0	0	0	2	15	15	0	0	0	0	0	0	0	0	0	0	0	0	0	0	0
1120000108	麻头饰+8	0	0	1	0	9	0	用麻布制成的头饰	0	0	0	0	0	2	17	17	0	0	0	0	0	0	0	0	0	0	0	0	0	0	0
1120000109	麻头饰+9	0	0	1	0	9	0	用麻布制成的头饰	0	0	0	0	0	2	19	19	0	0	0	0	0	0	0	0	0	0	0	0	0	0	0
1120000110	麻头饰+10	0	0	1	0	9	0	用麻布制成的头饰	0	0	0	0	0	2	21	21	0	0	0	0	0	0	0	0	0	0	0	0	0	0	0
1120000200	硬头饰	12	0	2	0	500	0	用硬皮制成的头饰	500	0	0	0	0	2	10	6	0	0	0	0	0	0	0	0	0	0	0	0	0	0	0
1120000201	硬头饰+1	12	0	2	0	500	0	用硬皮制成的头饰	600	0	0	0	0	2	12	8	0	0	0	0	0	0	0	0	0	0	0	0	0	0	0
1120000202	硬头饰+2	12	0	2	0	500	0	用硬皮制成的头饰	700	0	0	0	0	2	14	10	0	0	0	0	0	0	0	0	0	0	0	0	0	0	0
1120000203	硬头饰+3	12	0	2	0	500	0	用硬皮制成的头饰	800	10000	500	0	0	2	16	12	0	0	0	0	0	0	0	0	0	0	0	0	0	0	0
1120000204	硬头饰+4	12	0	2	0	500	0	用硬皮制成的头饰	900	10000	500	0	0	2	18	14	0	0	0	0	0	0	0	0	0	0	0	0	0	0	0
1120000205	硬头饰+5	12	0	2	0	500	0	用硬皮制成的头饰	1000	10000	500	0	0	2	20	16	0	0	0	0	0	0	0	0	0	0	0	0	0	0	0
1120000206	硬头饰+6	12	0	2	0	500	0	用硬皮制成的头饰	1100	10000	500	0	0	2	22	18	0	0	0	0	0	0	0	0	0	0	0	0	0	0	0
1120000207	硬头饰+7	12	0	2	0	500	0	用硬皮制成的头饰	1200	10000	500	0	0	2	24	20	0	0	0	0	0	0	0	0	0	0	0	0	0	0	0
1120000208	硬头饰+8	12	0	2	0	500	0	用硬皮制成的头饰	1300	10000	500	0	0	2	26	22	0	0	0	0	0	0	0	0	0	0	0	0	0	0	0
1120000209	硬头饰+9	12	0	2	0	500	0	用硬皮制成的头饰	1400	10000	500	0	0	2	28	24	0	0	0	0	0	0	0	0	0	0	0	0	0	0	0
1120000210	硬头饰+10	12	0	2	0	500	0	用硬皮制成的头饰	0	10000	500	0	0	2	30	26	0	0	0	0	0	0	0	0	0	0	0	0	0	0	0
1120010200	精品硬头饰	12	0	2	1	500	0	用硬皮制成的头饰	500	0	0	0	0	2	10	6	0	0	0	3	2	0	0	0	0	0	0	0	0	0	0
1120010201	精品硬头饰+1	12	0	2	1	500	0	用硬皮制成的头饰	600	0	0	0	0	2	12	8	0	0	0	4	2	0	0	0	0	0	0	0	0	0	0
1120010202	精品硬头饰+2	12	0	2	1	500	0	用硬皮制成的头饰	700	0	0	0	0	2	14	10	0	0	0	4	3	0	0	0	0	0	0	0	0	0	0
1120010203	精品硬头饰+3	12	1	2	1	500	0	用硬皮制成的头饰	800	0	0	0	0	2	16	12	0	0	0	5	4	0	0	0	0	0	0	0	0	0	0
1120010204	精品硬头饰+4	12	1	2	1	500	0	用硬皮制成的头饰	900	5000	1000	0	0	2	18	14	0	0	0	6	4	0	0	0	0	0	0	0	0	0	0
1120010205	精品硬头饰+5	12	2	2	1	500	0	用硬皮制成的头饰	1000	6000	1000	0	0	2	20	16	0	0	0	6	5	0	0	0	0	0	0	0	0	0	0
1120010206	精品硬头饰+6	12	2	2	1	500	0	用硬皮制成的头饰	1100	7000	1000	0	0	2	22	18	0	0	0	7	6	0	0	0	0	0	0	0	0	0	0
1120010207	精品硬头饰+7	12	2	2	1	500	0	用硬皮制成的头饰	1200	8000	1000	0	0	2	24	20	0	0	0	8	6	0	0	0	0	0	0	0	0	0	0
1120010208	精品硬头饰+8	12	3	2	1	500	0	用硬皮制成的头饰	1300	9000	1000	0	0	2	26	22	0	0	0	8	7	0	0	0	0	0	0	0	0	0	0
1120010209	精品硬头饰+9	12	3	2	1	500	0	用硬皮制成的头饰	1400	10000	1000	0	0	2	28	24	0	0	0	9	8	0	0	0	0	0	0	0	0	0	0
1120010210	精品硬头饰+10	12	4	2	1	500	0	用硬皮制成的头饰	0	10000	1000	0	0	2	30	26	0	0	0	10	8	0	0	0	0	0	0	0	0	0	0
1120020200	极品硬头饰	12	0	2	2	500	0	用硬皮制成的头饰	500	0	0	0	0	2	10	6	0	0	0	3	2	2	0	0	0	2	0	0	0	0	0
1120020201	极品硬头饰+1	12	0	2	2	500	0	用硬皮制成的头饰	600	0	0	0	0	2	12	8	0	0	0	4	2	2	0	0	0	2	0	0	0	0	0
1120020202	极品硬头饰+2	12	0	2	2	500	0	用硬皮制成的头饰	700	0	0	0	0	2	14	10	0	0	0	4	3	2	0	0	0	2	0	0	0	0	0
1120020203	极品硬头饰+3	12	2	2	2	500	0	用硬皮制成的头饰	800	0	0	0	0	2	16	12	0	0	0	5	4	2	0	0	0	2	0	0	0	0	0
1120020204	极品硬头饰+4	12	2	2	2	500	0	用硬皮制成的头饰	900	0	0	0	0	2	18	14	0	0	0	6	4	2	0	0	0	2	0	0	0	0	0
1120020205	极品硬头饰+5	12	3	2	2	500	0	用硬皮制成的头饰	1000	2500	1500	0	0	2	20	16	0	0	0	6	5	2	0	0	0	2	0	0	0	0	0
1120020206	极品硬头饰+6	12	3	2	2	500	0	用硬皮制成的头饰	1100	3500	1500	0	0	2	22	18	0	0	0	7	6	2	0	0	0	2	0	0	0	0	0
1120020207	极品硬头饰+7	12	3	2	2	500	0	用硬皮制成的头饰	1200	4500	1500	0	0	2	24	20	0	0	0	8	6	2	0	0	0	2	0	0	0	0	0
1120020208	极品硬头饰+8	12	4	2	2	500	0	用硬皮制成的头饰	1300	5500	1500	0	0	2	26	22	0	0	0	8	7	2	0	0	0	2	0	0	0	0	0
1120020209	极品硬头饰+9	12	4	2	2	500	0	用硬皮制成的头饰	1400	7000	1500	0	0	2	28	24	0	0	0	9	8	2	0	0	0	2	0	0	0	0	0
1120020210	极品硬头饰+10	12	5	2	2	500	0	用硬皮制成的头饰	0	10000	1500	0	0	2	30	26	0	0	0	10	8	2	0	0	0	2	0	0	0	0	0
1120030200	完美硬头饰	12	0	2	3	72000	15	用硬皮制成的头饰	500	0	0	28	0	2	10	6	0	0	0	3	2	2	0	10	0	2	0	0	10	50	30
1120030201	完美硬头饰+1	12	0	2	3	72000	15	用硬皮制成的头饰	600	0	0	28	0	2	12	8	0	0	0	4	2	2	0	10	0	2	0	0	10	55	30
1120030202	完美硬头饰+2	12	0	2	3	72000	15	用硬皮制成的头饰	700	0	0	28	0	2	14	10	0	0	0	4	3	2	0	10	0	2	0	0	10	60	30
1120030203	完美硬头饰+3	12	3	2	3	72000	15	用硬皮制成的头饰	800	0	0	28	0	2	16	12	0	0	0	5	4	2	0	10	0	2	0	0	10	65	30
1120030204	完美硬头饰+4	12	3	2	3	72000	15	用硬皮制成的头饰	900	0	0	28	0	2	18	14	0	0	0	6	4	2	0	10	0	2	0	0	10	70	30
1120030205	完美硬头饰+5	12	4	2	3	72000	15	用硬皮制成的头饰	1000	0	0	28	0	2	20	16	0	0	0	6	5	2	0	10	0	2	0	0	10	75	30
1120030206	完美硬头饰+6	12	4	2	3	72000	15	用硬皮制成的头饰	1100	0	0	28	0	2	22	18	0	0	0	7	6	2	0	10	0	2	0	0	10	80	30
1120030207	完美硬头饰+7	12	4	2	3	72000	15	用硬皮制成的头饰	1200	1000	2000	28	0	2	24	20	0	0	0	8	6	2	0	10	0	2	0	0	10	85	30
1120030208	完美硬头饰+8	12	5	2	3	72000	15	用硬皮制成的头饰	1300	1100	2000	28	0	2	26	22	0	0	0	8	7	2	0	10	0	2	0	0	10	90	30
1120030209	完美硬头饰+9	12	5	2	3	72000	15	用硬皮制成的头饰	1400	1200	2000	28	0	2	28	24	0	0	0	9	8	2	0	10	0	2	0	0	10	95	30
1120030210	完美硬头饰+10	12	6	2	3	72000	15	用硬皮制成的头饰	0	1300	2000	28	0	2	30	26	0	0	0	10	8	2	0	10	0	2	0	0	10	100	30
1120040200	神品硬头饰	12	0	2	4	120000	24	用硬皮制成的头饰	500	0	0	48	0	2	10	6	0	0	0	3	2	2	10	10	10	2	10	10	10	50	30
1120040201	神品硬头饰+1	12	0	2	4	120000	24	用硬皮制成的头饰	600	0	0	48	0	2	12	8	0	0	0	4	2	2	10	10	10	2	10	10	10	55	30
1120040202	神品硬头饰+2	12	0	2	4	120000	24	用硬皮制成的头饰	700	0	0	48	0	2	14	10	0	0	0	4	3	2	10	10	10	2	10	10	10	60	30
1120040203	神品硬头饰+3	12	4	2	4	120000	24	用硬皮制成的头饰	800	0	0	48	0	2	16	12	0	0	0	5	4	2	10	10	10	2	10	10	10	65	30
1120040204	神品硬头饰+4	12	4	2	4	120000	24	用硬皮制成的头饰	900	0	0	48	0	2	18	14	0	0	0	6	4	2	10	10	10	2	10	10	10	70	30
1120040205	神品硬头饰+5	12	5	2	4	120000	24	用硬皮制成的头饰	1000	0	0	48	0	2	20	16	0	0	0	6	5	2	10	10	10	2	10	10	10	75	30
1120040206	神品硬头饰+6	12	5	2	4	120000	24	用硬皮制成的头饰	1100	0	0	48	0	2	22	18	0	0	0	7	6	2	10	10	10	2	10	10	10	80	30
1120040207	神品硬头饰+7	12	5	2	4	120000	24	用硬皮制成的头饰	1200	0	0	48	0	2	24	20	0	0	0	8	6	2	10	10	10	2	10	10	10	85	30
1120040208	神品硬头饰+8	12	6	2	4	120000	24	用硬皮制成的头饰	1300	0	0	48	0	2	26	22	0	0	0	8	7	2	10	10	10	2	10	10	10	90	30
1120040209	神品硬头饰+9	12	6	2	4	120000	24	用硬皮制成的头饰	1400	0	0	48	0	2	28	24	0	0	0	9	8	2	10	10	10	2	10	10	10	95	30
1120040210	神品硬头饰+10	12	7	2	4	120000	24	用硬皮制成的头饰	0	0	0	48	0	2	30	26	0	0	0	10	8	2	10	10	10	2	10	10	10	100	30
1120000300	轻灵头饰	24	0	3	0	750	0	轻巧灵便的头饰	800	0	0	0	0	2	18	12	0	0	0	0	0	0	0	0	0	0	0	0	0	0	0
1120000301	轻灵头饰+1	24	0	3	0	750	0	轻巧灵便的头饰	900	0	0	0	0	2	21	15	0	0	0	0	0	0	0	0	0	0	0	0	0	0	0
1120000302	轻灵头饰+2	24	0	3	0	750	0	轻巧灵便的头饰	1000	0	0	0	0	2	24	18	0	0	0	0	0	0	0	0	0	0	0	0	0	0	0
1120000303	轻灵头饰+3	24	0	3	0	750	0	轻巧灵便的头饰	1100	10000	1500	0	0	2	27	21	0	0	0	0	0	0	0	0	0	0	0	0	0	0	0
1120000304	轻灵头饰+4	24	0	3	0	750	0	轻巧灵便的头饰	1200	10000	1500	0	0	2	30	24	0	0	0	0	0	0	0	0	0	0	0	0	0	0	0
1120000305	轻灵头饰+5	24	0	3	0	750	0	轻巧灵便的头饰	1300	10000	1500	0	0	2	33	27	0	0	0	0	0	0	0	0	0	0	0	0	0	0	0
1120000306	轻灵头饰+6	24	0	3	0	750	0	轻巧灵便的头饰	1400	10000	1500	0	0	2	36	30	0	0	0	0	0	0	0	0	0	0	0	0	0	0	0
1120000307	轻灵头饰+7	24	0	3	0	750	0	轻巧灵便的头饰	1500	10000	1500	0	0	2	39	33	0	0	0	0	0	0	0	0	0	0	0	0	0	0	0
1120000308	轻灵头饰+8	24	0	3	0	750	0	轻巧灵便的头饰	1600	10000	1500	0	0	2	42	36	0	0	0	0	0	0	0	0	0	0	0	0	0	0	0
1120000309	轻灵头饰+9	24	0	3	0	750	0	轻巧灵便的头饰	1700	10000	1500	0	0	2	45	39	0	0	0	0	0	0	0	0	0	0	0	0	0	0	0
1120000310	轻灵头饰+10	24	0	3	0	750	0	轻巧灵便的头饰	0	10000	1500	0	0	2	48	42	0	0	0	0	0	0	0	0	0	0	0	0	0	0	0
1120010300	精品轻灵头饰	24	0	3	1	750	0	轻巧灵便的头饰	800	0	0	0	0	2	18	12	0	0	0	6	4	0	0	0	0	0	0	0	0	0	0
1120010301	精品轻灵头饰+1	24	0	3	1	750	0	轻巧灵便的头饰	900	0	0	0	0	2	21	15	0	0	0	7	5	0	0	0	0	0	0	0	0	0	0
1120010302	精品轻灵头饰+2	24	0	3	1	750	0	轻巧灵便的头饰	1000	0	0	0	0	2	24	18	0	0	0	8	6	0	0	0	0	0	0	0	0	0	0
1120010303	精品轻灵头饰+3	24	1	3	1	750	0	轻巧灵便的头饰	1100	0	0	0	0	2	27	21	0	0	0	9	7	0	0	0	0	0	0	0	0	0	0
1120010304	精品轻灵头饰+4	24	1	3	1	750	0	轻巧灵便的头饰	1200	5000	2000	0	0	2	30	24	0	0	0	10	8	0	0	0	0	0	0	0	0	0	0
1120010305	精品轻灵头饰+5	24	2	3	1	750	0	轻巧灵便的头饰	1300	6000	2000	0	0	2	33	27	0	0	0	11	9	0	0	0	0	0	0	0	0	0	0
1120010306	精品轻灵头饰+6	24	2	3	1	750	0	轻巧灵便的头饰	1400	7000	2000	0	0	2	36	30	0	0	0	12	10	0	0	0	0	0	0	0	0	0	0
1120010307	精品轻灵头饰+7	24	2	3	1	750	0	轻巧灵便的头饰	1500	8000	2000	0	0	2	39	33	0	0	0	13	11	0	0	0	0	0	0	0	0	0	0
1120010308	精品轻灵头饰+8	24	3	3	1	750	0	轻巧灵便的头饰	1600	9000	2000	0	0	2	42	36	0	0	0	14	12	0	0	0	0	0	0	0	0	0	0
1120010309	精品轻灵头饰+9	24	3	3	1	750	0	轻巧灵便的头饰	1700	10000	2000	0	0	2	45	39	0	0	0	15	13	0	0	0	0	0	0	0	0	0	0
1120010310	精品轻灵头饰+10	24	4	3	1	750	0	轻巧灵便的头饰	0	10000	2000	0	0	2	48	42	0	0	0	16	14	0	0	0	0	0	0	0	0	0	0
1120020300	极品轻灵头饰	24	0	3	2	750	0	轻巧灵便的头饰	800	0	0	0	0	2	18	12	0	0	0	6	4	2	0	0	0	2	0	0	0	0	0
1120020301	极品轻灵头饰+1	24	0	3	2	750	0	轻巧灵便的头饰	900	0	0	0	0	2	21	15	0	0	0	7	5	2	0	0	0	2	0	0	0	0	0
1120020302	极品轻灵头饰+2	24	0	3	2	750	0	轻巧灵便的头饰	1000	0	0	0	0	2	24	18	0	0	0	8	6	2	0	0	0	2	0	0	0	0	0
1120020303	极品轻灵头饰+3	24	2	3	2	750	0	轻巧灵便的头饰	1100	0	0	0	0	2	27	21	0	0	0	9	7	2	0	0	0	2	0	0	0	0	0
1120020304	极品轻灵头饰+4	24	2	3	2	750	0	轻巧灵便的头饰	1200	0	0	0	0	2	30	24	0	0	0	10	8	2	0	0	0	2	0	0	0	0	0
1120020305	极品轻灵头饰+5	24	3	3	2	750	0	轻巧灵便的头饰	1300	2500	2500	0	0	2	33	27	0	0	0	11	9	2	0	0	0	2	0	0	0	0	0
1120020306	极品轻灵头饰+6	24	3	3	2	750	0	轻巧灵便的头饰	1400	3500	2500	0	0	2	36	30	0	0	0	12	10	2	0	0	0	2	0	0	0	0	0
1120020307	极品轻灵头饰+7	24	3	3	2	750	0	轻巧灵便的头饰	1500	4500	2500	0	0	2	39	33	0	0	0	13	11	2	0	0	0	2	0	0	0	0	0
1120020308	极品轻灵头饰+8	24	4	3	2	750	0	轻巧灵便的头饰	1600	5500	2500	0	0	2	42	36	0	0	0	14	12	2	0	0	0	2	0	0	0	0	0
1120020309	极品轻灵头饰+9	24	4	3	2	750	0	轻巧灵便的头饰	1700	7000	2500	0	0	2	45	39	0	0	0	15	13	2	0	0	0	2	0	0	0	0	0
1120020310	极品轻灵头饰+10	24	5	3	2	750	0	轻巧灵便的头饰	0	10000	2500	0	0	2	48	42	0	0	0	16	14	2	0	0	0	2	0	0	0	0	0
1120030300	完美轻灵头饰	24	0	3	3	144000	22	轻巧灵便的头饰	800	0	0	96	0	2	18	12	0	0	0	6	4	2	0	10	0	2	0	0	10	100	60
1120030301	完美轻灵头饰+1	24	0	3	3	144000	22	轻巧灵便的头饰	900	0	0	96	0	2	21	15	0	0	0	7	5	2	0	10	0	2	0	0	10	105	60
1120030302	完美轻灵头饰+2	24	0	3	3	144000	22	轻巧灵便的头饰	1000	0	0	96	0	2	24	18	0	0	0	8	6	2	0	10	0	2	0	0	10	110	60
1120030303	完美轻灵头饰+3	24	3	3	3	144000	22	轻巧灵便的头饰	1100	0	0	96	0	2	27	21	0	0	0	9	7	2	0	10	0	2	0	0	10	115	60
1120030304	完美轻灵头饰+4	24	3	3	3	144000	22	轻巧灵便的头饰	1200	0	0	96	0	2	30	24	0	0	0	10	8	2	0	10	0	2	0	0	10	120	60
1120030305	完美轻灵头饰+5	24	4	3	3	144000	22	轻巧灵便的头饰	1300	0	0	96	0	2	33	27	0	0	0	11	9	2	0	10	0	2	0	0	10	125	60
1120030306	完美轻灵头饰+6	24	4	3	3	144000	22	轻巧灵便的头饰	1400	0	0	96	0	2	36	30	0	0	0	12	10	2	0	10	0	2	0	0	10	130	60
1120030307	完美轻灵头饰+7	24	4	3	3	144000	22	轻巧灵便的头饰	1500	1000	3000	96	0	2	39	33	0	0	0	13	11	2	0	10	0	2	0	0	10	135	60
1120030308	完美轻灵头饰+8	24	5	3	3	144000	22	轻巧灵便的头饰	1600	2000	3000	96	0	2	42	36	0	0	0	14	12	2	0	10	0	2	0	0	10	140	60
1120030309	完美轻灵头饰+9	24	5	3	3	144000	22	轻巧灵便的头饰	1700	3000	3000	96	0	2	45	39	0	0	0	15	13	2	0	10	0	2	0	0	10	145	60
1120030310	完美轻灵头饰+10	24	6	3	3	144000	22	轻巧灵便的头饰	0	4000	3000	96	0	2	48	42	0	0	0	16	14	2	0	10	0	2	0	0	10	150	60
1120040300	神品轻灵头饰	24	0	3	4	240000	32	轻巧灵便的头饰	800	0	0	160	0	2	18	12	0	0	0	6	4	2	10	10	10	2	10	10	10	100	60
1120040301	神品轻灵头饰+1	24	0	3	4	240000	32	轻巧灵便的头饰	900	0	0	160	0	2	21	15	0	0	0	7	5	2	10	10	10	2	10	10	10	105	60
1120040302	神品轻灵头饰+2	24	0	3	4	240000	32	轻巧灵便的头饰	1000	0	0	160	0	2	24	18	0	0	0	8	6	2	10	10	10	2	10	10	10	110	60
1120040303	神品轻灵头饰+3	24	4	3	4	240000	32	轻巧灵便的头饰	1100	0	0	160	0	2	27	21	0	0	0	9	7	2	10	10	10	2	10	10	10	115	60
1120040304	神品轻灵头饰+4	24	4	3	4	240000	32	轻巧灵便的头饰	1200	0	0	160	0	2	30	24	0	0	0	10	8	2	10	10	10	2	10	10	10	120	60
1120040305	神品轻灵头饰+5	24	5	3	4	240000	32	轻巧灵便的头饰	1300	0	0	160	0	2	33	27	0	0	0	11	9	2	10	10	10	2	10	10	10	125	60
1120040306	神品轻灵头饰+6	24	5	3	4	240000	32	轻巧灵便的头饰	1400	0	0	160	0	2	36	30	0	0	0	12	10	2	10	10	10	2	10	10	10	130	60
1120040307	神品轻灵头饰+7	24	5	3	4	240000	32	轻巧灵便的头饰	1500	0	0	160	0	2	39	33	0	0	0	13	11	2	10	10	10	2	10	10	10	135	60
1120040308	神品轻灵头饰+8	24	6	3	4	240000	32	轻巧灵便的头饰	1600	0	0	160	0	2	42	36	0	0	0	14	12	2	10	10	10	2	10	10	10	140	60
1120040309	神品轻灵头饰+9	24	6	3	4	240000	32	轻巧灵便的头饰	1700	0	0	160	0	2	45	39	0	0	0	15	13	2	10	10	10	2	10	10	10	145	60
1120040310	神品轻灵头饰+10	24	7	3	4	240000	32	轻巧灵便的头饰	0	0	0	160	0	2	48	42	0	0	0	16	14	2	10	10	10	2	10	10	10	150	60
1120000400	射手头饰	36	0	4	0	1125	0	神射手专用头饰	1200	0	0	0	0	2	27	18	0	0	0	0	0	0	0	0	0	0	0	0	0	0	0
1120000401	射手头饰+1	36	0	4	0	1125	0	神射手专用头饰	1300	0	0	0	0	2	30	21	0	0	0	0	0	0	0	0	0	0	0	0	0	0	0
1120000402	射手头饰+2	36	0	4	0	1125	0	神射手专用头饰	1400	0	3000	0	0	2	33	24	0	0	0	0	0	0	0	0	0	0	0	0	0	0	0
1120000403	射手头饰+3	36	0	4	0	1125	0	神射手专用头饰	1500	10000	3000	0	0	2	36	27	0	0	0	0	0	0	0	0	0	0	0	0	0	0	0
1120000404	射手头饰+4	36	0	4	0	1125	0	神射手专用头饰	1600	10000	3000	0	0	2	39	30	0	0	0	0	0	0	0	0	0	0	0	0	0	0	0
1120000405	射手头饰+5	36	0	4	0	1125	0	神射手专用头饰	1700	10000	3000	0	0	2	42	33	0	0	0	0	0	0	0	0	0	0	0	0	0	0	0
1120000406	射手头饰+6	36	0	4	0	1125	0	神射手专用头饰	1800	10000	3000	0	0	2	45	36	0	0	0	0	0	0	0	0	0	0	0	0	0	0	0
1120000407	射手头饰+7	36	0	4	0	1125	0	神射手专用头饰	1900	10000	3000	0	0	2	48	39	0	0	0	0	0	0	0	0	0	0	0	0	0	0	0
1120000408	射手头饰+8	36	0	4	0	1125	0	神射手专用头饰	2000	10000	3000	0	0	2	51	42	0	0	0	0	0	0	0	0	0	0	0	0	0	0	0
1120000409	射手头饰+9	36	0	4	0	1125	0	神射手专用头饰	2100	10000	3000	0	0	2	54	45	0	0	0	0	0	0	0	0	0	0	0	0	0	0	0
1120000410	射手头饰+10	36	0	4	0	1125	0	神射手专用头饰	0	10000	3000	0	0	2	57	48	0	0	0	0	0	0	0	0	0	0	0	0	0	0	0
1120010400	精品射手头饰	36	0	4	1	1125	0	神射手专用头饰	1200	0	0	0	0	2	27	18	0	0	0	9	6	0	0	0	0	0	0	0	0	0	0
1120010401	精品射手头饰+1	36	0	4	1	1125	0	神射手专用头饰	1300	0	0	0	0	2	30	21	0	0	0	10	7	0	0	0	0	0	0	0	0	0	0
1120010402	精品射手头饰+2	36	0	4	1	1125	0	神射手专用头饰	1400	0	0	0	0	2	33	24	0	0	0	11	8	0	0	0	0	0	0	0	0	0	0
1120010403	精品射手头饰+3	36	1	4	1	1125	0	神射手专用头饰	1500	0	0	0	0	2	36	27	0	0	0	12	9	0	0	0	0	0	0	0	0	0	0
1120010404	精品射手头饰+4	36	1	4	1	1125	0	神射手专用头饰	1600	5000	4000	0	0	2	39	30	0	0	0	13	10	0	0	0	0	0	0	0	0	0	0
1120010405	精品射手头饰+5	36	2	4	1	1125	0	神射手专用头饰	1700	6000	4000	0	0	2	42	33	0	0	0	14	11	0	0	0	0	0	0	0	0	0	0
1120010406	精品射手头饰+6	36	2	4	1	1125	0	神射手专用头饰	1800	7000	4000	0	0	2	45	36	0	0	0	15	12	0	0	0	0	0	0	0	0	0	0
1120010407	精品射手头饰+7	36	2	4	1	1125	0	神射手专用头饰	1900	8000	4000	0	0	2	48	39	0	0	0	16	13	0	0	0	0	0	0	0	0	0	0
1120010408	精品射手头饰+8	36	3	4	1	1125	0	神射手专用头饰	2000	9000	4000	0	0	2	51	42	0	0	0	17	14	0	0	0	0	0	0	0	0	0	0
1120010409	精品射手头饰+9	36	3	4	1	1125	0	神射手专用头饰	2100	10000	4000	0	0	2	54	45	0	0	0	18	15	0	0	0	0	0	0	0	0	0	0
1120010410	精品射手头饰+10	36	4	4	1	1125	0	神射手专用头饰	0	10000	4000	0	0	2	57	48	0	0	0	19	16	0	0	0	0	0	0	0	0	0	0
1120020400	极品射手头饰	36	0	4	2	1125	0	神射手专用头饰	1200	0	0	0	0	2	27	18	0	0	0	9	6	2	0	0	0	2	0	0	0	0	0
1120020401	极品射手头饰+1	36	0	4	2	1125	0	神射手专用头饰	1300	0	0	0	0	2	30	21	0	0	0	10	7	2	0	0	0	2	0	0	0	0	0
1120020402	极品射手头饰+2	36	0	4	2	1125	0	神射手专用头饰	1400	0	0	0	0	2	33	24	0	0	0	11	8	2	0	0	0	2	0	0	0	0	0
1120020403	极品射手头饰+3	36	2	4	2	1125	0	神射手专用头饰	1500	0	0	0	0	2	36	27	0	0	0	12	9	2	0	0	0	2	0	0	0	0	0
1120020404	极品射手头饰+4	36	2	4	2	1125	0	神射手专用头饰	1600	0	0	0	0	2	39	30	0	0	0	13	10	2	0	0	0	2	0	0	0	0	0
1120020405	极品射手头饰+5	36	3	4	2	1125	0	神射手专用头饰	1700	1000	5000	0	0	2	42	33	0	0	0	14	11	2	0	0	0	2	0	0	0	0	0
1120020406	极品射手头饰+6	36	3	4	2	1125	0	神射手专用头饰	1800	2000	5000	0	0	2	45	36	0	0	0	15	12	2	0	0	0	2	0	0	0	0	0
1120020407	极品射手头饰+7	36	3	4	2	1125	0	神射手专用头饰	1900	3500	5000	0	0	2	48	39	0	0	0	16	13	2	0	0	0	2	0	0	0	0	0
1120020408	极品射手头饰+8	36	4	4	2	1125	0	神射手专用头饰	2000	5000	5000	0	0	2	51	42	0	0	0	17	14	2	0	0	0	2	0	0	0	0	0
1120020409	极品射手头饰+9	36	4	4	2	1125	0	神射手专用头饰	2100	7000	5000	0	0	2	54	45	0	0	0	18	15	2	0	0	0	2	0	0	0	0	0
1120020410	极品射手头饰+10	36	5	4	2	1125	0	神射手专用头饰	0	10000	5000	0	0	2	57	48	0	0	0	19	16	2	0	0	0	2	0	0	0	0	0
1120030400	完美射手头饰	36	0	4	3	384000	29	神射手专用头饰	1200	0	0	76	0	2	27	18	0	0	0	9	6	2	0	10	0	2	0	0	10	150	90
1120030401	完美射手头饰+1	36	0	4	3	384000	29	神射手专用头饰	1300	0	0	76	0	2	30	21	0	0	0	10	7	2	0	10	0	2	0	0	10	155	90
1120030402	完美射手头饰+2	36	0	4	3	384000	29	神射手专用头饰	1400	0	0	76	0	2	33	24	0	0	0	11	8	2	0	10	0	2	0	0	10	160	90
1120030403	完美射手头饰+3	36	3	4	3	384000	29	神射手专用头饰	1500	0	0	76	0	2	36	27	0	0	0	12	9	2	0	10	0	2	0	0	10	165	90
1120030404	完美射手头饰+4	36	3	4	3	384000	29	神射手专用头饰	1600	0	0	76	0	2	39	30	0	0	0	13	10	2	0	10	0	2	0	0	10	170	90
1120030405	完美射手头饰+5	36	4	4	3	384000	29	神射手专用头饰	1700	0	0	76	0	2	42	33	0	0	0	14	11	2	0	10	0	2	0	0	10	175	90
1120030406	完美射手头饰+6	36	4	4	3	384000	29	神射手专用头饰	1800	0	0	76	0	2	45	36	0	0	0	15	12	2	0	10	0	2	0	0	10	180	90
1120030407	完美射手头饰+7	36	4	4	3	384000	29	神射手专用头饰	1900	1000	6000	76	0	2	48	39	0	0	0	16	13	2	0	10	0	2	0	0	10	185	90
1120030408	完美射手头饰+8	36	5	4	3	384000	29	神射手专用头饰	2000	2000	6000	76	0	2	51	42	0	0	0	17	14	2	0	10	0	2	0	0	10	190	90
1120030409	完美射手头饰+9	36	5	4	3	384000	29	神射手专用头饰	2100	3000	6000	76	0	2	54	45	0	0	0	18	15	2	0	10	0	2	0	0	10	195	90
1120030410	完美射手头饰+10	36	6	4	3	384000	29	神射手专用头饰	0	4000	6000	76	0	2	57	48	0	0	0	19	16	2	0	10	0	2	0	0	10	200	90
1120040400	神品射手头饰	36	0	4	4	640000	48	神射手专用头饰	1200	0	0	128	0	2	27	18	0	0	0	9	6	2	10	10	10	2	10	10	10	150	90
1120040401	神品射手头饰+1	36	0	4	4	640000	48	神射手专用头饰	1300	0	0	128	0	2	30	21	0	0	0	10	7	2	10	10	10	2	10	10	10	155	90
1120040402	神品射手头饰+2	36	0	4	4	640000	48	神射手专用头饰	1400	0	0	128	0	2	33	24	0	0	0	11	8	2	10	10	10	2	10	10	10	160	90
1120040403	神品射手头饰+3	36	4	4	4	640000	48	神射手专用头饰	1500	0	0	128	0	2	36	27	0	0	0	12	9	2	10	10	10	2	10	10	10	165	90
1120040404	神品射手头饰+4	36	4	4	4	640000	48	神射手专用头饰	1600	0	0	128	0	2	39	30	0	0	0	13	10	2	10	10	10	2	10	10	10	170	90
1120040405	神品射手头饰+5	36	5	4	4	640000	48	神射手专用头饰	1700	0	0	128	0	2	42	33	0	0	0	14	11	2	10	10	10	2	10	10	10	175	90
1120040406	神品射手头饰+6	36	5	4	4	640000	48	神射手专用头饰	1800	0	0	128	0	2	45	36	0	0	0	15	12	2	10	10	10	2	10	10	10	180	90
1120040407	神品射手头饰+7	36	5	4	4	640000	48	神射手专用头饰	1900	0	0	128	0	2	48	39	0	0	0	16	13	2	10	10	10	2	10	10	10	185	90
1120040408	神品射手头饰+8	36	6	4	4	640000	48	神射手专用头饰	2000	0	0	128	0	2	51	42	0	0	0	17	14	2	10	10	10	2	10	10	10	190	90
1120040409	神品射手头饰+9	36	6	4	4	640000	48	神射手专用头饰	2100	0	0	128	0	2	54	45	0	0	0	18	15	2	10	10	10	2	10	10	10	195	90
1120040410	神品射手头饰+10	36	7	4	4	640000	48	神射手专用头饰	0	0	0	128	0	2	57	48	0	0	0	19	16	2	10	10	10	2	10	10	10	200	90
1120000500	宁静头饰	48	0	5	0	1406	0	给人宁静感觉的头饰	1600	0	0	0	0	2	38	24	0	0	0	0	0	0	0	0	0	0	0	0	0	0	0
1120000501	宁静头饰+1	48	0	5	0	1406	0	给人宁静感觉的头饰	1800	0	0	0	0	2	41	27	0	0	0	0	0	0	0	0	0	0	0	0	0	0	0
1120000502	宁静头饰+2	48	0	5	0	1406	0	给人宁静感觉的头饰	2000	0	0	0	0	2	44	30	0	0	0	0	0	0	0	0	0	0	0	0	0	0	0
1120000503	宁静头饰+3	48	0	5	0	1406	0	给人宁静感觉的头饰	2200	9000	5000	0	0	2	47	33	0	0	0	0	0	0	0	0	0	0	0	0	0	0	0
1120000504	宁静头饰+4	48	0	5	0	1406	0	给人宁静感觉的头饰	2400	10000	5000	0	0	2	50	36	0	0	0	0	0	0	0	0	0	0	0	0	0	0	0
1120000505	宁静头饰+5	48	0	5	0	1406	0	给人宁静感觉的头饰	2600	10000	5000	0	0	2	53	39	0	0	0	0	0	0	0	0	0	0	0	0	0	0	0
1120000506	宁静头饰+6	48	0	5	0	1406	0	给人宁静感觉的头饰	2800	10000	5000	0	0	2	56	42	0	0	0	0	0	0	0	0	0	0	0	0	0	0	0
1120000507	宁静头饰+7	48	0	5	0	1406	0	给人宁静感觉的头饰	3000	10000	5000	0	0	2	59	45	0	0	0	0	0	0	0	0	0	0	0	0	0	0	0
1120000508	宁静头饰+8	48	0	5	0	1406	0	给人宁静感觉的头饰	3200	10000	5000	0	0	2	62	48	0	0	0	0	0	0	0	0	0	0	0	0	0	0	0
1120000509	宁静头饰+9	48	0	5	0	1406	0	给人宁静感觉的头饰	3400	10000	5000	0	0	2	65	51	0	0	0	0	0	0	0	0	0	0	0	0	0	0	0
1120000510	宁静头饰+10	48	0	5	0	1406	0	给人宁静感觉的头饰	0	10000	5000	0	0	2	68	54	0	0	0	0	0	0	0	0	0	0	0	0	0	0	0
1120010500	精品宁静头饰	48	0	5	1	1406	0	给人宁静感觉的头饰	1600	0	0	0	0	2	38	24	0	0	0	12	8	0	0	0	0	0	0	0	0	0	0
1120010501	精品宁静头饰+1	48	0	5	1	1406	0	给人宁静感觉的头饰	1800	0	0	0	0	2	41	27	0	0	0	13	9	0	0	0	0	0	0	0	0	0	0
1120010502	精品宁静头饰+2	48	0	5	1	1406	0	给人宁静感觉的头饰	2000	0	0	0	0	2	44	30	0	0	0	14	10	0	0	0	0	0	0	0	0	0	0
1120010503	精品宁静头饰+3	48	1	5	1	1406	0	给人宁静感觉的头饰	2200	0	0	0	0	2	47	33	0	0	0	15	11	0	0	0	0	0	0	0	0	0	0
1120010504	精品宁静头饰+4	48	1	5	1	1406	0	给人宁静感觉的头饰	2400	1000	6000	0	0	2	50	36	0	0	0	16	12	0	0	0	0	0	0	0	0	0	0
1120010505	精品宁静头饰+5	48	2	5	1	1406	0	给人宁静感觉的头饰	2600	3000	6000	0	0	2	53	39	0	0	0	17	13	0	0	0	0	0	0	0	0	0	0
1120010506	精品宁静头饰+6	48	2	5	1	1406	0	给人宁静感觉的头饰	2800	5000	6000	0	0	2	56	42	0	0	0	18	14	0	0	0	0	0	0	0	0	0	0
1120010507	精品宁静头饰+7	48	2	5	1	1406	0	给人宁静感觉的头饰	3000	7000	6000	0	0	2	59	45	0	0	0	19	15	0	0	0	0	0	0	0	0	0	0
1120010508	精品宁静头饰+8	48	3	5	1	1406	0	给人宁静感觉的头饰	3200	8000	6000	0	0	2	62	48	0	0	0	20	16	0	0	0	0	0	0	0	0	0	0
1120010509	精品宁静头饰+9	48	3	5	1	1406	0	给人宁静感觉的头饰	3400	9000	6000	0	0	2	65	51	0	0	0	21	17	0	0	0	0	0	0	0	0	0	0
1120010510	精品宁静头饰+10	48	4	5	1	1406	0	给人宁静感觉的头饰	0	10000	6000	0	0	2	68	54	0	0	0	22	18	0	0	0	0	0	0	0	0	0	0
1120020500	极品宁静头饰	48	0	5	2	1406	0	给人宁静感觉的头饰	1600	0	0	0	0	2	38	24	0	0	0	12	8	2	0	0	0	2	0	0	0	0	0
1120020501	极品宁静头饰+1	48	0	5	2	1406	0	给人宁静感觉的头饰	1800	0	0	0	0	2	41	27	0	0	0	13	9	2	0	0	0	2	0	0	0	0	0
1120020502	极品宁静头饰+2	48	0	5	2	1406	0	给人宁静感觉的头饰	2000	0	0	0	0	2	44	30	0	0	0	14	10	2	0	0	0	2	0	0	0	0	0
1120020503	极品宁静头饰+3	48	2	5	2	1406	0	给人宁静感觉的头饰	2200	0	0	0	0	2	47	33	0	0	0	15	11	2	0	0	0	2	0	0	0	0	0
1120020504	极品宁静头饰+4	48	2	5	2	1406	0	给人宁静感觉的头饰	2400	0	0	0	0	2	50	36	0	0	0	16	12	2	0	0	0	2	0	0	0	0	0
1120020505	极品宁静头饰+5	48	3	5	2	1406	0	给人宁静感觉的头饰	2600	1000	7000	0	0	2	53	39	0	0	0	17	13	2	0	0	0	2	0	0	0	0	0
1120020506	极品宁静头饰+6	48	3	5	2	1406	0	给人宁静感觉的头饰	2800	2000	7000	0	0	2	56	42	0	0	0	18	14	2	0	0	0	2	0	0	0	0	0
1120020507	极品宁静头饰+7	48	3	5	2	1406	0	给人宁静感觉的头饰	3000	3000	7000	0	0	2	59	45	0	0	0	19	15	2	0	0	0	2	0	0	0	0	0
1120020508	极品宁静头饰+8	48	4	5	2	1406	0	给人宁静感觉的头饰	3200	4000	7000	0	0	2	62	48	0	0	0	20	16	2	0	0	0	2	0	0	0	0	0
1120020509	极品宁静头饰+9	48	4	5	2	1406	0	给人宁静感觉的头饰	3400	5000	7000	0	0	2	65	51	0	0	0	21	17	2	0	0	0	2	0	0	0	0	0
1120020510	极品宁静头饰+10	48	5	5	2	1406	0	给人宁静感觉的头饰	0	6000	7000	0	0	2	68	54	0	0	0	22	18	2	0	0	0	2	0	0	0	0	0
1120030500	完美宁静头饰	48	0	5	3	576000	32	给人宁静感觉的头饰	1600	0	0	115	0	2	38	24	0	0	0	12	8	2	0	10	0	2	0	0	10	200	120
1120030501	完美宁静头饰+1	48	0	5	3	576000	32	给人宁静感觉的头饰	1800	0	0	115	0	2	41	27	0	0	0	13	9	2	0	10	0	2	0	0	10	205	120
1120030502	完美宁静头饰+2	48	0	5	3	576000	32	给人宁静感觉的头饰	2000	0	0	115	0	2	44	30	0	0	0	14	10	2	0	10	0	2	0	0	10	210	120
1120030503	完美宁静头饰+3	48	3	5	3	576000	32	给人宁静感觉的头饰	2200	0	0	115	0	2	47	33	0	0	0	15	11	2	0	10	0	2	0	0	10	215	120
1120030504	完美宁静头饰+4	48	3	5	3	576000	32	给人宁静感觉的头饰	2400	0	0	115	0	2	50	36	0	0	0	16	12	2	0	10	0	2	0	0	10	220	120
1120030505	完美宁静头饰+5	48	4	5	3	576000	32	给人宁静感觉的头饰	2600	0	0	115	0	2	53	39	0	0	0	17	13	2	0	10	0	2	0	0	10	225	120
1120030506	完美宁静头饰+6	48	4	5	3	576000	32	给人宁静感觉的头饰	2800	0	0	115	0	2	56	42	0	0	0	18	14	2	0	10	0	2	0	0	10	230	120
1120030507	完美宁静头饰+7	48	4	5	3	576000	32	给人宁静感觉的头饰	3000	100	8000	115	0	2	59	45	0	0	0	19	15	2	0	10	0	2	0	0	10	235	120
1120030508	完美宁静头饰+8	48	5	5	3	576000	32	给人宁静感觉的头饰	3200	600	8000	115	0	2	62	48	0	0	0	20	16	2	0	10	0	2	0	0	10	240	120
1120030509	完美宁静头饰+9	48	5	5	3	576000	32	给人宁静感觉的头饰	3400	1100	8000	115	0	2	65	51	0	0	0	21	17	2	0	10	0	2	0	0	10	245	120
1120030510	完美宁静头饰+10	48	6	5	3	576000	32	给人宁静感觉的头饰	0	1600	8000	115	0	2	68	54	0	0	0	22	18	2	0	10	0	2	0	0	10	250	120
1120040500	神品宁静头饰	48	0	5	4	960000	53	给人宁静感觉的头饰	1600	0	0	192	0	2	38	24	0	0	0	12	8	2	10	10	10	2	10	10	10	200	120
1120040501	神品宁静头饰+1	48	0	5	4	960000	53	给人宁静感觉的头饰	1800	0	0	192	0	2	41	27	0	0	0	13	9	2	10	10	10	2	10	10	10	205	120
1120040502	神品宁静头饰+2	48	0	5	4	960000	53	给人宁静感觉的头饰	2000	0	0	192	0	2	44	30	0	0	0	14	10	2	10	10	10	2	10	10	10	210	120
1120040503	神品宁静头饰+3	48	4	5	4	960000	53	给人宁静感觉的头饰	2200	0	0	192	0	2	47	33	0	0	0	15	11	2	10	10	10	2	10	10	10	215	120
1120040504	神品宁静头饰+4	48	4	5	4	960000	53	给人宁静感觉的头饰	2400	0	0	192	0	2	50	36	0	0	0	16	12	2	10	10	10	2	10	10	10	220	120
1120040505	神品宁静头饰+5	48	5	5	4	960000	53	给人宁静感觉的头饰	2600	0	0	192	0	2	53	39	0	0	0	17	13	2	10	10	10	2	10	10	10	225	120
1120040506	神品宁静头饰+6	48	5	5	4	960000	53	给人宁静感觉的头饰	2800	0	0	192	0	2	56	42	0	0	0	18	14	2	10	10	10	2	10	10	10	230	120
1120040507	神品宁静头饰+7	48	5	5	4	960000	53	给人宁静感觉的头饰	3000	0	0	192	0	2	59	45	0	0	0	19	15	2	10	10	10	2	10	10	10	235	120
1120040508	神品宁静头饰+8	48	6	5	4	960000	53	给人宁静感觉的头饰	3200	0	0	192	0	2	62	48	0	0	0	20	16	2	10	10	10	2	10	10	10	240	120
1120040509	神品宁静头饰+9	48	6	5	4	960000	53	给人宁静感觉的头饰	3400	0	0	192	0	2	65	51	0	0	0	21	17	2	10	10	10	2	10	10	10	245	120
1120040510	神品宁静头饰+10	48	7	5	4	960000	53	给人宁静感觉的头饰	0	0	0	192	0	2	68	54	0	0	0	22	18	2	10	10	10	2	10	10	10	250	120
1120000600	溯雪头饰	60	0	6	0	2109	0	洁白的头饰，犹如溯雪	2200	0	0	0	0	2	49	31	0	0	0	0	0	0	0	0	0	0	0	0	0	0	0
1120000601	溯雪头饰+1	60	0	6	0	2109	0	洁白的头饰，犹如溯雪	2400	0	0	0	0	2	53	35	0	0	0	0	0	0	0	0	0	0	0	0	0	0	0
1120000602	溯雪头饰+2	60	0	6	0	2109	0	洁白的头饰，犹如溯雪	2600	0	0	0	0	2	57	39	0	0	0	0	0	0	0	0	0	0	0	0	0	0	0
1120000603	溯雪头饰+3	60	0	6	0	2109	0	洁白的头饰，犹如溯雪	2800	9000	7000	0	0	2	61	43	0	0	0	0	0	0	0	0	0	0	0	0	0	0	0
1120000604	溯雪头饰+4	60	0	6	0	2109	0	洁白的头饰，犹如溯雪	3000	10000	7000	0	0	2	65	47	0	0	0	0	0	0	0	0	0	0	0	0	0	0	0
1120000605	溯雪头饰+5	60	0	6	0	2109	0	洁白的头饰，犹如溯雪	3200	10000	7000	0	0	2	69	51	0	0	0	0	0	0	0	0	0	0	0	0	0	0	0
1120000606	溯雪头饰+6	60	0	6	0	2109	0	洁白的头饰，犹如溯雪	3400	10000	7000	0	0	2	73	55	0	0	0	0	0	0	0	0	0	0	0	0	0	0	0
1120000607	溯雪头饰+7	60	0	6	0	2109	0	洁白的头饰，犹如溯雪	3600	10000	7000	0	0	2	77	59	0	0	0	0	0	0	0	0	0	0	0	0	0	0	0
1120000608	溯雪头饰+8	60	0	6	0	2109	0	洁白的头饰，犹如溯雪	3800	10000	7000	0	0	2	81	63	0	0	0	0	0	0	0	0	0	0	0	0	0	0	0
1120000609	溯雪头饰+9	60	0	6	0	2109	0	洁白的头饰，犹如溯雪	4000	10000	7000	0	0	2	85	67	0	0	0	0	0	0	0	0	0	0	0	0	0	0	0
1120000610	溯雪头饰+10	60	0	6	0	2109	0	洁白的头饰，犹如溯雪	0	10000	7000	0	0	2	89	71	0	0	0	0	0	0	0	0	0	0	0	0	0	0	0
1120010600	精品溯雪头饰	60	0	6	1	2109	0	洁白的头饰，犹如溯雪	2200	0	0	0	0	2	49	31	0	0	0	16	10	0	0	0	0	0	0	0	0	0	0
1120010601	精品溯雪头饰+1	60	0	6	1	2109	0	洁白的头饰，犹如溯雪	2400	0	0	0	0	2	53	35	0	0	0	17	11	0	0	0	0	0	0	0	0	0	0
1120010602	精品溯雪头饰+2	60	0	6	1	2109	0	洁白的头饰，犹如溯雪	2600	0	0	0	0	2	57	39	0	0	0	19	13	0	0	0	0	0	0	0	0	0	0
1120010603	精品溯雪头饰+3	60	1	6	1	2109	0	洁白的头饰，犹如溯雪	2800	0	0	0	0	2	61	43	0	0	0	20	14	0	0	0	0	0	0	0	0	0	0
1120010604	精品溯雪头饰+4	60	1	6	1	2109	0	洁白的头饰，犹如溯雪	3000	1000	9000	0	0	2	65	47	0	0	0	21	15	0	0	0	0	0	0	0	0	0	0
1120010605	精品溯雪头饰+5	60	2	6	1	2109	0	洁白的头饰，犹如溯雪	3200	3000	9000	0	0	2	69	51	0	0	0	23	17	0	0	0	0	0	0	0	0	0	0
1120010606	精品溯雪头饰+6	60	2	6	1	2109	0	洁白的头饰，犹如溯雪	3400	5000	9000	0	0	2	73	55	0	0	0	24	18	0	0	0	0	0	0	0	0	0	0
1120010607	精品溯雪头饰+7	60	2	6	1	2109	0	洁白的头饰，犹如溯雪	3600	7000	9000	0	0	2	77	59	0	0	0	25	19	0	0	0	0	0	0	0	0	0	0
1120010608	精品溯雪头饰+8	60	3	6	1	2109	0	洁白的头饰，犹如溯雪	3800	8000	9000	0	0	2	81	63	0	0	0	27	21	0	0	0	0	0	0	0	0	0	0
1120010609	精品溯雪头饰+9	60	3	6	1	2109	0	洁白的头饰，犹如溯雪	4000	9000	9000	0	0	2	85	67	0	0	0	28	22	0	0	0	0	0	0	0	0	0	0
1120010610	精品溯雪头饰+10	60	4	6	1	2109	0	洁白的头饰，犹如溯雪	0	10000	9000	0	0	2	89	71	0	0	0	29	23	0	0	0	0	0	0	0	0	0	0
1120020600	极品溯雪头饰	60	0	6	2	2109	0	洁白的头饰，犹如溯雪	2200	0	0	0	0	2	49	31	0	0	0	16	10	2	0	0	0	2	0	0	0	0	0
1120020601	极品溯雪头饰+1	60	0	6	2	2109	0	洁白的头饰，犹如溯雪	2400	0	0	0	0	2	53	35	0	0	0	17	11	2	0	0	0	2	0	0	0	0	0
1120020602	极品溯雪头饰+2	60	0	6	2	2109	0	洁白的头饰，犹如溯雪	2600	0	0	0	0	2	57	39	0	0	0	19	13	2	0	0	0	2	0	0	0	0	0
1120020603	极品溯雪头饰+3	60	2	6	2	2109	0	洁白的头饰，犹如溯雪	2800	0	0	0	0	2	61	43	0	0	0	20	14	2	0	0	0	2	0	0	0	0	0
1120020604	极品溯雪头饰+4	60	2	6	2	2109	0	洁白的头饰，犹如溯雪	3000	0	0	0	0	2	65	47	0	0	0	21	15	2	0	0	0	2	0	0	0	0	0
1120020605	极品溯雪头饰+5	60	3	6	2	2109	0	洁白的头饰，犹如溯雪	3200	1000	11000	0	0	2	69	51	0	0	0	23	17	2	0	0	0	2	0	0	0	0	0
1120020606	极品溯雪头饰+6	60	3	6	2	2109	0	洁白的头饰，犹如溯雪	3400	2000	11000	0	0	2	73	55	0	0	0	24	18	2	0	0	0	2	0	0	0	0	0
1120020607	极品溯雪头饰+7	60	3	6	2	2109	0	洁白的头饰，犹如溯雪	3600	3000	11000	0	0	2	77	59	0	0	0	25	19	2	0	0	0	2	0	0	0	0	0
1120020608	极品溯雪头饰+8	60	4	6	2	2109	0	洁白的头饰，犹如溯雪	3800	4000	11000	0	0	2	81	63	0	0	0	27	21	2	0	0	0	2	0	0	0	0	0
1120020609	极品溯雪头饰+9	60	4	6	2	2109	0	洁白的头饰，犹如溯雪	4000	5000	11000	0	0	2	85	67	0	0	0	28	22	2	0	0	0	2	0	0	0	0	0
1120020610	极品溯雪头饰+10	60	5	6	2	2109	0	洁白的头饰，犹如溯雪	0	6000	11000	0	0	2	89	71	0	0	0	29	23	2	0	0	0	2	0	0	0	0	0
1120030600	完美溯雪头饰	60	0	6	3	864000	39	洁白的头饰，犹如溯雪	2200	0	0	172	0	2	49	31	0	0	0	16	10	2	0	10	0	2	0	0	10	250	150
1120030601	完美溯雪头饰+1	60	0	6	3	864000	39	洁白的头饰，犹如溯雪	2400	0	0	172	0	2	53	35	0	0	0	17	11	2	0	10	0	2	0	0	10	255	150
1120030602	完美溯雪头饰+2	60	0	6	3	864000	39	洁白的头饰，犹如溯雪	2600	0	0	172	0	2	57	39	0	0	0	19	13	2	0	10	0	2	0	0	10	260	150
1120030603	完美溯雪头饰+3	60	3	6	3	864000	39	洁白的头饰，犹如溯雪	2800	0	0	172	0	2	61	43	0	0	0	20	14	2	0	10	0	2	0	0	10	265	150
1120030604	完美溯雪头饰+4	60	3	6	3	864000	39	洁白的头饰，犹如溯雪	3000	0	0	172	0	2	65	47	0	0	0	21	15	2	0	10	0	2	0	0	10	270	150
1120030605	完美溯雪头饰+5	60	4	6	3	864000	39	洁白的头饰，犹如溯雪	3200	0	0	172	0	2	69	51	0	0	0	23	17	2	0	10	0	2	0	0	10	275	150
1120030606	完美溯雪头饰+6	60	4	6	3	864000	39	洁白的头饰，犹如溯雪	3400	0	0	172	0	2	73	55	0	0	0	24	18	2	0	10	0	2	0	0	10	280	150
1120030607	完美溯雪头饰+7	60	4	6	3	864000	39	洁白的头饰，犹如溯雪	3600	100	13000	172	0	2	77	59	0	0	0	25	19	2	0	10	0	2	0	0	10	285	150
1120030608	完美溯雪头饰+8	60	5	6	3	864000	39	洁白的头饰，犹如溯雪	3800	200	13000	172	0	2	81	63	0	0	0	27	21	2	0	10	0	2	0	0	10	290	150
1120030609	完美溯雪头饰+9	60	5	6	3	864000	39	洁白的头饰，犹如溯雪	4000	300	13000	172	0	2	85	67	0	0	0	28	22	2	0	10	0	2	0	0	10	295	150
1120030610	完美溯雪头饰+10	60	6	6	3	864000	39	洁白的头饰，犹如溯雪	0	400	13000	172	0	2	89	71	0	0	0	29	23	2	0	10	0	2	0	0	10	300	150
1120040600	神品溯雪头饰	60	0	6	4	1440000	65	洁白的头饰，犹如溯雪	2200	0	0	288	0	2	49	31	0	0	0	16	10	2	10	10	10	2	10	10	10	250	150
1120040601	神品溯雪头饰+1	60	0	6	4	1440000	65	洁白的头饰，犹如溯雪	2400	0	0	288	0	2	53	35	0	0	0	17	11	2	10	10	10	2	10	10	10	255	150
1120040602	神品溯雪头饰+2	60	0	6	4	1440000	65	洁白的头饰，犹如溯雪	2600	0	0	288	0	2	57	39	0	0	0	19	13	2	10	10	10	2	10	10	10	260	150
1120040603	神品溯雪头饰+3	60	4	6	4	1440000	65	洁白的头饰，犹如溯雪	2800	0	0	288	0	2	61	43	0	0	0	20	14	2	10	10	10	2	10	10	10	265	150
1120040604	神品溯雪头饰+4	60	4	6	4	1440000	65	洁白的头饰，犹如溯雪	3000	0	0	288	0	2	65	47	0	0	0	21	15	2	10	10	10	2	10	10	10	270	150
1120040605	神品溯雪头饰+5	60	5	6	4	1440000	65	洁白的头饰，犹如溯雪	3200	0	0	288	0	2	69	51	0	0	0	23	17	2	10	10	10	2	10	10	10	275	150
1120040606	神品溯雪头饰+6	60	5	6	4	1440000	65	洁白的头饰，犹如溯雪	3400	0	0	288	0	2	73	55	0	0	0	24	18	2	10	10	10	2	10	10	10	280	150
1120040607	神品溯雪头饰+7	60	5	6	4	1440000	65	洁白的头饰，犹如溯雪	3600	0	0	288	0	2	77	59	0	0	0	25	19	2	10	10	10	2	10	10	10	285	150
1120040608	神品溯雪头饰+8	60	6	6	4	1440000	65	洁白的头饰，犹如溯雪	3800	0	0	288	0	2	81	63	0	0	0	27	21	2	10	10	10	2	10	10	10	290	150
1120040609	神品溯雪头饰+9	60	6	6	4	1440000	65	洁白的头饰，犹如溯雪	4000	0	0	288	0	2	85	67	0	0	0	28	22	2	10	10	10	2	10	10	10	295	150
1120040610	神品溯雪头饰+10	60	7	6	4	1440000	65	洁白的头饰，犹如溯雪	0	0	0	288	0	2	89	71	0	0	0	29	23	2	10	10	10	2	10	10	10	300	150
1120000700	天鹰头饰	72	0	7	0	2531	0	有着天鹰徽章的军队统一头饰	3000	0	0	0	0	2	63	38	0	0	0	0	0	0	0	0	0	0	0	0	0	0	0
1120000701	天鹰头饰+1	72	0	7	0	2531	0	有着天鹰徽章的军队统一头饰	3500	0	0	0	0	2	67	42	0	0	0	0	0	0	0	0	0	0	0	0	0	0	0
1120000702	天鹰头饰+2	72	0	7	0	2531	0	有着天鹰徽章的军队统一头饰	4000	0	0	0	0	2	71	46	0	0	0	0	0	0	0	0	0	0	0	0	0	0	0
1120000703	天鹰头饰+3	72	0	7	0	2531	0	有着天鹰徽章的军队统一头饰	4500	7500	11000	0	0	2	75	50	0	0	0	0	0	0	0	0	0	0	0	0	0	0	0
1120000704	天鹰头饰+4	72	0	7	0	2531	0	有着天鹰徽章的军队统一头饰	5000	8500	11000	0	0	2	79	54	0	0	0	0	0	0	0	0	0	0	0	0	0	0	0
1120000705	天鹰头饰+5	72	0	7	0	2531	0	有着天鹰徽章的军队统一头饰	5500	9500	11000	0	0	2	83	58	0	0	0	0	0	0	0	0	0	0	0	0	0	0	0
1120000706	天鹰头饰+6	72	0	7	0	2531	0	有着天鹰徽章的军队统一头饰	6000	10000	11000	0	0	2	87	62	0	0	0	0	0	0	0	0	0	0	0	0	0	0	0
1120000707	天鹰头饰+7	72	0	7	0	2531	0	有着天鹰徽章的军队统一头饰	6500	10000	11000	0	0	2	91	66	0	0	0	0	0	0	0	0	0	0	0	0	0	0	0
1120000708	天鹰头饰+8	72	0	7	0	2531	0	有着天鹰徽章的军队统一头饰	7000	10000	11000	0	0	2	95	70	0	0	0	0	0	0	0	0	0	0	0	0	0	0	0
1120000709	天鹰头饰+9	72	0	7	0	2531	0	有着天鹰徽章的军队统一头饰	7500	10000	11000	0	0	2	99	74	0	0	0	0	0	0	0	0	0	0	0	0	0	0	0
1120000710	天鹰头饰+10	72	0	7	0	2531	0	有着天鹰徽章的军队统一头饰	0	10000	11000	0	0	2	103	78	0	0	0	0	0	0	0	0	0	0	0	0	0	0	0
1120010700	精品天鹰头饰	72	0	7	1	2531	0	有着天鹰徽章的军队统一头饰	3000	0	0	0	0	2	63	38	0	0	0	21	12	0	0	0	0	0	0	0	0	0	0
1120010701	精品天鹰头饰+1	72	0	7	1	2531	0	有着天鹰徽章的军队统一头饰	3500	0	0	0	0	2	67	42	0	0	0	22	14	0	0	0	0	0	0	0	0	0	0
1120010702	精品天鹰头饰+2	72	0	7	1	2531	0	有着天鹰徽章的军队统一头饰	4000	0	0	0	0	2	71	46	0	0	0	23	15	0	0	0	0	0	0	0	0	0	0
1120010703	精品天鹰头饰+3	72	1	7	1	2531	0	有着天鹰徽章的军队统一头饰	4500	0	0	0	0	2	75	50	0	0	0	25	16	0	0	0	0	0	0	0	0	0	0
1120010704	精品天鹰头饰+4	72	1	7	1	2531	0	有着天鹰徽章的军队统一头饰	5000	1000	13000	0	0	2	79	54	0	0	0	26	18	0	0	0	0	0	0	0	0	0	0
1120010705	精品天鹰头饰+5	72	2	7	1	2531	0	有着天鹰徽章的军队统一头饰	5500	3000	13000	0	0	2	83	58	0	0	0	27	19	0	0	0	0	0	0	0	0	0	0
1120010706	精品天鹰头饰+6	72	2	7	1	2531	0	有着天鹰徽章的军队统一头饰	6000	5000	13000	0	0	2	87	62	0	0	0	29	20	0	0	0	0	0	0	0	0	0	0
1120010707	精品天鹰头饰+7	72	2	7	1	2531	0	有着天鹰徽章的军队统一头饰	6500	7000	13000	0	0	2	91	66	0	0	0	30	22	0	0	0	0	0	0	0	0	0	0
1120010708	精品天鹰头饰+8	72	3	7	1	2531	0	有着天鹰徽章的军队统一头饰	7000	8000	13000	0	0	2	95	70	0	0	0	31	23	0	0	0	0	0	0	0	0	0	0
1120010709	精品天鹰头饰+9	72	3	7	1	2531	0	有着天鹰徽章的军队统一头饰	7500	9000	13000	0	0	2	99	74	0	0	0	33	24	0	0	0	0	0	0	0	0	0	0
1120010710	精品天鹰头饰+10	72	4	7	1	2531	0	有着天鹰徽章的军队统一头饰	0	10000	13000	0	0	2	103	78	0	0	0	34	26	0	0	0	0	0	0	0	0	0	0
1120020700	极品天鹰头饰	72	0	7	2	2531	0	有着天鹰徽章的军队统一头饰	3000	0	0	0	0	2	63	38	0	0	0	21	12	2	0	0	0	2	0	0	0	0	0
1120020701	极品天鹰头饰+1	72	0	7	2	2531	0	有着天鹰徽章的军队统一头饰	3500	0	0	0	0	2	67	42	0	0	0	22	14	2	0	0	0	2	0	0	0	0	0
1120020702	极品天鹰头饰+2	72	0	7	2	2531	0	有着天鹰徽章的军队统一头饰	4000	0	0	0	0	2	71	46	0	0	0	23	15	2	0	0	0	2	0	0	0	0	0
1120020703	极品天鹰头饰+3	72	2	7	2	2531	0	有着天鹰徽章的军队统一头饰	4500	0	0	0	0	2	75	50	0	0	0	25	16	2	0	0	0	2	0	0	0	0	0
1120020704	极品天鹰头饰+4	72	2	7	2	2531	0	有着天鹰徽章的军队统一头饰	5000	0	0	0	0	2	79	54	0	0	0	26	18	2	0	0	0	2	0	0	0	0	0
1120020705	极品天鹰头饰+5	72	3	7	2	2531	0	有着天鹰徽章的军队统一头饰	5500	500	15000	0	0	2	83	58	0	0	0	27	19	2	0	0	0	2	0	0	0	0	0
1120020706	极品天鹰头饰+6	72	3	7	2	2531	0	有着天鹰徽章的军队统一头饰	6000	700	15000	0	0	2	87	62	0	0	0	29	20	2	0	0	0	2	0	0	0	0	0
1120020707	极品天鹰头饰+7	72	3	7	2	2531	0	有着天鹰徽章的军队统一头饰	6500	900	15000	0	0	2	91	66	0	0	0	30	22	2	0	0	0	2	0	0	0	0	0
1120020708	极品天鹰头饰+8	72	4	7	2	2531	0	有着天鹰徽章的军队统一头饰	7000	1100	15000	0	0	2	95	70	0	0	0	31	23	2	0	0	0	2	0	0	0	0	0
1120020709	极品天鹰头饰+9	72	4	7	2	2531	0	有着天鹰徽章的军队统一头饰	7500	1300	15000	0	0	2	99	74	0	0	0	33	24	2	0	0	0	2	0	0	0	0	0
1120020710	极品天鹰头饰+10	72	5	7	2	2531	0	有着天鹰徽章的军队统一头饰	0	1500	15000	0	0	2	103	78	0	0	0	34	26	2	0	0	0	2	0	0	0	0	0
1120030700	完美天鹰头饰	72	0	7	3	1296000	52	有着天鹰徽章的军队统一头饰	3000	0	0	230	0	2	63	38	0	0	0	21	12	2	0	10	0	2	0	0	10	300	180
1120030701	完美天鹰头饰+1	72	0	7	3	1296000	52	有着天鹰徽章的军队统一头饰	3500	0	0	230	0	2	67	42	0	0	0	22	14	2	0	10	0	2	0	0	10	305	180
1120030702	完美天鹰头饰+2	72	0	7	3	1296000	52	有着天鹰徽章的军队统一头饰	4000	0	0	230	0	2	71	46	0	0	0	23	15	2	0	10	0	2	0	0	10	310	180
1120030703	完美天鹰头饰+3	72	3	7	3	1296000	52	有着天鹰徽章的军队统一头饰	4500	0	0	230	0	2	75	50	0	0	0	25	16	2	0	10	0	2	0	0	10	315	180
1120030704	完美天鹰头饰+4	72	3	7	3	1296000	52	有着天鹰徽章的军队统一头饰	5000	0	0	230	0	2	79	54	0	0	0	26	18	2	0	10	0	2	0	0	10	320	180
1120030705	完美天鹰头饰+5	72	4	7	3	1296000	52	有着天鹰徽章的军队统一头饰	5500	0	0	230	0	2	83	58	0	0	0	27	19	2	0	10	0	2	0	0	10	325	180
1120030706	完美天鹰头饰+6	72	4	7	3	1296000	52	有着天鹰徽章的军队统一头饰	6000	0	0	230	0	2	87	62	0	0	0	29	20	2	0	10	0	2	0	0	10	330	180
1120030707	完美天鹰头饰+7	72	4	7	3	1296000	52	有着天鹰徽章的军队统一头饰	6500	50	17000	230	0	2	91	66	0	0	0	30	22	2	0	10	0	2	0	0	10	335	180
1120030708	完美天鹰头饰+8	72	5	7	3	1296000	52	有着天鹰徽章的军队统一头饰	7000	150	17000	230	0	2	95	70	0	0	0	31	23	2	0	10	0	2	0	0	10	340	180
1120030709	完美天鹰头饰+9	72	5	7	3	1296000	52	有着天鹰徽章的军队统一头饰	7500	250	17000	230	0	2	99	74	0	0	0	33	24	2	0	10	0	2	0	0	10	345	180
1120030710	完美天鹰头饰+10	72	6	7	3	1296000	52	有着天鹰徽章的军队统一头饰	0	350	17000	230	0	2	103	78	0	0	0	34	26	2	0	10	0	2	0	0	10	350	180
1120040700	神品天鹰头饰	72	0	7	4	2160000	86	有着天鹰徽章的军队统一头饰	3000	0	0	384	0	2	63	38	0	0	0	21	12	2	10	10	10	2	10	10	10	300	180
1120040701	神品天鹰头饰+1	72	0	7	4	2160000	86	有着天鹰徽章的军队统一头饰	3500	0	0	384	0	2	67	42	0	0	0	22	14	2	10	10	10	2	10	10	10	305	180
1120040702	神品天鹰头饰+2	72	0	7	4	2160000	86	有着天鹰徽章的军队统一头饰	4000	0	0	384	0	2	71	46	0	0	0	23	15	2	10	10	10	2	10	10	10	310	180
1120040703	神品天鹰头饰+3	72	4	7	4	2160000	86	有着天鹰徽章的军队统一头饰	4500	0	0	384	0	2	75	50	0	0	0	25	16	2	10	10	10	2	10	10	10	315	180
1120040704	神品天鹰头饰+4	72	4	7	4	2160000	86	有着天鹰徽章的军队统一头饰	5000	0	0	384	0	2	79	54	0	0	0	26	18	2	10	10	10	2	10	10	10	320	180
1120040705	神品天鹰头饰+5	72	5	7	4	2160000	86	有着天鹰徽章的军队统一头饰	5500	0	0	384	0	2	83	58	0	0	0	27	19	2	10	10	10	2	10	10	10	325	180
1120040706	神品天鹰头饰+6	72	5	7	4	2160000	86	有着天鹰徽章的军队统一头饰	6000	0	0	384	0	2	87	62	0	0	0	29	20	2	10	10	10	2	10	10	10	330	180
1120040707	神品天鹰头饰+7	72	5	7	4	2160000	86	有着天鹰徽章的军队统一头饰	6500	0	0	384	0	2	91	66	0	0	0	30	22	2	10	10	10	2	10	10	10	335	180
1120040708	神品天鹰头饰+8	72	6	7	4	2160000	86	有着天鹰徽章的军队统一头饰	7000	0	0	384	0	2	95	70	0	0	0	31	23	2	10	10	10	2	10	10	10	340	180
1120040709	神品天鹰头饰+9	72	6	7	4	2160000	86	有着天鹰徽章的军队统一头饰	7500	0	0	384	0	2	99	74	0	0	0	33	24	2	10	10	10	2	10	10	10	345	180
1120040710	神品天鹰头饰+10	72	7	7	4	2160000	86	有着天鹰徽章的军队统一头饰	0	0	0	384	0	2	103	78	0	0	0	34	26	2	10	10	10	2	10	10	10	350	180
1120000800	穿云头饰	84	0	8	0	3796	0	有一箭穿云神功的弓手的头饰	4500	0	0	0	0	2	77	43	0	0	0	0	0	0	0	0	0	0	0	0	0	0	0
1120000801	穿云头饰+1	84	0	8	0	3796	0	有一箭穿云神功的弓手的头饰	5000	0	0	0	0	2	81	47	0	0	0	0	0	0	0	0	0	0	0	0	0	0	0
1120000802	穿云头饰+2	84	0	8	0	3796	0	有一箭穿云神功的弓手的头饰	5500	0	0	0	0	2	85	51	0	0	0	0	0	0	0	0	0	0	0	0	0	0	0
1120000803	穿云头饰+3	84	0	8	0	3796	0	有一箭穿云神功的弓手的头饰	6000	7500	15000	0	0	2	89	55	0	0	0	0	0	0	0	0	0	0	0	0	0	0	0
1120000804	穿云头饰+4	84	0	8	0	3796	0	有一箭穿云神功的弓手的头饰	6500	8500	15000	0	0	2	93	59	0	0	0	0	0	0	0	0	0	0	0	0	0	0	0
1120000805	穿云头饰+5	84	0	8	0	3796	0	有一箭穿云神功的弓手的头饰	7000	9500	15000	0	0	2	97	63	0	0	0	0	0	0	0	0	0	0	0	0	0	0	0
1120000806	穿云头饰+6	84	0	8	0	3796	0	有一箭穿云神功的弓手的头饰	7500	10000	15000	0	0	2	101	67	0	0	0	0	0	0	0	0	0	0	0	0	0	0	0
1120000807	穿云头饰+7	84	0	8	0	3796	0	有一箭穿云神功的弓手的头饰	8000	10000	15000	0	0	2	105	71	0	0	0	0	0	0	0	0	0	0	0	0	0	0	0
1120000808	穿云头饰+8	84	0	8	0	3796	0	有一箭穿云神功的弓手的头饰	8500	10000	15000	0	0	2	109	75	0	0	0	0	0	0	0	0	0	0	0	0	0	0	0
1120000809	穿云头饰+9	84	0	8	0	3796	0	有一箭穿云神功的弓手的头饰	9000	10000	15000	0	0	2	113	79	0	0	0	0	0	0	0	0	0	0	0	0	0	0	0
1120000810	穿云头饰+10	84	0	8	0	3796	0	有一箭穿云神功的弓手的头饰	0	10000	15000	0	0	2	117	83	0	0	0	0	0	0	0	0	0	0	0	0	0	0	0
1120010800	精品穿云头饰	84	0	8	1	3796	0	有一箭穿云神功的弓手的头饰	4500	0	0	0	0	2	77	43	0	0	0	25	14	0	0	0	0	0	0	0	0	0	0
1120010801	精品穿云头饰+1	84	0	8	1	3796	0	有一箭穿云神功的弓手的头饰	5000	0	0	0	0	2	81	47	0	0	0	27	15	0	0	0	0	0	0	0	0	0	0
1120010802	精品穿云头饰+2	84	0	8	1	3796	0	有一箭穿云神功的弓手的头饰	5500	0	0	0	0	2	85	51	0	0	0	28	17	0	0	0	0	0	0	0	0	0	0
1120010803	精品穿云头饰+3	84	1	8	1	3796	0	有一箭穿云神功的弓手的头饰	6000	0	0	0	0	2	89	55	0	0	0	29	18	0	0	0	0	0	0	0	0	0	0
1120010804	精品穿云头饰+4	84	1	8	1	3796	0	有一箭穿云神功的弓手的头饰	6500	1000	18000	0	0	2	93	59	0	0	0	31	19	0	0	0	0	0	0	0	0	0	0
1120010805	精品穿云头饰+5	84	2	8	1	3796	0	有一箭穿云神功的弓手的头饰	7000	2000	18000	0	0	2	97	63	0	0	0	32	21	0	0	0	0	0	0	0	0	0	0
1120010806	精品穿云头饰+6	84	2	8	1	3796	0	有一箭穿云神功的弓手的头饰	7500	3000	18000	0	0	2	101	67	0	0	0	33	22	0	0	0	0	0	0	0	0	0	0
1120010807	精品穿云头饰+7	84	2	8	1	3796	0	有一箭穿云神功的弓手的头饰	8000	4000	18000	0	0	2	105	71	0	0	0	35	23	0	0	0	0	0	0	0	0	0	0
1120010808	精品穿云头饰+8	84	3	8	1	3796	0	有一箭穿云神功的弓手的头饰	8500	6000	18000	0	0	2	109	75	0	0	0	36	25	0	0	0	0	0	0	0	0	0	0
1120010809	精品穿云头饰+9	84	3	8	1	3796	0	有一箭穿云神功的弓手的头饰	9000	8000	18000	0	0	2	113	79	0	0	0	37	26	0	0	0	0	0	0	0	0	0	0
1120010810	精品穿云头饰+10	84	4	8	1	3796	0	有一箭穿云神功的弓手的头饰	0	10000	18000	0	0	2	117	83	0	0	0	39	27	0	0	0	0	0	0	0	0	0	0
1120020800	极品穿云头饰	84	0	8	2	3796	0	有一箭穿云神功的弓手的头饰	4500	0	0	0	0	2	77	43	0	0	0	25	14	2	0	0	0	2	0	0	0	0	0
1120020801	极品穿云头饰+1	84	0	8	2	3796	0	有一箭穿云神功的弓手的头饰	5000	0	0	0	0	2	81	47	0	0	0	27	15	2	0	0	0	2	0	0	0	0	0
1120020802	极品穿云头饰+2	84	0	8	2	3796	0	有一箭穿云神功的弓手的头饰	5500	0	0	0	0	2	85	51	0	0	0	28	17	2	0	0	0	2	0	0	0	0	0
1120020803	极品穿云头饰+3	84	2	8	2	3796	0	有一箭穿云神功的弓手的头饰	6000	0	0	0	0	2	89	55	0	0	0	29	18	2	0	0	0	2	0	0	0	0	0
1120020804	极品穿云头饰+4	84	2	8	2	3796	0	有一箭穿云神功的弓手的头饰	6500	0	0	0	0	2	93	59	0	0	0	31	19	2	0	0	0	2	0	0	0	0	0
1120020805	极品穿云头饰+5	84	3	8	2	3796	0	有一箭穿云神功的弓手的头饰	7000	500	21000	0	0	2	97	63	0	0	0	32	21	2	0	0	0	2	0	0	0	0	0
1120020806	极品穿云头饰+6	84	3	8	2	3796	0	有一箭穿云神功的弓手的头饰	7500	700	21000	0	0	2	101	67	0	0	0	33	22	2	0	0	0	2	0	0	0	0	0
1120020807	极品穿云头饰+7	84	3	8	2	3796	0	有一箭穿云神功的弓手的头饰	8000	900	21000	0	0	2	105	71	0	0	0	35	23	2	0	0	0	2	0	0	0	0	0
1120020808	极品穿云头饰+8	84	4	8	2	3796	0	有一箭穿云神功的弓手的头饰	8500	1100	21000	0	0	2	109	75	0	0	0	36	25	2	0	0	0	2	0	0	0	0	0
1120020809	极品穿云头饰+9	84	4	8	2	3796	0	有一箭穿云神功的弓手的头饰	9000	1300	21000	0	0	2	113	79	0	0	0	37	26	2	0	0	0	2	0	0	0	0	0
1120020810	极品穿云头饰+10	84	5	8	2	3796	0	有一箭穿云神功的弓手的头饰	0	1500	21000	0	0	2	117	83	0	0	0	39	27	2	0	0	0	2	0	0	0	0	0
1120030800	完美穿云头饰	84	0	8	3	1872000	66	有一箭穿云神功的弓手的头饰	4500	0	0	288	0	2	77	43	0	0	0	25	14	2	0	10	0	2	0	0	10	350	210
1120030801	完美穿云头饰+1	84	0	8	3	1872000	66	有一箭穿云神功的弓手的头饰	5000	0	0	288	0	2	81	47	0	0	0	27	15	2	0	10	0	2	0	0	10	355	210
1120030802	完美穿云头饰+2	84	0	8	3	1872000	66	有一箭穿云神功的弓手的头饰	5500	0	0	288	0	2	85	51	0	0	0	28	17	2	0	10	0	2	0	0	10	360	210
1120030803	完美穿云头饰+3	84	3	8	3	1872000	66	有一箭穿云神功的弓手的头饰	6000	0	0	288	0	2	89	55	0	0	0	29	18	2	0	10	0	2	0	0	10	365	210
1120030804	完美穿云头饰+4	84	3	8	3	1872000	66	有一箭穿云神功的弓手的头饰	6500	0	0	288	0	2	93	59	0	0	0	31	19	2	0	10	0	2	0	0	10	370	210
1120030805	完美穿云头饰+5	84	4	8	3	1872000	66	有一箭穿云神功的弓手的头饰	7000	0	0	288	0	2	97	63	0	0	0	32	21	2	0	10	0	2	0	0	10	375	210
1120030806	完美穿云头饰+6	84	4	8	3	1872000	66	有一箭穿云神功的弓手的头饰	7500	0	0	288	0	2	101	67	0	0	0	33	22	2	0	10	0	2	0	0	10	380	210
1120030807	完美穿云头饰+7	84	4	8	3	1872000	66	有一箭穿云神功的弓手的头饰	8000	50	24000	288	0	2	105	71	0	0	0	35	23	2	0	10	0	2	0	0	10	385	210
1120030808	完美穿云头饰+8	84	5	8	3	1872000	66	有一箭穿云神功的弓手的头饰	8500	150	24000	288	0	2	109	75	0	0	0	36	25	2	0	10	0	2	0	0	10	390	210
1120030809	完美穿云头饰+9	84	5	8	3	1872000	66	有一箭穿云神功的弓手的头饰	9000	250	24000	288	0	2	113	79	0	0	0	37	26	2	0	10	0	2	0	0	10	395	210
1120030810	完美穿云头饰+10	84	6	8	3	1872000	66	有一箭穿云神功的弓手的头饰	0	350	24000	288	0	2	117	83	0	0	0	39	27	2	0	10	0	2	0	0	10	400	210
1120040800	神品穿云头饰	84	0	8	4	3120000	109	有一箭穿云神功的弓手的头饰	4500	0	0	480	0	2	77	43	0	0	0	25	14	2	10	10	10	2	10	10	10	350	210
1120040801	神品穿云头饰+1	84	0	8	4	3120000	109	有一箭穿云神功的弓手的头饰	5000	0	0	480	0	2	81	47	0	0	0	27	15	2	10	10	10	2	10	10	10	355	210
1120040802	神品穿云头饰+2	84	0	8	4	3120000	109	有一箭穿云神功的弓手的头饰	5500	0	0	480	0	2	85	51	0	0	0	28	17	2	10	10	10	2	10	10	10	360	210
1120040803	神品穿云头饰+3	84	4	8	4	3120000	109	有一箭穿云神功的弓手的头饰	6000	0	0	480	0	2	89	55	0	0	0	29	18	2	10	10	10	2	10	10	10	365	210
1120040804	神品穿云头饰+4	84	4	8	4	3120000	109	有一箭穿云神功的弓手的头饰	6500	0	0	480	0	2	93	59	0	0	0	31	19	2	10	10	10	2	10	10	10	370	210
1120040805	神品穿云头饰+5	84	5	8	4	3120000	109	有一箭穿云神功的弓手的头饰	7000	0	0	480	0	2	97	63	0	0	0	32	21	2	10	10	10	2	10	10	10	375	210
1120040806	神品穿云头饰+6	84	5	8	4	3120000	109	有一箭穿云神功的弓手的头饰	7500	0	0	480	0	2	101	67	0	0	0	33	22	2	10	10	10	2	10	10	10	380	210
1120040807	神品穿云头饰+7	84	5	8	4	3120000	109	有一箭穿云神功的弓手的头饰	8000	0	0	480	0	2	105	71	0	0	0	35	23	2	10	10	10	2	10	10	10	385	210
1120040808	神品穿云头饰+8	84	6	8	4	3120000	109	有一箭穿云神功的弓手的头饰	8500	0	0	480	0	2	109	75	0	0	0	36	25	2	10	10	10	2	10	10	10	390	210
1120040809	神品穿云头饰+9	84	6	8	4	3120000	109	有一箭穿云神功的弓手的头饰	9000	0	0	480	0	2	113	79	0	0	0	37	26	2	10	10	10	2	10	10	10	395	210
1120040810	神品穿云头饰+10	84	7	8	4	3120000	109	有一箭穿云神功的弓手的头饰	0	0	0	480	0	2	117	83	0	0	0	39	27	2	10	10	10	2	10	10	10	400	210
1120000900	封魔头饰	96	0	9	0	5695	0	镇守地狱之门的头饰	6000	0	0	0	0	2	91	51	0	0	0	0	0	0	0	0	0	0	0	0	0	0	0
1120000901	封魔头饰+1	96	0	9	0	5695	0	镇守地狱之门的头饰	7000	0	0	0	0	2	95	55	0	0	0	0	0	0	0	0	0	0	0	0	0	0	0
1120000902	封魔头饰+2	96	0	9	0	5695	0	镇守地狱之门的头饰	8000	0	0	0	0	2	99	59	0	0	0	0	0	0	0	0	0	0	0	0	0	0	0
1120000903	封魔头饰+3	96	0	9	0	5695	0	镇守地狱之门的头饰	9000	6000	21000	0	0	2	103	63	0	0	0	0	0	0	0	0	0	0	0	0	0	0	0
1120000904	封魔头饰+4	96	0	9	0	5695	0	镇守地狱之门的头饰	10000	7000	21000	0	0	2	107	67	0	0	0	0	0	0	0	0	0	0	0	0	0	0	0
1120000905	封魔头饰+5	96	0	9	0	5695	0	镇守地狱之门的头饰	11000	8000	21000	0	0	2	111	71	0	0	0	0	0	0	0	0	0	0	0	0	0	0	0
1120000906	封魔头饰+6	96	0	9	0	5695	0	镇守地狱之门的头饰	12000	9000	21000	0	0	2	115	75	0	0	0	0	0	0	0	0	0	0	0	0	0	0	0
1120000907	封魔头饰+7	96	0	9	0	5695	0	镇守地狱之门的头饰	13000	10000	21000	0	0	2	119	79	0	0	0	0	0	0	0	0	0	0	0	0	0	0	0
1120000908	封魔头饰+8	96	0	9	0	5695	0	镇守地狱之门的头饰	14000	10000	21000	0	0	2	123	83	0	0	0	0	0	0	0	0	0	0	0	0	0	0	0
1120000909	封魔头饰+9	96	0	9	0	5695	0	镇守地狱之门的头饰	15000	10000	21000	0	0	2	127	87	0	0	0	0	0	0	0	0	0	0	0	0	0	0	0
1120000910	封魔头饰+10	96	0	9	0	5695	0	镇守地狱之门的头饰	0	10000	21000	0	0	2	131	91	0	0	0	0	0	0	0	0	0	0	0	0	0	0	0
1120010900	精品封魔头饰	96	0	9	1	5695	0	镇守地狱之门的头饰	6000	0	0	0	0	2	91	51	0	0	0	30	17	0	0	0	0	0	0	0	0	0	0
1120010901	精品封魔头饰+1	96	0	9	1	5695	0	镇守地狱之门的头饰	7000	0	0	0	0	2	95	55	0	0	0	31	18	0	0	0	0	0	0	0	0	0	0
1120010902	精品封魔头饰+2	96	0	9	1	5695	0	镇守地狱之门的头饰	8000	0	0	0	0	2	99	59	0	0	0	33	19	0	0	0	0	0	0	0	0	0	0
1120010903	精品封魔头饰+3	96	1	9	1	5695	0	镇守地狱之门的头饰	9000	0	0	0	0	2	103	63	0	0	0	34	21	0	0	0	0	0	0	0	0	0	0
1120010904	精品封魔头饰+4	96	1	9	1	5695	0	镇守地狱之门的头饰	10000	1000	24000	0	0	2	107	67	0	0	0	35	22	0	0	0	0	0	0	0	0	0	0
1120010905	精品封魔头饰+5	96	2	9	1	5695	0	镇守地狱之门的头饰	11000	2000	24000	0	0	2	111	71	0	0	0	37	23	0	0	0	0	0	0	0	0	0	0
1120010906	精品封魔头饰+6	96	2	9	1	5695	0	镇守地狱之门的头饰	12000	3000	24000	0	0	2	115	75	0	0	0	38	25	0	0	0	0	0	0	0	0	0	0
1120010907	精品封魔头饰+7	96	2	9	1	5695	0	镇守地狱之门的头饰	13000	4000	24000	0	0	2	119	79	0	0	0	39	26	0	0	0	0	0	0	0	0	0	0
1120010908	精品封魔头饰+8	96	3	9	1	5695	0	镇守地狱之门的头饰	14000	6000	24000	0	0	2	123	83	0	0	0	41	27	0	0	0	0	0	0	0	0	0	0
1120010909	精品封魔头饰+9	96	3	9	1	5695	0	镇守地狱之门的头饰	15000	8000	24000	0	0	2	127	87	0	0	0	42	29	0	0	0	0	0	0	0	0	0	0
1120010910	精品封魔头饰+10	96	4	9	1	5695	0	镇守地狱之门的头饰	0	10000	24000	0	0	2	131	91	0	0	0	43	30	0	0	0	0	0	0	0	0	0	0
1120020900	极品封魔头饰	96	0	9	2	5695	0	镇守地狱之门的头饰	6000	0	0	0	0	2	91	51	0	0	0	30	17	2	0	0	0	2	0	0	0	0	0
1120020901	极品封魔头饰+1	96	0	9	2	5695	0	镇守地狱之门的头饰	7000	0	0	0	0	2	95	55	0	0	0	31	18	2	0	0	0	2	0	0	0	0	0
1120020902	极品封魔头饰+2	96	0	9	2	5695	0	镇守地狱之门的头饰	8000	0	0	0	0	2	99	59	0	0	0	33	19	2	0	0	0	2	0	0	0	0	0
1120020903	极品封魔头饰+3	96	2	9	2	5695	0	镇守地狱之门的头饰	9000	0	0	0	0	2	103	63	0	0	0	34	21	2	0	0	0	2	0	0	0	0	0
1120020904	极品封魔头饰+4	96	2	9	2	5695	0	镇守地狱之门的头饰	10000	0	0	0	0	2	107	67	0	0	0	35	22	2	0	0	0	2	0	0	0	0	0
1120020905	极品封魔头饰+5	96	3	9	2	5695	0	镇守地狱之门的头饰	11000	200	27000	0	0	2	111	71	0	0	0	37	23	2	0	0	0	2	0	0	0	0	0
1120020906	极品封魔头饰+6	96	3	9	2	5695	0	镇守地狱之门的头饰	12000	400	27000	0	0	2	115	75	0	0	0	38	25	2	0	0	0	2	0	0	0	0	0
1120020907	极品封魔头饰+7	96	3	9	2	5695	0	镇守地狱之门的头饰	13000	600	27000	0	0	2	119	79	0	0	0	39	26	2	0	0	0	2	0	0	0	0	0
1120020908	极品封魔头饰+8	96	4	9	2	5695	0	镇守地狱之门的头饰	14000	800	27000	0	0	2	123	83	0	0	0	41	27	2	0	0	0	2	0	0	0	0	0
1120020909	极品封魔头饰+9	96	4	9	2	5695	0	镇守地狱之门的头饰	15000	1000	27000	0	0	2	127	87	0	0	0	42	29	2	0	0	0	2	0	0	0	0	0
1120020910	极品封魔头饰+10	96	5	9	2	5695	0	镇守地狱之门的头饰	0	1200	27000	0	0	2	131	91	0	0	0	43	30	2	0	0	0	2	0	0	0	0	0
1120030900	完美封魔头饰	96	0	9	3	2592000	78	镇守地狱之门的头饰	6000	0	0	345	0	2	91	51	0	0	0	30	17	2	0	10	0	2	0	0	10	400	240
1120030901	完美封魔头饰+1	96	0	9	3	2592000	78	镇守地狱之门的头饰	7000	0	0	345	0	2	95	55	0	0	0	31	18	2	0	10	0	2	0	0	10	405	240
1120030902	完美封魔头饰+2	96	0	9	3	2592000	78	镇守地狱之门的头饰	8000	0	0	345	0	2	99	59	0	0	0	33	19	2	0	10	0	2	0	0	10	410	240
1120030903	完美封魔头饰+3	96	3	9	3	2592000	78	镇守地狱之门的头饰	9000	0	0	345	0	2	103	63	0	0	0	34	21	2	0	10	0	2	0	0	10	415	240
1120030904	完美封魔头饰+4	96	3	9	3	2592000	78	镇守地狱之门的头饰	10000	0	0	345	0	2	107	67	0	0	0	35	22	2	0	10	0	2	0	0	10	420	240
1120030905	完美封魔头饰+5	96	4	9	3	2592000	78	镇守地狱之门的头饰	11000	0	0	345	0	2	111	71	0	0	0	37	23	2	0	10	0	2	0	0	10	425	240
1120030906	完美封魔头饰+6	96	4	9	3	2592000	78	镇守地狱之门的头饰	12000	0	0	345	0	2	115	75	0	0	0	38	25	2	0	10	0	2	0	0	10	430	240
1120030907	完美封魔头饰+7	96	4	9	3	2592000	78	镇守地狱之门的头饰	13000	70	30000	345	0	2	119	79	0	0	0	39	26	2	0	10	0	2	0	0	10	435	240
1120030908	完美封魔头饰+8	96	5	9	3	2592000	78	镇守地狱之门的头饰	14000	170	30000	345	0	2	123	83	0	0	0	41	27	2	0	10	0	2	0	0	10	440	240
1120030909	完美封魔头饰+9	96	5	9	3	2592000	78	镇守地狱之门的头饰	15000	270	30000	345	0	2	127	87	0	0	0	42	29	2	0	10	0	2	0	0	10	445	240
1120030910	完美封魔头饰+10	96	6	9	3	2592000	78	镇守地狱之门的头饰	0	370	30000	345	0	2	131	91	0	0	0	43	30	2	0	10	0	2	0	0	10	450	240
1120040900	神品封魔头饰	96	0	9	4	4320000	130	镇守地狱之门的头饰	6000	0	0	576	0	2	91	51	0	0	0	30	17	2	10	10	10	2	10	10	10	400	240
1120040901	神品封魔头饰+1	96	0	9	4	4320000	130	镇守地狱之门的头饰	7000	0	0	576	0	2	95	55	0	0	0	31	18	2	10	10	10	2	10	10	10	405	240
1120040902	神品封魔头饰+2	96	0	9	4	4320000	130	镇守地狱之门的头饰	8000	0	0	576	0	2	99	59	0	0	0	33	19	2	10	10	10	2	10	10	10	410	240
1120040903	神品封魔头饰+3	96	4	9	4	4320000	130	镇守地狱之门的头饰	9000	0	0	576	0	2	103	63	0	0	0	34	21	2	10	10	10	2	10	10	10	415	240
1120040904	神品封魔头饰+4	96	4	9	4	4320000	130	镇守地狱之门的头饰	10000	0	0	576	0	2	107	67	0	0	0	35	22	2	10	10	10	2	10	10	10	420	240
1120040905	神品封魔头饰+5	96	5	9	4	4320000	130	镇守地狱之门的头饰	11000	0	0	576	0	2	111	71	0	0	0	37	23	2	10	10	10	2	10	10	10	425	240
1120040906	神品封魔头饰+6	96	5	9	4	4320000	130	镇守地狱之门的头饰	12000	0	0	576	0	2	115	75	0	0	0	38	25	2	10	10	10	2	10	10	10	430	240
1120040907	神品封魔头饰+7	96	5	9	4	4320000	130	镇守地狱之门的头饰	13000	0	0	576	0	2	119	79	0	0	0	39	26	2	10	10	10	2	10	10	10	435	240
1120040908	神品封魔头饰+8	96	6	9	4	4320000	130	镇守地狱之门的头饰	14000	0	0	576	0	2	123	83	0	0	0	41	27	2	10	10	10	2	10	10	10	440	240
1120040909	神品封魔头饰+9	96	6	9	4	4320000	130	镇守地狱之门的头饰	15000	0	0	576	0	2	127	87	0	0	0	42	29	2	10	10	10	2	10	10	10	445	240
1120040910	神品封魔头饰+10	96	7	9	4	4320000	130	镇守地狱之门的头饰	0	0	0	576	0	2	131	91	0	0	0	43	30	2	10	10	10	2	10	10	10	450	240
1120001000	狩猎头饰	108	0	10	0	10678	0	狩猎天神祝福弓手更加矫健的头饰	10000	0	0	0	0	2	105	59	0	0	0	0	0	0	0	0	0	0	0	0	0	0	0
1120001001	狩猎头饰+1	108	0	10	0	10678	0	狩猎天神祝福弓手更加矫健的头饰	11000	0	0	0	0	2	109	63	0	0	0	0	0	0	0	0	0	0	0	0	0	0	0
1120001002	狩猎头饰+2	108	0	10	0	10678	0	狩猎天神祝福弓手更加矫健的头饰	12000	0	0	0	0	2	113	67	0	0	0	0	0	0	0	0	0	0	0	0	0	0	0
1120001003	狩猎头饰+3	108	0	10	0	10678	0	狩猎天神祝福弓手更加矫健的头饰	13000	6000	27000	0	0	2	117	71	0	0	0	0	0	0	0	0	0	0	0	0	0	0	0
1120001004	狩猎头饰+4	108	0	10	0	10678	0	狩猎天神祝福弓手更加矫健的头饰	14000	6500	27000	0	0	2	121	75	0	0	0	0	0	0	0	0	0	0	0	0	0	0	0
1120001005	狩猎头饰+5	108	0	10	0	10678	0	狩猎天神祝福弓手更加矫健的头饰	15000	7000	27000	0	0	2	125	79	0	0	0	0	0	0	0	0	0	0	0	0	0	0	0
1120001006	狩猎头饰+6	108	0	10	0	10678	0	狩猎天神祝福弓手更加矫健的头饰	16000	7500	27000	0	0	2	129	83	0	0	0	0	0	0	0	0	0	0	0	0	0	0	0
1120001007	狩猎头饰+7	108	0	10	0	10678	0	狩猎天神祝福弓手更加矫健的头饰	17000	8000	27000	0	0	2	133	87	0	0	0	0	0	0	0	0	0	0	0	0	0	0	0
1120001008	狩猎头饰+8	108	0	10	0	10678	0	狩猎天神祝福弓手更加矫健的头饰	18000	8500	27000	0	0	2	137	91	0	0	0	0	0	0	0	0	0	0	0	0	0	0	0
1120001009	狩猎头饰+9	108	0	10	0	10678	0	狩猎天神祝福弓手更加矫健的头饰	19000	9000	27000	0	0	2	141	95	0	0	0	0	0	0	0	0	0	0	0	0	0	0	0
1120001010	狩猎头饰+10	108	0	10	0	10678	0	狩猎天神祝福弓手更加矫健的头饰	0	9500	27000	0	0	2	145	99	0	0	0	0	0	0	0	0	0	0	0	0	0	0	0
1120011000	精品狩猎头饰	108	0	10	1	10678	0	狩猎天神祝福弓手更加矫健的头饰	10000	0	0	0	0	2	105	59	0	0	0	35	19	0	0	0	0	0	0	0	0	0	0
1120011001	精品狩猎头饰+1	108	0	10	1	10678	0	狩猎天神祝福弓手更加矫健的头饰	11000	0	0	0	0	2	109	63	0	0	0	36	21	0	0	0	0	0	0	0	0	0	0
1120011002	精品狩猎头饰+2	108	0	10	1	10678	0	狩猎天神祝福弓手更加矫健的头饰	12000	0	0	0	0	2	113	67	0	0	0	37	22	0	0	0	0	0	0	0	0	0	0
1120011003	精品狩猎头饰+3	108	1	10	1	10678	0	狩猎天神祝福弓手更加矫健的头饰	13000	0	0	0	0	2	117	71	0	0	0	39	23	0	0	0	0	0	0	0	0	0	0
1120011004	精品狩猎头饰+4	108	1	10	1	10678	0	狩猎天神祝福弓手更加矫健的头饰	14000	1000	31000	0	0	2	121	75	0	0	0	40	25	0	0	0	0	0	0	0	0	0	0
1120011005	精品狩猎头饰+5	108	2	10	1	10678	0	狩猎天神祝福弓手更加矫健的头饰	15000	2000	31000	0	0	2	125	79	0	0	0	41	26	0	0	0	0	0	0	0	0	0	0
1120011006	精品狩猎头饰+6	108	2	10	1	10678	0	狩猎天神祝福弓手更加矫健的头饰	16000	3000	31000	0	0	2	129	83	0	0	0	43	27	0	0	0	0	0	0	0	0	0	0
1120011007	精品狩猎头饰+7	108	2	10	1	10678	0	狩猎天神祝福弓手更加矫健的头饰	17000	4000	31000	0	0	2	133	87	0	0	0	44	29	0	0	0	0	0	0	0	0	0	0
1120011008	精品狩猎头饰+8	108	3	10	1	10678	0	狩猎天神祝福弓手更加矫健的头饰	18000	6000	31000	0	0	2	137	91	0	0	0	45	30	0	0	0	0	0	0	0	0	0	0
1120011009	精品狩猎头饰+9	108	3	10	1	10678	0	狩猎天神祝福弓手更加矫健的头饰	19000	8000	31000	0	0	2	141	95	0	0	0	47	31	0	0	0	0	0	0	0	0	0	0
1120011010	精品狩猎头饰+10	108	4	10	1	10678	0	狩猎天神祝福弓手更加矫健的头饰	0	10000	31000	0	0	2	145	99	0	0	0	48	33	0	0	0	0	0	0	0	0	0	0
1120021000	极品狩猎头饰	108	0	10	2	10678	0	狩猎天神祝福弓手更加矫健的头饰	10000	0	0	0	0	2	105	59	0	0	0	35	19	2	0	0	0	2	0	0	0	0	0
1120021001	极品狩猎头饰+1	108	0	10	2	10678	0	狩猎天神祝福弓手更加矫健的头饰	11000	0	0	0	0	2	109	63	0	0	0	36	21	2	0	0	0	2	0	0	0	0	0
1120021002	极品狩猎头饰+2	108	0	10	2	10678	0	狩猎天神祝福弓手更加矫健的头饰	12000	0	0	0	0	2	113	67	0	0	0	37	22	2	0	0	0	2	0	0	0	0	0
1120021003	极品狩猎头饰+3	108	2	10	2	10678	0	狩猎天神祝福弓手更加矫健的头饰	13000	0	0	0	0	2	117	71	0	0	0	39	23	2	0	0	0	2	0	0	0	0	0
1120021004	极品狩猎头饰+4	108	2	10	2	10678	0	狩猎天神祝福弓手更加矫健的头饰	14000	0	0	0	0	2	121	75	0	0	0	40	25	2	0	0	0	2	0	0	0	0	0
1120021005	极品狩猎头饰+5	108	3	10	2	10678	0	狩猎天神祝福弓手更加矫健的头饰	15000	200	35000	0	0	2	125	79	0	0	0	41	26	2	0	0	0	2	0	0	0	0	0
1120021006	极品狩猎头饰+6	108	3	10	2	10678	0	狩猎天神祝福弓手更加矫健的头饰	16000	400	35000	0	0	2	129	83	0	0	0	43	27	2	0	0	0	2	0	0	0	0	0
1120021007	极品狩猎头饰+7	108	3	10	2	10678	0	狩猎天神祝福弓手更加矫健的头饰	17000	600	35000	0	0	2	133	87	0	0	0	44	29	2	0	0	0	2	0	0	0	0	0
1120021008	极品狩猎头饰+8	108	4	10	2	10678	0	狩猎天神祝福弓手更加矫健的头饰	18000	800	35000	0	0	2	137	91	0	0	0	45	30	2	0	0	0	2	0	0	0	0	0
1120021009	极品狩猎头饰+9	108	4	10	2	10678	0	狩猎天神祝福弓手更加矫健的头饰	19000	1000	35000	0	0	2	141	95	0	0	0	47	31	2	0	0	0	2	0	0	0	0	0
1120021010	极品狩猎头饰+10	108	5	10	2	10678	0	狩猎天神祝福弓手更加矫健的头饰	0	1200	35000	0	0	2	145	99	0	0	0	48	33	2	0	0	0	2	0	0	0	0	0
1120031000	完美狩猎头饰	108	0	10	3	3456000	104	狩猎天神祝福弓手更加矫健的头饰	10000	0	0	403	0	2	105	59	0	0	0	35	19	2	0	10	0	2	0	0	10	450	270
1120031001	完美狩猎头饰+1	108	0	10	3	3456000	104	狩猎天神祝福弓手更加矫健的头饰	11000	0	0	403	0	2	109	63	0	0	0	36	21	2	0	10	0	2	0	0	10	455	270
1120031002	完美狩猎头饰+2	108	0	10	3	3456000	104	狩猎天神祝福弓手更加矫健的头饰	12000	0	0	403	0	2	113	67	0	0	0	37	22	2	0	10	0	2	0	0	10	460	270
1120031003	完美狩猎头饰+3	108	3	10	3	3456000	104	狩猎天神祝福弓手更加矫健的头饰	13000	0	0	403	0	2	117	71	0	0	0	39	23	2	0	10	0	2	0	0	10	465	270
1120031004	完美狩猎头饰+4	108	3	10	3	3456000	104	狩猎天神祝福弓手更加矫健的头饰	14000	0	0	403	0	2	121	75	0	0	0	40	25	2	0	10	0	2	0	0	10	470	270
1120031005	完美狩猎头饰+5	108	4	10	3	3456000	104	狩猎天神祝福弓手更加矫健的头饰	15000	0	0	403	0	2	125	79	0	0	0	41	26	2	0	10	0	2	0	0	10	475	270
1120031006	完美狩猎头饰+6	108	4	10	3	3456000	104	狩猎天神祝福弓手更加矫健的头饰	16000	0	0	403	0	2	129	83	0	0	0	43	27	2	0	10	0	2	0	0	10	480	270
1120031007	完美狩猎头饰+7	108	4	10	3	3456000	104	狩猎天神祝福弓手更加矫健的头饰	17000	70	39000	403	0	2	133	87	0	0	0	44	29	2	0	10	0	2	0	0	10	485	270
1120031008	完美狩猎头饰+8	108	5	10	3	3456000	104	狩猎天神祝福弓手更加矫健的头饰	18000	170	39000	403	0	2	137	91	0	0	0	45	30	2	0	10	0	2	0	0	10	490	270
1120031009	完美狩猎头饰+9	108	5	10	3	3456000	104	狩猎天神祝福弓手更加矫健的头饰	19000	270	39000	403	0	2	141	95	0	0	0	47	31	2	0	10	0	2	0	0	10	495	270
1120031010	完美狩猎头饰+10	108	6	10	3	3456000	104	狩猎天神祝福弓手更加矫健的头饰	0	370	39000	403	0	2	145	99	0	0	0	48	33	2	0	10	0	2	0	0	10	500	270
1120041000	神品狩猎头饰	108	0	10	4	5760000	173	狩猎天神祝福弓手更加矫健的头饰	10000	0	0	672	0	2	105	59	0	0	0	35	19	2	10	10	10	2	10	10	10	450	270
1120041001	神品狩猎头饰+1	108	0	10	4	5760000	173	狩猎天神祝福弓手更加矫健的头饰	11000	0	0	672	0	2	109	63	0	0	0	36	21	2	10	10	10	2	10	10	10	455	270
1120041002	神品狩猎头饰+2	108	0	10	4	5760000	173	狩猎天神祝福弓手更加矫健的头饰	12000	0	0	672	0	2	113	67	0	0	0	37	22	2	10	10	10	2	10	10	10	460	270
1120041003	神品狩猎头饰+3	108	4	10	4	5760000	173	狩猎天神祝福弓手更加矫健的头饰	13000	0	0	672	0	2	117	71	0	0	0	39	23	2	10	10	10	2	10	10	10	465	270
1120041004	神品狩猎头饰+4	108	4	10	4	5760000	173	狩猎天神祝福弓手更加矫健的头饰	14000	0	0	672	0	2	121	75	0	0	0	40	25	2	10	10	10	2	10	10	10	470	270
1120041005	神品狩猎头饰+5	108	5	10	4	5760000	173	狩猎天神祝福弓手更加矫健的头饰	15000	0	0	672	0	2	125	79	0	0	0	41	26	2	10	10	10	2	10	10	10	475	270
1120041006	神品狩猎头饰+6	108	5	10	4	5760000	173	狩猎天神祝福弓手更加矫健的头饰	16000	0	0	672	0	2	129	83	0	0	0	43	27	2	10	10	10	2	10	10	10	480	270
1120041007	神品狩猎头饰+7	108	5	10	4	5760000	173	狩猎天神祝福弓手更加矫健的头饰	17000	0	0	672	0	2	133	87	0	0	0	44	29	2	10	10	10	2	10	10	10	485	270
1120041008	神品狩猎头饰+8	108	6	10	4	5760000	173	狩猎天神祝福弓手更加矫健的头饰	18000	0	0	672	0	2	137	91	0	0	0	45	30	2	10	10	10	2	10	10	10	490	270
1120041009	神品狩猎头饰+9	108	6	10	4	5760000	173	狩猎天神祝福弓手更加矫健的头饰	19000	0	0	672	0	2	141	95	0	0	0	47	31	2	10	10	10	2	10	10	10	495	270
1120041010	神品狩猎头饰+10	108	7	10	4	5760000	173	狩猎天神祝福弓手更加矫健的头饰	0	0	0	672	0	2	145	99	0	0	0	48	33	2	10	10	10	2	10	10	10	500	270
1120001100	幻魔头饰	120	0	11	0	19221	0	幻魔天神的头饰	15000	0	0	0	0	2	119	67	0	0	0	0	0	0	0	0	0	0	0	0	0	0	0
1120001101	幻魔头饰+1	120	0	11	0	19221	0	幻魔天神的头饰	17000	0	0	0	0	2	124	72	0	0	0	0	0	0	0	0	0	0	0	0	0	0	0
1120001102	幻魔头饰+2	120	0	11	0	19221	0	幻魔天神的头饰	19000	0	0	0	0	2	129	77	0	0	0	0	0	0	0	0	0	0	0	0	0	0	0
1120001103	幻魔头饰+3	120	0	11	0	19221	0	幻魔天神的头饰	21000	5000	35000	0	0	2	134	82	0	0	0	0	0	0	0	0	0	0	0	0	0	0	0
1120001104	幻魔头饰+4	120	0	11	0	19221	0	幻魔天神的头饰	23000	5500	35000	0	0	2	139	87	0	0	0	0	0	0	0	0	0	0	0	0	0	0	0
1120001105	幻魔头饰+5	120	0	11	0	19221	0	幻魔天神的头饰	25000	6000	35000	0	0	2	144	92	0	0	0	0	0	0	0	0	0	0	0	0	0	0	0
1120001106	幻魔头饰+6	120	0	11	0	19221	0	幻魔天神的头饰	27000	6500	35000	0	0	2	149	97	0	0	0	0	0	0	0	0	0	0	0	0	0	0	0
1120001107	幻魔头饰+7	120	0	11	0	19221	0	幻魔天神的头饰	29000	7000	35000	0	0	2	154	102	0	0	0	0	0	0	0	0	0	0	0	0	0	0	0
1120001108	幻魔头饰+8	120	0	11	0	19221	0	幻魔天神的头饰	31000	7500	35000	0	0	2	159	107	0	0	0	0	0	0	0	0	0	0	0	0	0	0	0
1120001109	幻魔头饰+9	120	0	11	0	19221	0	幻魔天神的头饰	33000	8000	35000	0	0	2	164	112	0	0	0	0	0	0	0	0	0	0	0	0	0	0	0
1120001110	幻魔头饰+10	120	0	11	0	19221	0	幻魔天神的头饰	0	8500	35000	0	0	2	169	117	0	0	0	0	0	0	0	0	0	0	0	0	0	0	0
1120011100	精品幻魔头饰	120	0	11	1	19221	0	幻魔天神的头饰	15000	0	0	0	0	2	119	67	0	0	0	39	22	0	0	0	0	0	0	0	0	0	0
1120011101	精品幻魔头饰+1	120	0	11	1	19221	0	幻魔天神的头饰	17000	0	0	0	0	2	124	72	0	0	0	41	24	0	0	0	0	0	0	0	0	0	0
1120011102	精品幻魔头饰+2	120	0	11	1	19221	0	幻魔天神的头饰	19000	0	0	0	0	2	129	77	0	0	0	43	25	0	0	0	0	0	0	0	0	0	0
1120011103	精品幻魔头饰+3	120	1	11	1	19221	0	幻魔天神的头饰	21000	0	0	0	0	2	134	82	0	0	0	44	27	0	0	0	0	0	0	0	0	0	0
1120011104	精品幻魔头饰+4	120	1	11	1	19221	0	幻魔天神的头饰	23000	1000	40000	0	0	2	139	87	0	0	0	46	29	0	0	0	0	0	0	0	0	0	0
1120011105	精品幻魔头饰+5	120	2	11	1	19221	0	幻魔天神的头饰	25000	2000	40000	0	0	2	144	92	0	0	0	48	30	0	0	0	0	0	0	0	0	0	0
1120011106	精品幻魔头饰+6	120	2	11	1	19221	0	幻魔天神的头饰	27000	3000	40000	0	0	2	149	97	0	0	0	49	32	0	0	0	0	0	0	0	0	0	0
1120011107	精品幻魔头饰+7	120	2	11	1	19221	0	幻魔天神的头饰	29000	4000	40000	0	0	2	154	102	0	0	0	51	34	0	0	0	0	0	0	0	0	0	0
1120011108	精品幻魔头饰+8	120	3	11	1	19221	0	幻魔天神的头饰	31000	6000	40000	0	0	2	159	107	0	0	0	53	35	0	0	0	0	0	0	0	0	0	0
1120011109	精品幻魔头饰+9	120	3	11	1	19221	0	幻魔天神的头饰	33000	8000	40000	0	0	2	164	112	0	0	0	54	37	0	0	0	0	0	0	0	0	0	0
1120011110	精品幻魔头饰+10	120	4	11	1	19221	0	幻魔天神的头饰	0	10000	40000	0	0	2	169	117	0	0	0	56	39	0	0	0	0	0	0	0	0	0	0
1120021100	极品幻魔头饰	120	0	11	2	19221	0	幻魔天神的头饰	15000	0	0	0	0	2	119	67	0	0	0	39	22	2	0	0	0	2	0	0	0	0	0
1120021101	极品幻魔头饰+1	120	0	11	2	19221	0	幻魔天神的头饰	17000	0	0	0	0	2	124	72	0	0	0	41	24	2	0	0	0	2	0	0	0	0	0
1120021102	极品幻魔头饰+2	120	0	11	2	19221	0	幻魔天神的头饰	19000	0	0	0	0	2	129	77	0	0	0	43	25	2	0	0	0	2	0	0	0	0	0
1120021103	极品幻魔头饰+3	120	2	11	2	19221	0	幻魔天神的头饰	21000	0	0	0	0	2	134	82	0	0	0	44	27	2	0	0	0	2	0	0	0	0	0
1120021104	极品幻魔头饰+4	120	2	11	2	19221	0	幻魔天神的头饰	23000	0	0	0	0	2	139	87	0	0	0	46	29	2	0	0	0	2	0	0	0	0	0
1120021105	极品幻魔头饰+5	120	3	11	2	19221	0	幻魔天神的头饰	25000	100	50000	0	0	2	144	92	0	0	0	48	30	2	0	0	0	2	0	0	0	0	0
1120021106	极品幻魔头饰+6	120	3	11	2	19221	0	幻魔天神的头饰	27000	300	50000	0	0	2	149	97	0	0	0	49	32	2	0	0	0	2	0	0	0	0	0
1120021107	极品幻魔头饰+7	120	3	11	2	19221	0	幻魔天神的头饰	29000	500	50000	0	0	2	154	102	0	0	0	51	34	2	0	0	0	2	0	0	0	0	0
1120021108	极品幻魔头饰+8	120	4	11	2	19221	0	幻魔天神的头饰	31000	700	50000	0	0	2	159	107	0	0	0	53	35	2	0	0	0	2	0	0	0	0	0
1120021109	极品幻魔头饰+9	120	4	11	2	19221	0	幻魔天神的头饰	33000	900	50000	0	0	2	164	112	0	0	0	54	37	2	0	0	0	2	0	0	0	0	0
1120021110	极品幻魔头饰+10	120	5	11	2	19221	0	幻魔天神的头饰	0	1100	50000	0	0	2	169	117	0	0	0	56	39	2	0	0	0	2	0	0	0	0	0
1120031100	完美幻魔头饰	120	0	11	3	4464000	134	幻魔天神的头饰	15000	0	0	0	0	2	119	67	0	0	0	39	22	2	0	10	0	2	0	0	10	500	300
1120031101	完美幻魔头饰+1	120	0	11	3	4464000	134	幻魔天神的头饰	17000	0	0	0	0	2	124	72	0	0	0	41	24	2	0	10	0	2	0	0	10	505	300
1120031102	完美幻魔头饰+2	120	0	11	3	4464000	134	幻魔天神的头饰	19000	0	0	0	0	2	129	77	0	0	0	43	25	2	0	10	0	2	0	0	10	510	300
1120031103	完美幻魔头饰+3	120	3	11	3	4464000	134	幻魔天神的头饰	21000	0	0	0	0	2	134	82	0	0	0	44	27	2	0	10	0	2	0	0	10	515	300
1120031104	完美幻魔头饰+4	120	3	11	3	4464000	134	幻魔天神的头饰	23000	0	0	0	0	2	139	87	0	0	0	46	29	2	0	10	0	2	0	0	10	520	300
1120031105	完美幻魔头饰+5	120	4	11	3	4464000	134	幻魔天神的头饰	25000	0	0	0	0	2	144	92	0	0	0	48	30	2	0	10	0	2	0	0	10	525	300
1120031106	完美幻魔头饰+6	120	4	11	3	4464000	134	幻魔天神的头饰	27000	0	0	0	0	2	149	97	0	0	0	49	32	2	0	10	0	2	0	0	10	530	300
1120031107	完美幻魔头饰+7	120	4	11	3	4464000	134	幻魔天神的头饰	29000	70	60000	0	0	2	154	102	0	0	0	51	34	2	0	10	0	2	0	0	10	535	300
1120031108	完美幻魔头饰+8	120	5	11	3	4464000	134	幻魔天神的头饰	31000	170	60000	0	0	2	159	107	0	0	0	53	35	2	0	10	0	2	0	0	10	540	300
1120031109	完美幻魔头饰+9	120	5	11	3	4464000	134	幻魔天神的头饰	33000	270	60000	0	0	2	164	112	0	0	0	54	37	2	0	10	0	2	0	0	10	545	300
1120031110	完美幻魔头饰+10	120	6	11	3	4464000	134	幻魔天神的头饰	0	370	60000	0	0	2	169	117	0	0	0	56	39	2	0	10	0	2	0	0	10	550	300
1120041100	神品幻魔头饰	120	0	11	4	7440000	223	幻魔天神的头饰	15000	0	0	0	0	2	119	67	0	0	0	39	22	2	10	10	10	2	10	10	10	500	300
1120041101	神品幻魔头饰+1	120	0	11	4	7440000	223	幻魔天神的头饰	17000	0	0	0	0	2	124	72	0	0	0	41	24	2	10	10	10	2	10	10	10	505	300
1120041102	神品幻魔头饰+2	120	0	11	4	7440000	223	幻魔天神的头饰	19000	0	0	0	0	2	129	77	0	0	0	43	25	2	10	10	10	2	10	10	10	510	300
1120041103	神品幻魔头饰+3	120	4	11	4	7440000	223	幻魔天神的头饰	21000	0	0	0	0	2	134	82	0	0	0	44	27	2	10	10	10	2	10	10	10	515	300
1120041104	神品幻魔头饰+4	120	4	11	4	7440000	223	幻魔天神的头饰	23000	0	0	0	0	2	139	87	0	0	0	46	29	2	10	10	10	2	10	10	10	520	300
1120041105	神品幻魔头饰+5	120	5	11	4	7440000	223	幻魔天神的头饰	25000	0	0	0	0	2	144	92	0	0	0	48	30	2	10	10	10	2	10	10	10	525	300
1120041106	神品幻魔头饰+6	120	5	11	4	7440000	223	幻魔天神的头饰	27000	0	0	0	0	2	149	97	0	0	0	49	32	2	10	10	10	2	10	10	10	530	300
1120041107	神品幻魔头饰+7	120	5	11	4	7440000	223	幻魔天神的头饰	29000	0	0	0	0	2	154	102	0	0	0	51	34	2	10	10	10	2	10	10	10	535	300
1120041108	神品幻魔头饰+8	120	6	11	4	7440000	223	幻魔天神的头饰	31000	0	0	0	0	2	159	107	0	0	0	53	35	2	10	10	10	2	10	10	10	540	300
1120041109	神品幻魔头饰+9	120	6	11	4	7440000	223	幻魔天神的头饰	33000	0	0	0	0	2	164	112	0	0	0	54	37	2	10	10	10	2	10	10	10	545	300
1120041110	神品幻魔头饰+10	120	7	11	4	7440000	223	幻魔天神的头饰	0	0	0	0	0	2	169	117	0	0	0	56	39	2	10	10	10	2	10	10	10	550	300
1120031200	超级新手头饰	0	0	4	3	704000	58	为新手准备的超级装备	1200	0	0	0	0	2	27	18	0	0	0	9	6	2	0	10	0	2	0	0	10	150	90
1120031201	超级新手头饰+1	0	0	4	3	704000	58	为新手准备的超级装备	1300	0	0	0	0	2	30	21	0	0	0	10	7	2	0	10	0	2	0	0	10	155	90
1120031202	超级新手头饰+2	0	0	4	3	704000	58	为新手准备的超级装备	1400	0	0	0	0	2	33	24	0	0	0	11	8	2	0	10	0	2	0	0	10	160	90
1120031203	超级新手头饰+3	0	5	4	3	704000	58	为新手准备的超级装备	1500	0	0	0	0	2	36	27	0	0	0	12	9	2	0	10	0	2	0	0	10	165	90
1120031204	超级新手头饰+4	0	5	4	3	704000	58	为新手准备的超级装备	1600	0	0	0	0	2	39	30	0	0	0	13	10	2	0	10	0	2	0	0	10	170	90
1120031205	超级新手头饰+5	0	6	4	3	704000	58	为新手准备的超级装备	1700	0	0	0	0	2	42	33	0	0	0	14	11	2	0	10	0	2	0	0	10	175	90
1120031206	超级新手头饰+6	0	6	4	3	704000	58	为新手准备的超级装备	1800	0	0	0	0	2	45	36	0	0	0	15	12	2	0	10	0	2	0	0	10	180	90
1120031207	超级新手头饰+7	0	6	4	3	704000	58	为新手准备的超级装备	1900	0	0	0	0	2	48	39	0	0	0	16	13	2	0	10	0	2	0	0	10	185	90
1120031208	超级新手头饰+8	0	7	4	3	704000	58	为新手准备的超级装备	2000	0	0	0	0	2	51	42	0	0	0	17	14	2	0	10	0	2	0	0	10	190	90
1120031209	超级新手头饰+9	0	7	4	3	704000	58	为新手准备的超级装备	2100	0	0	0	0	2	54	45	0	0	0	18	15	2	0	10	0	2	0	0	10	195	90
1120031210	超级新手头饰+10	0	8	4	3	704000	58	为新手准备的超级装备	0	0	0	0	0	2	57	48	0	0	0	19	16	2	0	10	0	2	0	0	10	200	90
1120031300	超级小强头饰	36	0	7	3	5500000	462	为小强准备的超级装备	3000	0	0	0	0	2	63	38	0	0	0	21	12	2	0	10	0	2	0	0	10	300	180
1120031301	超级小强头饰+1	36	0	7	3	5500000	462	为小强准备的超级装备	3500	0	0	0	0	2	67	42	0	0	0	22	14	2	0	10	0	2	0	0	10	305	180
1120031302	超级小强头饰+2	36	0	7	3	5500000	462	为小强准备的超级装备	4000	0	0	0	0	2	71	46	0	0	0	23	15	2	0	10	0	2	0	0	10	310	180
1120031303	超级小强头饰+3	36	5	7	3	5500000	462	为小强准备的超级装备	4500	0	0	0	0	2	75	50	0	0	0	25	16	2	0	10	0	2	0	0	10	315	180
1120031304	超级小强头饰+4	36	5	7	3	5500000	462	为小强准备的超级装备	5000	0	0	0	0	2	79	54	0	0	0	26	18	2	0	10	0	2	0	0	10	320	180
1120031305	超级小强头饰+5	36	6	7	3	5500000	462	为小强准备的超级装备	5500	0	0	0	0	2	83	58	0	0	0	27	19	2	0	10	0	2	0	0	10	325	180
1120031306	超级小强头饰+6	36	6	7	3	5500000	462	为小强准备的超级装备	6000	0	0	0	0	2	87	62	0	0	0	29	20	2	0	10	0	2	0	0	10	330	180
1120031307	超级小强头饰+7	36	6	7	3	5500000	462	为小强准备的超级装备	6500	0	0	0	0	2	91	66	0	0	0	30	22	2	0	10	0	2	0	0	10	335	180
1120031308	超级小强头饰+8	36	7	7	3	5500000	462	为小强准备的超级装备	7000	0	0	0	0	2	95	70	0	0	0	31	23	2	0	10	0	2	0	0	10	340	180
1120031309	超级小强头饰+9	36	7	7	3	5500000	462	为小强准备的超级装备	7500	0	0	0	0	2	99	74	0	0	0	33	24	2	0	10	0	2	0	0	10	345	180
1120031310	超级小强头饰+10	36	8	7	3	5500000	462	为小强准备的超级装备	0	0	0	0	0	2	103	78	0	0	0	34	26	2	0	10	0	2	0	0	10	350	180
1120031400	超级专业头饰	60	0	10	3	20000000	1650	为专业人士准备的超级装备	10000	0	0	0	0	2	105	59	0	0	0	35	19	2	0	10	0	2	0	0	10	450	270
1120031401	超级专业头饰+1	60	0	10	3	20000000	1650	为专业人士准备的超级装备	11000	0	0	0	0	2	109	63	0	0	0	36	21	2	0	10	0	2	0	0	10	455	270
1120031402	超级专业头饰+2	60	0	10	3	20000000	1650	为专业人士准备的超级装备	12000	0	0	0	0	2	113	67	0	0	0	37	22	2	0	10	0	2	0	0	10	460	270
1120031403	超级专业头饰+3	60	5	10	3	20000000	1650	为专业人士准备的超级装备	13000	0	0	0	0	2	117	71	0	0	0	39	23	2	0	10	0	2	0	0	10	465	270
1120031404	超级专业头饰+4	60	5	10	3	20000000	1650	为专业人士准备的超级装备	14000	0	0	0	0	2	121	75	0	0	0	40	25	2	0	10	0	2	0	0	10	470	270
1120031405	超级专业头饰+5	60	6	10	3	20000000	1650	为专业人士准备的超级装备	15000	0	0	0	0	2	125	79	0	0	0	41	26	2	0	10	0	2	0	0	10	475	270
1120031406	超级专业头饰+6	60	6	10	3	20000000	1650	为专业人士准备的超级装备	16000	0	0	0	0	2	129	83	0	0	0	43	27	2	0	10	0	2	0	0	10	480	270
1120031407	超级专业头饰+7	60	6	10	3	20000000	1650	为专业人士准备的超级装备	17000	0	0	0	0	2	133	87	0	0	0	44	29	2	0	10	0	2	0	0	10	485	270
1120031408	超级专业头饰+8	60	7	10	3	20000000	1650	为专业人士准备的超级装备	18000	0	0	0	0	2	137	91	0	0	0	45	30	2	0	10	0	2	0	0	10	490	270
1120031409	超级专业头饰+9	60	7	10	3	20000000	1650	为专业人士准备的超级装备	19000	0	0	0	0	2	141	95	0	0	0	47	31	2	0	10	0	2	0	0	10	495	270
1120031410	超级专业头饰+10	60	8	10	3	20000000	1650	为专业人士准备的超级装备	0	0	0	0	0	2	145	99	0	0	0	48	33	2	0	10	0	2	0	0	10	500	270
1120031500	超级噬魂头饰	96	0	11	3	36000000	3150	恶魔的贡品	20000	0	0	0	0	2	150	80	0	0	0	49	26	2	0	10	0	2	0	0	10	600	360
1120031501	超级噬魂头饰+1	96	0	11	3	36000000	3150	恶魔的贡品	21000	0	0	0	0	2	154	84	0	0	0	51	28	2	0	10	0	2	0	0	10	605	360
1120031502	超级噬魂头饰+2	96	0	11	3	36000000	3150	恶魔的贡品	22000	0	0	0	0	2	158	88	0	0	0	53	30	2	0	10	0	2	0	0	10	610	360
1120031503	超级噬魂头饰+3	96	5	11	3	36000000	3150	恶魔的贡品	23000	0	0	0	0	2	162	92	0	0	0	55	32	2	0	10	0	2	0	0	10	615	360
1120031504	超级噬魂头饰+4	96	5	11	3	36000000	3150	恶魔的贡品	24000	0	0	0	0	2	166	96	0	0	0	57	34	2	0	10	0	2	0	0	10	620	360
1120031505	超级噬魂头饰+5	96	6	11	3	36000000	3150	恶魔的贡品	25000	0	0	0	0	2	170	100	0	0	0	59	36	2	0	10	0	2	0	0	10	625	360
1120031506	超级噬魂头饰+6	96	6	11	3	36000000	3150	恶魔的贡品	26000	0	0	0	0	2	174	104	0	0	0	61	38	2	0	10	0	2	0	0	10	630	360
1120031507	超级噬魂头饰+7	96	6	11	3	36000000	3150	恶魔的贡品	27000	0	0	0	0	2	178	108	0	0	0	63	40	2	0	10	0	2	0	0	10	635	360
1120031508	超级噬魂头饰+8	96	7	11	3	36000000	3150	恶魔的贡品	28000	0	0	0	0	2	182	112	0	0	0	65	42	2	0	10	0	2	0	0	10	640	360
1120031509	超级噬魂头饰+9	96	7	11	3	36000000	3150	恶魔的贡品	29000	0	0	0	0	2	186	116	0	0	0	67	44	2	0	10	0	2	0	0	10	645	360
1120031510	超级噬魂头饰+10	96	8	11	3	36000000	3150	恶魔的贡品	0	0	0	0	0	2	190	120	0	0	0	69	46	2	0	10	0	2	0	0	10	650	360
1120031600	超级化神头饰	120	0	12	3	54000000	4500	上帝的恩赐	30000	0	0	0	0	2	195	101	0	0	0	70	36	2	0	10	0	2	0	0	10	750	450
1120031601	超级化神头饰+1	120	0	12	3	54000000	4500	上帝的恩赐	31000	0	0	0	0	2	199	105	0	0	0	72	38	2	0	10	0	2	0	0	10	755	450
1120031602	超级化神头饰+2	120	0	12	3	54000000	4500	上帝的恩赐	32000	0	0	0	0	2	203	109	0	0	0	74	40	2	0	10	0	2	0	0	10	760	450
1120031603	超级化神头饰+3	120	5	12	3	54000000	4500	上帝的恩赐	33000	0	0	0	0	2	207	113	0	0	0	76	42	2	0	10	0	2	0	0	10	765	450
1120031604	超级化神头饰+4	120	5	12	3	54000000	4500	上帝的恩赐	34000	0	0	0	0	2	211	117	0	0	0	78	44	2	0	10	0	2	0	0	10	770	450
1120031605	超级化神头饰+5	120	6	12	3	54000000	4500	上帝的恩赐	35000	0	0	0	0	2	215	121	0	0	0	80	46	2	0	10	0	2	0	0	10	775	450
1120031606	超级化神头饰+6	120	6	12	3	54000000	4500	上帝的恩赐	36000	0	0	0	0	2	219	125	0	0	0	82	48	2	0	10	0	2	0	0	10	780	450
1120031607	超级化神头饰+7	120	6	12	3	54000000	4500	上帝的恩赐	37000	0	0	0	0	2	223	129	0	0	0	84	50	2	0	10	0	2	0	0	10	785	450
1120031608	超级化神头饰+8	120	7	12	3	54000000	4500	上帝的恩赐	38000	0	0	0	0	2	227	133	0	0	0	86	52	2	0	10	0	2	0	0	10	790	450
1120031609	超级化神头饰+9	120	7	12	3	54000000	4500	上帝的恩赐	39000	0	0	0	0	2	231	137	0	0	0	88	54	2	0	10	0	2	0	0	10	795	450
1120031610	超级化神头饰+10	120	8	12	3	54000000	4500	上帝的恩赐	0	0	0	0	0	2	235	141	0	0	0	90	56	2	0	10	0	2	0	0	10	800	450
