编号	名字	等级需求	光影等级	图标	品质	金币	元宝	描述	升等费用	精炼几率	精炼费用	升级费用	种族要求	装备类型	物理防御	魔法防御	闪避	移动时间增加	格档	附加物理防御	附加魔法防御	物防加成（等级）	物防加成（强壮）	物防加成（敏捷）	物防加成（智慧）	魔防加成（等级）	魔防加成（强壮）	魔防加成（敏捷）	魔防加成（智慧）	附加生命上限	附加魔法上限
id	name	requiredLevel	haloIndex	icon	quality	moneyCost	treasureCost	description	increaseCost	refineRate	refineCost	upgradeCost	requiredRace	eType	physicalDefense	magicDefense	evadingAbility	stepTime	withstandingRate	extraPhysicalDefense	extraMagicDefense	pdLevelFactor	pdStrengthFactor	pdDexterityFactor	pdWisdomFactor	mdLevelFactor	mdStrengthFactor	mdDexterityFactor	mdWisdomFactor	lifeRaised	manaRaised
1130000100	麻布靴	0	0	1	0	9	0	用麻布制成的靴子	0	0	0	0	0	3	1	1	2	-300	0	0	0	0	0	0	0	0	0	0	0	0	0
1130000101	麻布靴+1	0	0	1	0	9	0	用麻布制成的靴子	0	0	0	0	0	3	3	3	3	-300	0	0	0	0	0	0	0	0	0	0	0	0	0
1130000102	麻布靴+2	0	0	1	0	9	0	用麻布制成的靴子	0	0	0	0	0	3	5	5	4	-300	0	0	0	0	0	0	0	0	0	0	0	0	0
1130000103	麻布靴+3	0	0	1	0	9	0	用麻布制成的靴子	0	0	0	0	0	3	7	7	5	-300	0	0	0	0	0	0	0	0	0	0	0	0	0
1130000104	麻布靴+4	0	0	1	0	9	0	用麻布制成的靴子	0	0	0	0	0	3	9	9	6	-300	0	0	0	0	0	0	0	0	0	0	0	0	0
1130000105	麻布靴+5	0	0	1	0	9	0	用麻布制成的靴子	0	0	0	0	0	3	11	11	7	-300	0	0	0	0	0	0	0	0	0	0	0	0	0
1130000106	麻布靴+6	0	0	1	0	9	0	用麻布制成的靴子	0	0	0	0	0	3	13	13	8	-300	0	0	0	0	0	0	0	0	0	0	0	0	0
1130000107	麻布靴+7	0	0	1	0	9	0	用麻布制成的靴子	0	0	0	0	0	3	15	15	9	-300	0	0	0	0	0	0	0	0	0	0	0	0	0
1130000108	麻布靴+8	0	0	1	0	9	0	用麻布制成的靴子	0	0	0	0	0	3	17	17	10	-300	0	0	0	0	0	0	0	0	0	0	0	0	0
1130000109	麻布靴+9	0	0	1	0	9	0	用麻布制成的靴子	0	0	0	0	0	3	19	19	11	-300	0	0	0	0	0	0	0	0	0	0	0	0	0
1130000110	麻布靴+10	0	0	1	0	9	0	用麻布制成的靴子	0	0	0	0	0	3	21	21	12	-300	0	0	0	0	0	0	0	0	0	0	0	0	0
1130000200	硬皮靴	12	0	2	0	750	0	用硬皮制成的靴子	500	0	0	0	0	3	5	3	4	-300	0	0	0	0	0	0	0	0	0	0	0	0	0
1130000201	硬皮靴+1	12	0	2	0	750	0	用硬皮制成的靴子	600	0	0	0	0	3	7	5	5	-300	0	0	0	0	0	0	0	0	0	0	0	0	0
1130000202	硬皮靴+2	12	0	2	0	750	0	用硬皮制成的靴子	700	0	0	0	0	3	9	7	6	-300	0	0	0	0	0	0	0	0	0	0	0	0	0
1130000203	硬皮靴+3	12	0	2	0	750	0	用硬皮制成的靴子	800	10000	500	0	0	3	11	9	7	-300	0	0	0	0	0	0	0	0	0	0	0	0	0
1130000204	硬皮靴+4	12	0	2	0	750	0	用硬皮制成的靴子	900	10000	500	0	0	3	13	11	8	-300	0	0	0	0	0	0	0	0	0	0	0	0	0
1130000205	硬皮靴+5	12	0	2	0	750	0	用硬皮制成的靴子	1000	10000	500	0	0	3	15	13	9	-300	0	0	0	0	0	0	0	0	0	0	0	0	0
1130000206	硬皮靴+6	12	0	2	0	750	0	用硬皮制成的靴子	1100	10000	500	0	0	3	17	15	10	-300	0	0	0	0	0	0	0	0	0	0	0	0	0
1130000207	硬皮靴+7	12	0	2	0	750	0	用硬皮制成的靴子	1200	10000	500	0	0	3	19	17	11	-300	0	0	0	0	0	0	0	0	0	0	0	0	0
1130000208	硬皮靴+8	12	0	2	0	750	0	用硬皮制成的靴子	1300	10000	500	0	0	3	21	19	12	-300	0	0	0	0	0	0	0	0	0	0	0	0	0
1130000209	硬皮靴+9	12	0	2	0	750	0	用硬皮制成的靴子	1400	10000	500	0	0	3	23	21	13	-300	0	0	0	0	0	0	0	0	0	0	0	0	0
1130000210	硬皮靴+10	12	0	2	0	750	0	用硬皮制成的靴子	0	10000	500	0	0	3	25	23	14	-300	0	0	0	0	0	0	0	0	0	0	0	0	0
1130010200	精品硬皮靴	12	0	2	1	750	0	用硬皮制成的靴子	500	0	0	0	0	3	5	3	4	-300	0	1	1	0	0	0	0	0	0	0	0	0	0
1130010201	精品硬皮靴+1	12	0	2	1	750	0	用硬皮制成的靴子	600	0	0	0	0	3	7	5	5	-300	0	2	1	0	0	0	0	0	0	0	0	0	0
1130010202	精品硬皮靴+2	12	0	2	1	750	0	用硬皮制成的靴子	700	0	0	0	0	3	9	7	6	-300	0	3	2	0	0	0	0	0	0	0	0	0	0
1130010203	精品硬皮靴+3	12	1	2	1	750	0	用硬皮制成的靴子	800	0	0	0	0	3	11	9	7	-300	0	3	3	0	0	0	0	0	0	0	0	0	0
1130010204	精品硬皮靴+4	12	1	2	1	750	0	用硬皮制成的靴子	900	5000	1000	0	0	3	13	11	8	-300	0	4	3	0	0	0	0	0	0	0	0	0	0
1130010205	精品硬皮靴+5	12	2	2	1	750	0	用硬皮制成的靴子	1000	6000	1000	0	0	3	15	13	9	-300	0	5	4	0	0	0	0	0	0	0	0	0	0
1130010206	精品硬皮靴+6	12	2	2	1	750	0	用硬皮制成的靴子	1100	7000	1000	0	0	3	17	15	10	-300	0	5	5	0	0	0	0	0	0	0	0	0	0
1130010207	精品硬皮靴+7	12	2	2	1	750	0	用硬皮制成的靴子	1200	8000	1000	0	0	3	19	17	11	-300	0	6	5	0	0	0	0	0	0	0	0	0	0
1130010208	精品硬皮靴+8	12	3	2	1	750	0	用硬皮制成的靴子	1300	9000	1000	0	0	3	21	19	12	-300	0	7	6	0	0	0	0	0	0	0	0	0	0
1130010209	精品硬皮靴+9	12	3	2	1	750	0	用硬皮制成的靴子	1400	10000	1000	0	0	3	23	21	13	-300	0	7	7	0	0	0	0	0	0	0	0	0	0
1130010210	精品硬皮靴+10	12	4	2	1	750	0	用硬皮制成的靴子	0	10000	1000	0	0	3	25	23	14	-300	0	8	7	0	0	0	0	0	0	0	0	0	0
1130020200	极品硬皮靴	12	0	2	2	750	0	用硬皮制成的靴子	500	0	0	0	0	3	5	3	4	-300	0	1	1	2	0	0	0	2	0	0	0	0	0
1130020201	极品硬皮靴+1	12	0	2	2	750	0	用硬皮制成的靴子	600	0	0	0	0	3	7	5	5	-300	0	2	1	2	0	0	0	2	0	0	0	0	0
1130020202	极品硬皮靴+2	12	0	2	2	750	0	用硬皮制成的靴子	700	0	0	0	0	3	9	7	6	-300	0	3	2	2	0	0	0	2	0	0	0	0	0
1130020203	极品硬皮靴+3	12	2	2	2	750	0	用硬皮制成的靴子	800	0	0	0	0	3	11	9	7	-300	0	3	3	2	0	0	0	2	0	0	0	0	0
1130020204	极品硬皮靴+4	12	2	2	2	750	0	用硬皮制成的靴子	900	0	0	0	0	3	13	11	8	-300	0	4	3	2	0	0	0	2	0	0	0	0	0
1130020205	极品硬皮靴+5	12	3	2	2	750	0	用硬皮制成的靴子	1000	2500	1500	0	0	3	15	13	9	-300	0	5	4	2	0	0	0	2	0	0	0	0	0
1130020206	极品硬皮靴+6	12	3	2	2	750	0	用硬皮制成的靴子	1100	3500	1500	0	0	3	17	15	10	-300	0	5	5	2	0	0	0	2	0	0	0	0	0
1130020207	极品硬皮靴+7	12	3	2	2	750	0	用硬皮制成的靴子	1200	4500	1500	0	0	3	19	17	11	-300	0	6	5	2	0	0	0	2	0	0	0	0	0
1130020208	极品硬皮靴+8	12	4	2	2	750	0	用硬皮制成的靴子	1300	5500	1500	0	0	3	21	19	12	-300	0	7	6	2	0	0	0	2	0	0	0	0	0
1130020209	极品硬皮靴+9	12	4	2	2	750	0	用硬皮制成的靴子	1400	7000	1500	0	0	3	23	21	13	-300	0	7	7	2	0	0	0	2	0	0	0	0	0
1130020210	极品硬皮靴+10	12	5	2	2	750	0	用硬皮制成的靴子	0	10000	1500	0	0	3	25	23	14	-300	0	8	7	2	0	0	0	2	0	0	0	0	0
1130030200	完美硬皮靴	12	0	2	3	84000	17	用硬皮制成的靴子	500	0	0	33	0	3	5	3	4	-300	0	1	1	2	0	10	0	2	0	0	10	50	30
1130030201	完美硬皮靴+1	12	0	2	3	84000	17	用硬皮制成的靴子	600	0	0	33	0	3	7	5	5	-300	0	2	1	2	0	10	0	2	0	0	10	55	30
1130030202	完美硬皮靴+2	12	0	2	3	84000	17	用硬皮制成的靴子	700	0	0	33	0	3	9	7	6	-300	0	3	2	2	0	10	0	2	0	0	10	60	30
1130030203	完美硬皮靴+3	12	3	2	3	84000	17	用硬皮制成的靴子	800	0	0	33	0	3	11	9	7	-300	0	3	3	2	0	10	0	2	0	0	10	65	30
1130030204	完美硬皮靴+4	12	3	2	3	84000	17	用硬皮制成的靴子	900	0	0	33	0	3	13	11	8	-300	0	4	3	2	0	10	0	2	0	0	10	70	30
1130030205	完美硬皮靴+5	12	4	2	3	84000	17	用硬皮制成的靴子	1000	0	0	33	0	3	15	13	9	-300	0	5	4	2	0	10	0	2	0	0	10	75	30
1130030206	完美硬皮靴+6	12	4	2	3	84000	17	用硬皮制成的靴子	1100	0	0	33	0	3	17	15	10	-300	0	5	5	2	0	10	0	2	0	0	10	80	30
1130030207	完美硬皮靴+7	12	4	2	3	84000	17	用硬皮制成的靴子	1200	1000	2000	33	0	3	19	17	11	-300	0	6	5	2	0	10	0	2	0	0	10	85	30
1130030208	完美硬皮靴+8	12	5	2	3	84000	17	用硬皮制成的靴子	1300	1100	2000	33	0	3	21	19	12	-300	0	7	6	2	0	10	0	2	0	0	10	90	30
1130030209	完美硬皮靴+9	12	5	2	3	84000	17	用硬皮制成的靴子	1400	1200	2000	33	0	3	23	21	13	-300	0	7	7	2	0	10	0	2	0	0	10	95	30
1130030210	完美硬皮靴+10	12	6	2	3	84000	17	用硬皮制成的靴子	0	1300	2000	33	0	3	25	23	14	-300	0	8	7	2	0	10	0	2	0	0	10	100	30
1130040200	神品硬皮靴	12	0	2	4	140000	28	用硬皮制成的靴子	500	0	0	56	0	3	5	3	4	-300	0	1	1	2	10	10	10	2	10	10	10	50	30
1130040201	神品硬皮靴+1	12	0	2	4	140000	28	用硬皮制成的靴子	600	0	0	56	0	3	7	5	5	-300	0	2	1	2	10	10	10	2	10	10	10	55	30
1130040202	神品硬皮靴+2	12	0	2	4	140000	28	用硬皮制成的靴子	700	0	0	56	0	3	9	7	6	-300	0	3	2	2	10	10	10	2	10	10	10	60	30
1130040203	神品硬皮靴+3	12	4	2	4	140000	28	用硬皮制成的靴子	800	0	0	56	0	3	11	9	7	-300	0	3	3	2	10	10	10	2	10	10	10	65	30
1130040204	神品硬皮靴+4	12	4	2	4	140000	28	用硬皮制成的靴子	900	0	0	56	0	3	13	11	8	-300	0	4	3	2	10	10	10	2	10	10	10	70	30
1130040205	神品硬皮靴+5	12	5	2	4	140000	28	用硬皮制成的靴子	1000	0	0	56	0	3	15	13	9	-300	0	5	4	2	10	10	10	2	10	10	10	75	30
1130040206	神品硬皮靴+6	12	5	2	4	140000	28	用硬皮制成的靴子	1100	0	0	56	0	3	17	15	10	-300	0	5	5	2	10	10	10	2	10	10	10	80	30
1130040207	神品硬皮靴+7	12	5	2	4	140000	28	用硬皮制成的靴子	1200	0	0	56	0	3	19	17	11	-300	0	6	5	2	10	10	10	2	10	10	10	85	30
1130040208	神品硬皮靴+8	12	6	2	4	140000	28	用硬皮制成的靴子	1300	0	0	56	0	3	21	19	12	-300	0	7	6	2	10	10	10	2	10	10	10	90	30
1130040209	神品硬皮靴+9	12	6	2	4	140000	28	用硬皮制成的靴子	1400	0	0	56	0	3	23	21	13	-300	0	7	7	2	10	10	10	2	10	10	10	95	30
1130040210	神品硬皮靴+10	12	7	2	4	140000	28	用硬皮制成的靴子	0	0	0	56	0	3	25	23	14	-300	0	8	7	2	10	10	10	2	10	10	10	100	30
1130000300	轻灵皮靴	24	0	3	0	1125	0	轻巧灵便的靴子	800	0	0	0	0	3	9	6	6	-300	0	0	0	0	0	0	0	0	0	0	0	0	0
1130000301	轻灵皮靴+1	24	0	3	0	1125	0	轻巧灵便的靴子	900	0	0	0	0	3	12	9	7	-300	0	0	0	0	0	0	0	0	0	0	0	0	0
1130000302	轻灵皮靴+2	24	0	3	0	1125	0	轻巧灵便的靴子	1000	0	0	0	0	3	15	12	8	-300	0	0	0	0	0	0	0	0	0	0	0	0	0
1130000303	轻灵皮靴+3	24	0	3	0	1125	0	轻巧灵便的靴子	1100	10000	1500	0	0	3	18	15	9	-300	0	0	0	0	0	0	0	0	0	0	0	0	0
1130000304	轻灵皮靴+4	24	0	3	0	1125	0	轻巧灵便的靴子	1200	10000	1500	0	0	3	21	18	10	-300	0	0	0	0	0	0	0	0	0	0	0	0	0
1130000305	轻灵皮靴+5	24	0	3	0	1125	0	轻巧灵便的靴子	1300	10000	1500	0	0	3	24	21	11	-300	0	0	0	0	0	0	0	0	0	0	0	0	0
1130000306	轻灵皮靴+6	24	0	3	0	1125	0	轻巧灵便的靴子	1400	10000	1500	0	0	3	27	24	12	-300	0	0	0	0	0	0	0	0	0	0	0	0	0
1130000307	轻灵皮靴+7	24	0	3	0	1125	0	轻巧灵便的靴子	1500	10000	1500	0	0	3	30	27	13	-300	0	0	0	0	0	0	0	0	0	0	0	0	0
1130000308	轻灵皮靴+8	24	0	3	0	1125	0	轻巧灵便的靴子	1600	10000	1500	0	0	3	33	30	14	-300	0	0	0	0	0	0	0	0	0	0	0	0	0
1130000309	轻灵皮靴+9	24	0	3	0	1125	0	轻巧灵便的靴子	1700	10000	1500	0	0	3	36	33	15	-300	0	0	0	0	0	0	0	0	0	0	0	0	0
1130000310	轻灵皮靴+10	24	0	3	0	1125	0	轻巧灵便的靴子	0	10000	1500	0	0	3	39	36	16	-300	0	0	0	0	0	0	0	0	0	0	0	0	0
1130010300	精品轻灵皮靴	24	0	3	1	1125	0	轻巧灵便的靴子	800	0	0	0	0	3	9	6	6	-300	0	3	2	0	0	0	0	0	0	0	0	0	0
1130010301	精品轻灵皮靴+1	24	0	3	1	1125	0	轻巧灵便的靴子	900	0	0	0	0	3	12	9	7	-300	0	4	3	0	0	0	0	0	0	0	0	0	0
1130010302	精品轻灵皮靴+2	24	0	3	1	1125	0	轻巧灵便的靴子	1000	0	0	0	0	3	15	12	8	-300	0	5	4	0	0	0	0	0	0	0	0	0	0
1130010303	精品轻灵皮靴+3	24	1	3	1	1125	0	轻巧灵便的靴子	1100	0	0	0	0	3	18	15	9	-300	0	6	5	0	0	0	0	0	0	0	0	0	0
1130010304	精品轻灵皮靴+4	24	1	3	1	1125	0	轻巧灵便的靴子	1200	5000	2000	0	0	3	21	18	10	-300	0	7	6	0	0	0	0	0	0	0	0	0	0
1130010305	精品轻灵皮靴+5	24	2	3	1	1125	0	轻巧灵便的靴子	1300	6000	2000	0	0	3	24	21	11	-300	0	8	7	0	0	0	0	0	0	0	0	0	0
1130010306	精品轻灵皮靴+6	24	2	3	1	1125	0	轻巧灵便的靴子	1400	7000	2000	0	0	3	27	24	12	-300	0	9	8	0	0	0	0	0	0	0	0	0	0
1130010307	精品轻灵皮靴+7	24	2	3	1	1125	0	轻巧灵便的靴子	1500	8000	2000	0	0	3	30	27	13	-300	0	10	9	0	0	0	0	0	0	0	0	0	0
1130010308	精品轻灵皮靴+8	24	3	3	1	1125	0	轻巧灵便的靴子	1600	9000	2000	0	0	3	33	30	14	-300	0	11	10	0	0	0	0	0	0	0	0	0	0
1130010309	精品轻灵皮靴+9	24	3	3	1	1125	0	轻巧灵便的靴子	1700	10000	2000	0	0	3	36	33	15	-300	0	12	11	0	0	0	0	0	0	0	0	0	0
1130010310	精品轻灵皮靴+10	24	4	3	1	1125	0	轻巧灵便的靴子	0	10000	2000	0	0	3	39	36	16	-300	0	13	12	0	0	0	0	0	0	0	0	0	0
1130020300	极品轻灵皮靴	24	0	3	2	1125	0	轻巧灵便的靴子	800	0	0	0	0	3	9	6	6	-300	0	3	2	2	0	0	0	2	0	0	0	0	0
1130020301	极品轻灵皮靴+1	24	0	3	2	1125	0	轻巧灵便的靴子	900	0	0	0	0	3	12	9	7	-300	0	4	3	2	0	0	0	2	0	0	0	0	0
1130020302	极品轻灵皮靴+2	24	0	3	2	1125	0	轻巧灵便的靴子	1000	0	0	0	0	3	15	12	8	-300	0	5	4	2	0	0	0	2	0	0	0	0	0
1130020303	极品轻灵皮靴+3	24	2	3	2	1125	0	轻巧灵便的靴子	1100	0	0	0	0	3	18	15	9	-300	0	6	5	2	0	0	0	2	0	0	0	0	0
1130020304	极品轻灵皮靴+4	24	2	3	2	1125	0	轻巧灵便的靴子	1200	0	0	0	0	3	21	18	10	-300	0	7	6	2	0	0	0	2	0	0	0	0	0
1130020305	极品轻灵皮靴+5	24	3	3	2	1125	0	轻巧灵便的靴子	1300	2500	2500	0	0	3	24	21	11	-300	0	8	7	2	0	0	0	2	0	0	0	0	0
1130020306	极品轻灵皮靴+6	24	3	3	2	1125	0	轻巧灵便的靴子	1400	3500	2500	0	0	3	27	24	12	-300	0	9	8	2	0	0	0	2	0	0	0	0	0
1130020307	极品轻灵皮靴+7	24	3	3	2	1125	0	轻巧灵便的靴子	1500	4500	2500	0	0	3	30	27	13	-300	0	10	9	2	0	0	0	2	0	0	0	0	0
1130020308	极品轻灵皮靴+8	24	4	3	2	1125	0	轻巧灵便的靴子	1600	5500	2500	0	0	3	33	30	14	-300	0	11	10	2	0	0	0	2	0	0	0	0	0
1130020309	极品轻灵皮靴+9	24	4	3	2	1125	0	轻巧灵便的靴子	1700	7000	2500	0	0	3	36	33	15	-300	0	12	11	2	0	0	0	2	0	0	0	0	0
1130020310	极品轻灵皮靴+10	24	5	3	2	1125	0	轻巧灵便的靴子	0	10000	2500	0	0	3	39	36	16	-300	0	13	12	2	0	0	0	2	0	0	0	0	0
1130030300	完美轻灵皮靴	24	0	3	3	168000	25	轻巧灵便的靴子	800	0	0	100	0	3	9	6	6	-300	0	3	2	2	0	10	0	2	0	0	10	100	60
1130030301	完美轻灵皮靴+1	24	0	3	3	168000	25	轻巧灵便的靴子	900	0	0	100	0	3	12	9	7	-300	0	4	3	2	0	10	0	2	0	0	10	105	60
1130030302	完美轻灵皮靴+2	24	0	3	3	168000	25	轻巧灵便的靴子	1000	0	0	100	0	3	15	12	8	-300	0	5	4	2	0	10	0	2	0	0	10	110	60
1130030303	完美轻灵皮靴+3	24	3	3	3	168000	25	轻巧灵便的靴子	1100	0	0	100	0	3	18	15	9	-300	0	6	5	2	0	10	0	2	0	0	10	115	60
1130030304	完美轻灵皮靴+4	24	3	3	3	168000	25	轻巧灵便的靴子	1200	0	0	100	0	3	21	18	10	-300	0	7	6	2	0	10	0	2	0	0	10	120	60
1130030305	完美轻灵皮靴+5	24	4	3	3	168000	25	轻巧灵便的靴子	1300	0	0	100	0	3	24	21	11	-300	0	8	7	2	0	10	0	2	0	0	10	125	60
1130030306	完美轻灵皮靴+6	24	4	3	3	168000	25	轻巧灵便的靴子	1400	0	0	100	0	3	27	24	12	-300	0	9	8	2	0	10	0	2	0	0	10	130	60
1130030307	完美轻灵皮靴+7	24	4	3	3	168000	25	轻巧灵便的靴子	1500	1000	3000	100	0	3	30	27	13	-300	0	10	9	2	0	10	0	2	0	0	10	135	60
1130030308	完美轻灵皮靴+8	24	5	3	3	168000	25	轻巧灵便的靴子	1600	2000	3000	100	0	3	33	30	14	-300	0	11	10	2	0	10	0	2	0	0	10	140	60
1130030309	完美轻灵皮靴+9	24	5	3	3	168000	25	轻巧灵便的靴子	1700	3000	3000	100	0	3	36	33	15	-300	0	12	11	2	0	10	0	2	0	0	10	145	60
1130030310	完美轻灵皮靴+10	24	6	3	3	168000	25	轻巧灵便的靴子	0	4000	3000	100	0	3	39	36	16	-300	0	13	12	2	0	10	0	2	0	0	10	150	60
1130040300	神品轻灵皮靴	24	0	3	4	280000	42	轻巧灵便的靴子	800	0	0	168	0	3	9	6	6	-300	0	3	2	2	10	10	10	2	10	10	10	100	60
1130040301	神品轻灵皮靴+1	24	0	3	4	280000	42	轻巧灵便的靴子	900	0	0	168	0	3	12	9	7	-300	0	4	3	2	10	10	10	2	10	10	10	105	60
1130040302	神品轻灵皮靴+2	24	0	3	4	280000	42	轻巧灵便的靴子	1000	0	0	168	0	3	15	12	8	-300	0	5	4	2	10	10	10	2	10	10	10	110	60
1130040303	神品轻灵皮靴+3	24	4	3	4	280000	42	轻巧灵便的靴子	1100	0	0	168	0	3	18	15	9	-300	0	6	5	2	10	10	10	2	10	10	10	115	60
1130040304	神品轻灵皮靴+4	24	4	3	4	280000	42	轻巧灵便的靴子	1200	0	0	168	0	3	21	18	10	-300	0	7	6	2	10	10	10	2	10	10	10	120	60
1130040305	神品轻灵皮靴+5	24	5	3	4	280000	42	轻巧灵便的靴子	1300	0	0	168	0	3	24	21	11	-300	0	8	7	2	10	10	10	2	10	10	10	125	60
1130040306	神品轻灵皮靴+6	24	5	3	4	280000	42	轻巧灵便的靴子	1400	0	0	168	0	3	27	24	12	-300	0	9	8	2	10	10	10	2	10	10	10	130	60
1130040307	神品轻灵皮靴+7	24	5	3	4	280000	42	轻巧灵便的靴子	1500	0	0	168	0	3	30	27	13	-300	0	10	9	2	10	10	10	2	10	10	10	135	60
1130040308	神品轻灵皮靴+8	24	6	3	4	280000	42	轻巧灵便的靴子	1600	0	0	168	0	3	33	30	14	-300	0	11	10	2	10	10	10	2	10	10	10	140	60
1130040309	神品轻灵皮靴+9	24	6	3	4	280000	42	轻巧灵便的靴子	1700	0	0	168	0	3	36	33	15	-300	0	12	11	2	10	10	10	2	10	10	10	145	60
1130040310	神品轻灵皮靴+10	24	7	3	4	280000	42	轻巧灵便的靴子	0	0	0	168	0	3	39	36	16	-300	0	13	12	2	10	10	10	2	10	10	10	150	60
1130000400	射手皮靴	36	0	4	0	1687	0	神射手专用靴子	1200	0	0	0	0	3	13	9	10	-300	0	0	0	0	0	0	0	0	0	0	0	0	0
1130000401	射手皮靴+1	36	0	4	0	1687	0	神射手专用靴子	1300	0	0	0	0	3	16	12	11	-300	0	0	0	0	0	0	0	0	0	0	0	0	0
1130000402	射手皮靴+2	36	0	4	0	1687	0	神射手专用靴子	1400	0	3000	0	0	3	19	15	12	-300	0	0	0	0	0	0	0	0	0	0	0	0	0
1130000403	射手皮靴+3	36	0	4	0	1687	0	神射手专用靴子	1500	10000	3000	0	0	3	22	18	13	-300	0	0	0	0	0	0	0	0	0	0	0	0	0
1130000404	射手皮靴+4	36	0	4	0	1687	0	神射手专用靴子	1600	10000	3000	0	0	3	25	21	14	-300	0	0	0	0	0	0	0	0	0	0	0	0	0
1130000405	射手皮靴+5	36	0	4	0	1687	0	神射手专用靴子	1700	10000	3000	0	0	3	28	24	15	-300	0	0	0	0	0	0	0	0	0	0	0	0	0
1130000406	射手皮靴+6	36	0	4	0	1687	0	神射手专用靴子	1800	10000	3000	0	0	3	31	27	16	-300	0	0	0	0	0	0	0	0	0	0	0	0	0
1130000407	射手皮靴+7	36	0	4	0	1687	0	神射手专用靴子	1900	10000	3000	0	0	3	34	30	17	-300	0	0	0	0	0	0	0	0	0	0	0	0	0
1130000408	射手皮靴+8	36	0	4	0	1687	0	神射手专用靴子	2000	10000	3000	0	0	3	37	33	18	-300	0	0	0	0	0	0	0	0	0	0	0	0	0
1130000409	射手皮靴+9	36	0	4	0	1687	0	神射手专用靴子	2100	10000	3000	0	0	3	40	36	19	-300	0	0	0	0	0	0	0	0	0	0	0	0	0
1130000410	射手皮靴+10	36	0	4	0	1687	0	神射手专用靴子	0	10000	3000	0	0	3	43	39	20	-300	0	0	0	0	0	0	0	0	0	0	0	0	0
1130010400	精品射手皮靴	36	0	4	1	1687	0	神射手专用靴子	1200	0	0	0	0	3	13	9	10	-300	0	4	3	0	0	0	0	0	0	0	0	0	0
1130010401	精品射手皮靴+1	36	0	4	1	1687	0	神射手专用靴子	1300	0	0	0	0	3	16	12	11	-300	0	5	4	0	0	0	0	0	0	0	0	0	0
1130010402	精品射手皮靴+2	36	0	4	1	1687	0	神射手专用靴子	1400	0	0	0	0	3	19	15	12	-300	0	6	5	0	0	0	0	0	0	0	0	0	0
1130010403	精品射手皮靴+3	36	1	4	1	1687	0	神射手专用靴子	1500	0	0	0	0	3	22	18	13	-300	0	7	6	0	0	0	0	0	0	0	0	0	0
1130010404	精品射手皮靴+4	36	1	4	1	1687	0	神射手专用靴子	1600	5000	4000	0	0	3	25	21	14	-300	0	8	7	0	0	0	0	0	0	0	0	0	0
1130010405	精品射手皮靴+5	36	2	4	1	1687	0	神射手专用靴子	1700	6000	4000	0	0	3	28	24	15	-300	0	9	8	0	0	0	0	0	0	0	0	0	0
1130010406	精品射手皮靴+6	36	2	4	1	1687	0	神射手专用靴子	1800	7000	4000	0	0	3	31	27	16	-300	0	10	9	0	0	0	0	0	0	0	0	0	0
1130010407	精品射手皮靴+7	36	2	4	1	1687	0	神射手专用靴子	1900	8000	4000	0	0	3	34	30	17	-300	0	11	10	0	0	0	0	0	0	0	0	0	0
1130010408	精品射手皮靴+8	36	3	4	1	1687	0	神射手专用靴子	2000	9000	4000	0	0	3	37	33	18	-300	0	12	11	0	0	0	0	0	0	0	0	0	0
1130010409	精品射手皮靴+9	36	3	4	1	1687	0	神射手专用靴子	2100	10000	4000	0	0	3	40	36	19	-300	0	13	12	0	0	0	0	0	0	0	0	0	0
1130010410	精品射手皮靴+10	36	4	4	1	1687	0	神射手专用靴子	0	10000	4000	0	0	3	43	39	20	-300	0	14	13	0	0	0	0	0	0	0	0	0	0
1130020400	极品射手皮靴	36	0	4	2	1687	0	神射手专用靴子	1200	0	0	0	0	3	13	9	10	-300	0	4	3	2	0	0	0	2	0	0	0	0	0
1130020401	极品射手皮靴+1	36	0	4	2	1687	0	神射手专用靴子	1300	0	0	0	0	3	16	12	11	-300	0	5	4	2	0	0	0	2	0	0	0	0	0
1130020402	极品射手皮靴+2	36	0	4	2	1687	0	神射手专用靴子	1400	0	0	0	0	3	19	15	12	-300	0	6	5	2	0	0	0	2	0	0	0	0	0
1130020403	极品射手皮靴+3	36	2	4	2	1687	0	神射手专用靴子	1500	0	0	0	0	3	22	18	13	-300	0	7	6	2	0	0	0	2	0	0	0	0	0
1130020404	极品射手皮靴+4	36	2	4	2	1687	0	神射手专用靴子	1600	0	0	0	0	3	25	21	14	-300	0	8	7	2	0	0	0	2	0	0	0	0	0
1130020405	极品射手皮靴+5	36	3	4	2	1687	0	神射手专用靴子	1700	1000	5000	0	0	3	28	24	15	-300	0	9	8	2	0	0	0	2	0	0	0	0	0
1130020406	极品射手皮靴+6	36	3	4	2	1687	0	神射手专用靴子	1800	2000	5000	0	0	3	31	27	16	-300	0	10	9	2	0	0	0	2	0	0	0	0	0
1130020407	极品射手皮靴+7	36	3	4	2	1687	0	神射手专用靴子	1900	3500	5000	0	0	3	34	30	17	-300	0	11	10	2	0	0	0	2	0	0	0	0	0
1130020408	极品射手皮靴+8	36	4	4	2	1687	0	神射手专用靴子	2000	5000	5000	0	0	3	37	33	18	-300	0	12	11	2	0	0	0	2	0	0	0	0	0
1130020409	极品射手皮靴+9	36	4	4	2	1687	0	神射手专用靴子	2100	7000	5000	0	0	3	40	36	19	-300	0	13	12	2	0	0	0	2	0	0	0	0	0
1130020410	极品射手皮靴+10	36	5	4	2	1687	0	神射手专用靴子	0	10000	5000	0	0	3	43	39	20	-300	0	14	13	2	0	0	0	2	0	0	0	0	0
1130030400	完美射手皮靴	36	0	4	3	420000	32	神射手专用靴子	1200	0	0	100	0	3	13	9	10	-300	0	4	3	2	0	10	0	2	0	0	10	150	90
1130030401	完美射手皮靴+1	36	0	4	3	420000	32	神射手专用靴子	1300	0	0	100	0	3	16	12	11	-300	0	5	4	2	0	10	0	2	0	0	10	155	90
1130030402	完美射手皮靴+2	36	0	4	3	420000	32	神射手专用靴子	1400	0	0	100	0	3	19	15	12	-300	0	6	5	2	0	10	0	2	0	0	10	160	90
1130030403	完美射手皮靴+3	36	3	4	3	420000	32	神射手专用靴子	1500	0	0	100	0	3	22	18	13	-300	0	7	6	2	0	10	0	2	0	0	10	165	90
1130030404	完美射手皮靴+4	36	3	4	3	420000	32	神射手专用靴子	1600	0	0	100	0	3	25	21	14	-300	0	8	7	2	0	10	0	2	0	0	10	170	90
1130030405	完美射手皮靴+5	36	4	4	3	420000	32	神射手专用靴子	1700	0	0	100	0	3	28	24	15	-300	0	9	8	2	0	10	0	2	0	0	10	175	90
1130030406	完美射手皮靴+6	36	4	4	3	420000	32	神射手专用靴子	1800	0	0	100	0	3	31	27	16	-300	0	10	9	2	0	10	0	2	0	0	10	180	90
1130030407	完美射手皮靴+7	36	4	4	3	420000	32	神射手专用靴子	1900	1000	6000	100	0	3	34	30	17	-300	0	11	10	2	0	10	0	2	0	0	10	185	90
1130030408	完美射手皮靴+8	36	5	4	3	420000	32	神射手专用靴子	2000	2000	6000	100	0	3	37	33	18	-300	0	12	11	2	0	10	0	2	0	0	10	190	90
1130030409	完美射手皮靴+9	36	5	4	3	420000	32	神射手专用靴子	2100	3000	6000	100	0	3	40	36	19	-300	0	13	12	2	0	10	0	2	0	0	10	195	90
1130030410	完美射手皮靴+10	36	6	4	3	420000	32	神射手专用靴子	0	4000	6000	100	0	3	43	39	20	-300	0	14	13	2	0	10	0	2	0	0	10	200	90
1130040400	神品射手皮靴	36	0	4	4	700000	53	神射手专用靴子	1200	0	0	168	0	3	13	9	10	-300	0	4	3	2	10	10	10	2	10	10	10	150	90
1130040401	神品射手皮靴+1	36	0	4	4	700000	53	神射手专用靴子	1300	0	0	168	0	3	16	12	11	-300	0	5	4	2	10	10	10	2	10	10	10	155	90
1130040402	神品射手皮靴+2	36	0	4	4	700000	53	神射手专用靴子	1400	0	0	168	0	3	19	15	12	-300	0	6	5	2	10	10	10	2	10	10	10	160	90
1130040403	神品射手皮靴+3	36	4	4	4	700000	53	神射手专用靴子	1500	0	0	168	0	3	22	18	13	-300	0	7	6	2	10	10	10	2	10	10	10	165	90
1130040404	神品射手皮靴+4	36	4	4	4	700000	53	神射手专用靴子	1600	0	0	168	0	3	25	21	14	-300	0	8	7	2	10	10	10	2	10	10	10	170	90
1130040405	神品射手皮靴+5	36	5	4	4	700000	53	神射手专用靴子	1700	0	0	168	0	3	28	24	15	-300	0	9	8	2	10	10	10	2	10	10	10	175	90
1130040406	神品射手皮靴+6	36	5	4	4	700000	53	神射手专用靴子	1800	0	0	168	0	3	31	27	16	-300	0	10	9	2	10	10	10	2	10	10	10	180	90
1130040407	神品射手皮靴+7	36	5	4	4	700000	53	神射手专用靴子	1900	0	0	168	0	3	34	30	17	-300	0	11	10	2	10	10	10	2	10	10	10	185	90
1130040408	神品射手皮靴+8	36	6	4	4	700000	53	神射手专用靴子	2000	0	0	168	0	3	37	33	18	-300	0	12	11	2	10	10	10	2	10	10	10	190	90
1130040409	神品射手皮靴+9	36	6	4	4	700000	53	神射手专用靴子	2100	0	0	168	0	3	40	36	19	-300	0	13	12	2	10	10	10	2	10	10	10	195	90
1130040410	神品射手皮靴+10	36	7	4	4	700000	53	神射手专用靴子	0	0	0	168	0	3	43	39	20	-300	0	14	13	2	10	10	10	2	10	10	10	200	90
1130000500	宁静皮靴	48	0	5	0	2109	0	给人宁静感觉的靴子	1600	0	0	0	0	3	19	12	14	-300	0	0	0	0	0	0	0	0	0	0	0	0	0
1130000501	宁静皮靴+1	48	0	5	0	2109	0	给人宁静感觉的靴子	1800	0	0	0	0	3	22	15	15	-300	0	0	0	0	0	0	0	0	0	0	0	0	0
1130000502	宁静皮靴+2	48	0	5	0	2109	0	给人宁静感觉的靴子	2000	0	0	0	0	3	25	18	16	-300	0	0	0	0	0	0	0	0	0	0	0	0	0
1130000503	宁静皮靴+3	48	0	5	0	2109	0	给人宁静感觉的靴子	2200	9000	5000	0	0	3	28	21	17	-300	0	0	0	0	0	0	0	0	0	0	0	0	0
1130000504	宁静皮靴+4	48	0	5	0	2109	0	给人宁静感觉的靴子	2400	10000	5000	0	0	3	31	24	18	-300	0	0	0	0	0	0	0	0	0	0	0	0	0
1130000505	宁静皮靴+5	48	0	5	0	2109	0	给人宁静感觉的靴子	2600	10000	5000	0	0	3	34	27	19	-300	0	0	0	0	0	0	0	0	0	0	0	0	0
1130000506	宁静皮靴+6	48	0	5	0	2109	0	给人宁静感觉的靴子	2800	10000	5000	0	0	3	37	30	20	-300	0	0	0	0	0	0	0	0	0	0	0	0	0
1130000507	宁静皮靴+7	48	0	5	0	2109	0	给人宁静感觉的靴子	3000	10000	5000	0	0	3	40	33	21	-300	0	0	0	0	0	0	0	0	0	0	0	0	0
1130000508	宁静皮靴+8	48	0	5	0	2109	0	给人宁静感觉的靴子	3200	10000	5000	0	0	3	43	36	22	-300	0	0	0	0	0	0	0	0	0	0	0	0	0
1130000509	宁静皮靴+9	48	0	5	0	2109	0	给人宁静感觉的靴子	3400	10000	5000	0	0	3	46	39	23	-300	0	0	0	0	0	0	0	0	0	0	0	0	0
1130000510	宁静皮靴+10	48	0	5	0	2109	0	给人宁静感觉的靴子	0	10000	5000	0	0	3	49	42	24	-300	0	0	0	0	0	0	0	0	0	0	0	0	0
1130010500	精品宁静皮靴	48	0	5	1	2109	0	给人宁静感觉的靴子	1600	0	0	0	0	3	19	12	14	-300	0	6	4	0	0	0	0	0	0	0	0	0	0
1130010501	精品宁静皮靴+1	48	0	5	1	2109	0	给人宁静感觉的靴子	1800	0	0	0	0	3	22	15	15	-300	0	7	5	0	0	0	0	0	0	0	0	0	0
1130010502	精品宁静皮靴+2	48	0	5	1	2109	0	给人宁静感觉的靴子	2000	0	0	0	0	3	25	18	16	-300	0	8	6	0	0	0	0	0	0	0	0	0	0
1130010503	精品宁静皮靴+3	48	1	5	1	2109	0	给人宁静感觉的靴子	2200	0	0	0	0	3	28	21	17	-300	0	9	7	0	0	0	0	0	0	0	0	0	0
1130010504	精品宁静皮靴+4	48	1	5	1	2109	0	给人宁静感觉的靴子	2400	1000	6000	0	0	3	31	24	18	-300	0	10	8	0	0	0	0	0	0	0	0	0	0
1130010505	精品宁静皮靴+5	48	2	5	1	2109	0	给人宁静感觉的靴子	2600	3000	6000	0	0	3	34	27	19	-300	0	11	9	0	0	0	0	0	0	0	0	0	0
1130010506	精品宁静皮靴+6	48	2	5	1	2109	0	给人宁静感觉的靴子	2800	5000	6000	0	0	3	37	30	20	-300	0	12	10	0	0	0	0	0	0	0	0	0	0
1130010507	精品宁静皮靴+7	48	2	5	1	2109	0	给人宁静感觉的靴子	3000	7000	6000	0	0	3	40	33	21	-300	0	13	11	0	0	0	0	0	0	0	0	0	0
1130010508	精品宁静皮靴+8	48	3	5	1	2109	0	给人宁静感觉的靴子	3200	8000	6000	0	0	3	43	36	22	-300	0	14	12	0	0	0	0	0	0	0	0	0	0
1130010509	精品宁静皮靴+9	48	3	5	1	2109	0	给人宁静感觉的靴子	3400	9000	6000	0	0	3	46	39	23	-300	0	15	13	0	0	0	0	0	0	0	0	0	0
1130010510	精品宁静皮靴+10	48	4	5	1	2109	0	给人宁静感觉的靴子	0	10000	6000	0	0	3	49	42	24	-300	0	16	14	0	0	0	0	0	0	0	0	0	0
1130020500	极品宁静皮靴	48	0	5	2	2109	0	给人宁静感觉的靴子	1600	0	0	0	0	3	19	12	14	-300	0	6	4	2	0	0	0	2	0	0	0	0	0
1130020501	极品宁静皮靴+1	48	0	5	2	2109	0	给人宁静感觉的靴子	1800	0	0	0	0	3	22	15	15	-300	0	7	5	2	0	0	0	2	0	0	0	0	0
1130020502	极品宁静皮靴+2	48	0	5	2	2109	0	给人宁静感觉的靴子	2000	0	0	0	0	3	25	18	16	-300	0	8	6	2	0	0	0	2	0	0	0	0	0
1130020503	极品宁静皮靴+3	48	2	5	2	2109	0	给人宁静感觉的靴子	2200	0	0	0	0	3	28	21	17	-300	0	9	7	2	0	0	0	2	0	0	0	0	0
1130020504	极品宁静皮靴+4	48	2	5	2	2109	0	给人宁静感觉的靴子	2400	0	0	0	0	3	31	24	18	-300	0	10	8	2	0	0	0	2	0	0	0	0	0
1130020505	极品宁静皮靴+5	48	3	5	2	2109	0	给人宁静感觉的靴子	2600	1000	7000	0	0	3	34	27	19	-300	0	11	9	2	0	0	0	2	0	0	0	0	0
1130020506	极品宁静皮靴+6	48	3	5	2	2109	0	给人宁静感觉的靴子	2800	2000	7000	0	0	3	37	30	20	-300	0	12	10	2	0	0	0	2	0	0	0	0	0
1130020507	极品宁静皮靴+7	48	3	5	2	2109	0	给人宁静感觉的靴子	3000	3000	7000	0	0	3	40	33	21	-300	0	13	11	2	0	0	0	2	0	0	0	0	0
1130020508	极品宁静皮靴+8	48	4	5	2	2109	0	给人宁静感觉的靴子	3200	4000	7000	0	0	3	43	36	22	-300	0	14	12	2	0	0	0	2	0	0	0	0	0
1130020509	极品宁静皮靴+9	48	4	5	2	2109	0	给人宁静感觉的靴子	3400	5000	7000	0	0	3	46	39	23	-300	0	15	13	2	0	0	0	2	0	0	0	0	0
1130020510	极品宁静皮靴+10	48	5	5	2	2109	0	给人宁静感觉的靴子	0	6000	7000	0	0	3	49	42	24	-300	0	16	14	2	0	0	0	2	0	0	0	0	0
1130030500	完美宁静皮靴	48	0	5	3	672000	37	给人宁静感觉的靴子	1600	0	0	134	0	3	19	12	14	-300	0	6	4	2	0	10	0	2	0	0	10	200	120
1130030501	完美宁静皮靴+1	48	0	5	3	672000	37	给人宁静感觉的靴子	1800	0	0	134	0	3	22	15	15	-300	0	7	5	2	0	10	0	2	0	0	10	205	120
1130030502	完美宁静皮靴+2	48	0	5	3	672000	37	给人宁静感觉的靴子	2000	0	0	134	0	3	25	18	16	-300	0	8	6	2	0	10	0	2	0	0	10	210	120
1130030503	完美宁静皮靴+3	48	3	5	3	672000	37	给人宁静感觉的靴子	2200	0	0	134	0	3	28	21	17	-300	0	9	7	2	0	10	0	2	0	0	10	215	120
1130030504	完美宁静皮靴+4	48	3	5	3	672000	37	给人宁静感觉的靴子	2400	0	0	134	0	3	31	24	18	-300	0	10	8	2	0	10	0	2	0	0	10	220	120
1130030505	完美宁静皮靴+5	48	4	5	3	672000	37	给人宁静感觉的靴子	2600	0	0	134	0	3	34	27	19	-300	0	11	9	2	0	10	0	2	0	0	10	225	120
1130030506	完美宁静皮靴+6	48	4	5	3	672000	37	给人宁静感觉的靴子	2800	0	0	134	0	3	37	30	20	-300	0	12	10	2	0	10	0	2	0	0	10	230	120
1130030507	完美宁静皮靴+7	48	4	5	3	672000	37	给人宁静感觉的靴子	3000	100	8000	134	0	3	40	33	21	-300	0	13	11	2	0	10	0	2	0	0	10	235	120
1130030508	完美宁静皮靴+8	48	5	5	3	672000	37	给人宁静感觉的靴子	3200	600	8000	134	0	3	43	36	22	-300	0	14	12	2	0	10	0	2	0	0	10	240	120
1130030509	完美宁静皮靴+9	48	5	5	3	672000	37	给人宁静感觉的靴子	3400	1100	8000	134	0	3	46	39	23	-300	0	15	13	2	0	10	0	2	0	0	10	245	120
1130030510	完美宁静皮靴+10	48	6	5	3	672000	37	给人宁静感觉的靴子	0	1600	8000	134	0	3	49	42	24	-300	0	16	14	2	0	10	0	2	0	0	10	250	120
1130040500	神品宁静皮靴	48	0	5	4	1120000	62	给人宁静感觉的靴子	1600	0	0	224	0	3	19	12	14	-300	0	6	4	2	10	10	10	2	10	10	10	200	120
1130040501	神品宁静皮靴+1	48	0	5	4	1120000	62	给人宁静感觉的靴子	1800	0	0	224	0	3	22	15	15	-300	0	7	5	2	10	10	10	2	10	10	10	205	120
1130040502	神品宁静皮靴+2	48	0	5	4	1120000	62	给人宁静感觉的靴子	2000	0	0	224	0	3	25	18	16	-300	0	8	6	2	10	10	10	2	10	10	10	210	120
1130040503	神品宁静皮靴+3	48	4	5	4	1120000	62	给人宁静感觉的靴子	2200	0	0	224	0	3	28	21	17	-300	0	9	7	2	10	10	10	2	10	10	10	215	120
1130040504	神品宁静皮靴+4	48	4	5	4	1120000	62	给人宁静感觉的靴子	2400	0	0	224	0	3	31	24	18	-300	0	10	8	2	10	10	10	2	10	10	10	220	120
1130040505	神品宁静皮靴+5	48	5	5	4	1120000	62	给人宁静感觉的靴子	2600	0	0	224	0	3	34	27	19	-300	0	11	9	2	10	10	10	2	10	10	10	225	120
1130040506	神品宁静皮靴+6	48	5	5	4	1120000	62	给人宁静感觉的靴子	2800	0	0	224	0	3	37	30	20	-300	0	12	10	2	10	10	10	2	10	10	10	230	120
1130040507	神品宁静皮靴+7	48	5	5	4	1120000	62	给人宁静感觉的靴子	3000	0	0	224	0	3	40	33	21	-300	0	13	11	2	10	10	10	2	10	10	10	235	120
1130040508	神品宁静皮靴+8	48	6	5	4	1120000	62	给人宁静感觉的靴子	3200	0	0	224	0	3	43	36	22	-300	0	14	12	2	10	10	10	2	10	10	10	240	120
1130040509	神品宁静皮靴+9	48	6	5	4	1120000	62	给人宁静感觉的靴子	3400	0	0	224	0	3	46	39	23	-300	0	15	13	2	10	10	10	2	10	10	10	245	120
1130040510	神品宁静皮靴+10	48	7	5	4	1120000	62	给人宁静感觉的靴子	0	0	0	224	0	3	49	42	24	-300	0	16	14	2	10	10	10	2	10	10	10	250	120
1130000600	溯雪皮靴	60	0	6	0	3163	0	洁白的靴子，犹如溯雪	2200	0	0	0	0	3	25	15	16	-300	0	0	0	0	0	0	0	0	0	0	0	0	0
1130000601	溯雪皮靴+1	60	0	6	0	3163	0	洁白的靴子，犹如溯雪	2400	0	0	0	0	3	29	19	17	-300	0	0	0	0	0	0	0	0	0	0	0	0	0
1130000602	溯雪皮靴+2	60	0	6	0	3163	0	洁白的靴子，犹如溯雪	2600	0	0	0	0	3	33	23	18	-300	0	0	0	0	0	0	0	0	0	0	0	0	0
1130000603	溯雪皮靴+3	60	0	6	0	3163	0	洁白的靴子，犹如溯雪	2800	9000	7000	0	0	3	37	27	19	-300	0	0	0	0	0	0	0	0	0	0	0	0	0
1130000604	溯雪皮靴+4	60	0	6	0	3163	0	洁白的靴子，犹如溯雪	3000	10000	7000	0	0	3	41	31	20	-300	0	0	0	0	0	0	0	0	0	0	0	0	0
1130000605	溯雪皮靴+5	60	0	6	0	3163	0	洁白的靴子，犹如溯雪	3200	10000	7000	0	0	3	45	35	21	-300	0	0	0	0	0	0	0	0	0	0	0	0	0
1130000606	溯雪皮靴+6	60	0	6	0	3163	0	洁白的靴子，犹如溯雪	3400	10000	7000	0	0	3	49	39	22	-300	0	0	0	0	0	0	0	0	0	0	0	0	0
1130000607	溯雪皮靴+7	60	0	6	0	3163	0	洁白的靴子，犹如溯雪	3600	10000	7000	0	0	3	53	43	23	-300	0	0	0	0	0	0	0	0	0	0	0	0	0
1130000608	溯雪皮靴+8	60	0	6	0	3163	0	洁白的靴子，犹如溯雪	3800	10000	7000	0	0	3	57	47	24	-300	0	0	0	0	0	0	0	0	0	0	0	0	0
1130000609	溯雪皮靴+9	60	0	6	0	3163	0	洁白的靴子，犹如溯雪	4000	10000	7000	0	0	3	61	51	25	-300	0	0	0	0	0	0	0	0	0	0	0	0	0
1130000610	溯雪皮靴+10	60	0	6	0	3163	0	洁白的靴子，犹如溯雪	0	10000	7000	0	0	3	65	55	26	-300	0	0	0	0	0	0	0	0	0	0	0	0	0
1130010600	精品溯雪皮靴	60	0	6	1	3163	0	洁白的靴子，犹如溯雪	2200	0	0	0	0	3	25	15	16	-300	0	8	5	0	0	0	0	0	0	0	0	0	0
1130010601	精品溯雪皮靴+1	60	0	6	1	3163	0	洁白的靴子，犹如溯雪	2400	0	0	0	0	3	29	19	17	-300	0	9	6	0	0	0	0	0	0	0	0	0	0
1130010602	精品溯雪皮靴+2	60	0	6	1	3163	0	洁白的靴子，犹如溯雪	2600	0	0	0	0	3	33	23	18	-300	0	11	7	0	0	0	0	0	0	0	0	0	0
1130010603	精品溯雪皮靴+3	60	1	6	1	3163	0	洁白的靴子，犹如溯雪	2800	0	0	0	0	3	37	27	19	-300	0	12	9	0	0	0	0	0	0	0	0	0	0
1130010604	精品溯雪皮靴+4	60	1	6	1	3163	0	洁白的靴子，犹如溯雪	3000	1000	9000	0	0	3	41	31	20	-300	0	13	10	0	0	0	0	0	0	0	0	0	0
1130010605	精品溯雪皮靴+5	60	2	6	1	3163	0	洁白的靴子，犹如溯雪	3200	3000	9000	0	0	3	45	35	21	-300	0	15	11	0	0	0	0	0	0	0	0	0	0
1130010606	精品溯雪皮靴+6	60	2	6	1	3163	0	洁白的靴子，犹如溯雪	3400	5000	9000	0	0	3	49	39	22	-300	0	16	13	0	0	0	0	0	0	0	0	0	0
1130010607	精品溯雪皮靴+7	60	2	6	1	3163	0	洁白的靴子，犹如溯雪	3600	7000	9000	0	0	3	53	43	23	-300	0	17	14	0	0	0	0	0	0	0	0	0	0
1130010608	精品溯雪皮靴+8	60	3	6	1	3163	0	洁白的靴子，犹如溯雪	3800	8000	9000	0	0	3	57	47	24	-300	0	19	15	0	0	0	0	0	0	0	0	0	0
1130010609	精品溯雪皮靴+9	60	3	6	1	3163	0	洁白的靴子，犹如溯雪	4000	9000	9000	0	0	3	61	51	25	-300	0	20	17	0	0	0	0	0	0	0	0	0	0
1130010610	精品溯雪皮靴+10	60	4	6	1	3163	0	洁白的靴子，犹如溯雪	0	10000	9000	0	0	3	65	55	26	-300	0	21	18	0	0	0	0	0	0	0	0	0	0
1130020600	极品溯雪皮靴	60	0	6	2	3163	0	洁白的靴子，犹如溯雪	2200	0	0	0	0	3	25	15	16	-300	0	8	5	2	0	0	0	2	0	0	0	0	0
1130020601	极品溯雪皮靴+1	60	0	6	2	3163	0	洁白的靴子，犹如溯雪	2400	0	0	0	0	3	29	19	17	-300	0	9	6	2	0	0	0	2	0	0	0	0	0
1130020602	极品溯雪皮靴+2	60	0	6	2	3163	0	洁白的靴子，犹如溯雪	2600	0	0	0	0	3	33	23	18	-300	0	11	7	2	0	0	0	2	0	0	0	0	0
1130020603	极品溯雪皮靴+3	60	2	6	2	3163	0	洁白的靴子，犹如溯雪	2800	0	0	0	0	3	37	27	19	-300	0	12	9	2	0	0	0	2	0	0	0	0	0
1130020604	极品溯雪皮靴+4	60	2	6	2	3163	0	洁白的靴子，犹如溯雪	3000	0	0	0	0	3	41	31	20	-300	0	13	10	2	0	0	0	2	0	0	0	0	0
1130020605	极品溯雪皮靴+5	60	3	6	2	3163	0	洁白的靴子，犹如溯雪	3200	1000	11000	0	0	3	45	35	21	-300	0	15	11	2	0	0	0	2	0	0	0	0	0
1130020606	极品溯雪皮靴+6	60	3	6	2	3163	0	洁白的靴子，犹如溯雪	3400	2000	11000	0	0	3	49	39	22	-300	0	16	13	2	0	0	0	2	0	0	0	0	0
1130020607	极品溯雪皮靴+7	60	3	6	2	3163	0	洁白的靴子，犹如溯雪	3600	3000	11000	0	0	3	53	43	23	-300	0	17	14	2	0	0	0	2	0	0	0	0	0
1130020608	极品溯雪皮靴+8	60	4	6	2	3163	0	洁白的靴子，犹如溯雪	3800	4000	11000	0	0	3	57	47	24	-300	0	19	15	2	0	0	0	2	0	0	0	0	0
1130020609	极品溯雪皮靴+9	60	4	6	2	3163	0	洁白的靴子，犹如溯雪	4000	5000	11000	0	0	3	61	51	25	-300	0	20	17	2	0	0	0	2	0	0	0	0	0
1130020610	极品溯雪皮靴+10	60	5	6	2	3163	0	洁白的靴子，犹如溯雪	0	6000	11000	0	0	3	65	55	26	-300	0	21	18	2	0	0	0	2	0	0	0	0	0
1130030600	完美溯雪皮靴	60	0	6	3	1008000	45	洁白的靴子，犹如溯雪	2200	0	0	201	0	3	25	15	16	-300	0	8	5	2	0	10	0	2	0	0	10	250	150
1130030601	完美溯雪皮靴+1	60	0	6	3	1008000	45	洁白的靴子，犹如溯雪	2400	0	0	201	0	3	29	19	17	-300	0	9	6	2	0	10	0	2	0	0	10	255	150
1130030602	完美溯雪皮靴+2	60	0	6	3	1008000	45	洁白的靴子，犹如溯雪	2600	0	0	201	0	3	33	23	18	-300	0	11	7	2	0	10	0	2	0	0	10	260	150
1130030603	完美溯雪皮靴+3	60	3	6	3	1008000	45	洁白的靴子，犹如溯雪	2800	0	0	201	0	3	37	27	19	-300	0	12	9	2	0	10	0	2	0	0	10	265	150
1130030604	完美溯雪皮靴+4	60	3	6	3	1008000	45	洁白的靴子，犹如溯雪	3000	0	0	201	0	3	41	31	20	-300	0	13	10	2	0	10	0	2	0	0	10	270	150
1130030605	完美溯雪皮靴+5	60	4	6	3	1008000	45	洁白的靴子，犹如溯雪	3200	0	0	201	0	3	45	35	21	-300	0	15	11	2	0	10	0	2	0	0	10	275	150
1130030606	完美溯雪皮靴+6	60	4	6	3	1008000	45	洁白的靴子，犹如溯雪	3400	0	0	201	0	3	49	39	22	-300	0	16	13	2	0	10	0	2	0	0	10	280	150
1130030607	完美溯雪皮靴+7	60	4	6	3	1008000	45	洁白的靴子，犹如溯雪	3600	100	13000	201	0	3	53	43	23	-300	0	17	14	2	0	10	0	2	0	0	10	285	150
1130030608	完美溯雪皮靴+8	60	5	6	3	1008000	45	洁白的靴子，犹如溯雪	3800	200	13000	201	0	3	57	47	24	-300	0	19	15	2	0	10	0	2	0	0	10	290	150
1130030609	完美溯雪皮靴+9	60	5	6	3	1008000	45	洁白的靴子，犹如溯雪	4000	300	13000	201	0	3	61	51	25	-300	0	20	17	2	0	10	0	2	0	0	10	295	150
1130030610	完美溯雪皮靴+10	60	6	6	3	1008000	45	洁白的靴子，犹如溯雪	0	400	13000	201	0	3	65	55	26	-300	0	21	18	2	0	10	0	2	0	0	10	300	150
1130040600	神品溯雪皮靴	60	0	6	4	1680000	76	洁白的靴子，犹如溯雪	2200	0	0	336	0	3	25	15	16	-300	0	8	5	2	10	10	10	2	10	10	10	250	150
1130040601	神品溯雪皮靴+1	60	0	6	4	1680000	76	洁白的靴子，犹如溯雪	2400	0	0	336	0	3	29	19	17	-300	0	9	6	2	10	10	10	2	10	10	10	255	150
1130040602	神品溯雪皮靴+2	60	0	6	4	1680000	76	洁白的靴子，犹如溯雪	2600	0	0	336	0	3	33	23	18	-300	0	11	7	2	10	10	10	2	10	10	10	260	150
1130040603	神品溯雪皮靴+3	60	4	6	4	1680000	76	洁白的靴子，犹如溯雪	2800	0	0	336	0	3	37	27	19	-300	0	12	9	2	10	10	10	2	10	10	10	265	150
1130040604	神品溯雪皮靴+4	60	4	6	4	1680000	76	洁白的靴子，犹如溯雪	3000	0	0	336	0	3	41	31	20	-300	0	13	10	2	10	10	10	2	10	10	10	270	150
1130040605	神品溯雪皮靴+5	60	5	6	4	1680000	76	洁白的靴子，犹如溯雪	3200	0	0	336	0	3	45	35	21	-300	0	15	11	2	10	10	10	2	10	10	10	275	150
1130040606	神品溯雪皮靴+6	60	5	6	4	1680000	76	洁白的靴子，犹如溯雪	3400	0	0	336	0	3	49	39	22	-300	0	16	13	2	10	10	10	2	10	10	10	280	150
1130040607	神品溯雪皮靴+7	60	5	6	4	1680000	76	洁白的靴子，犹如溯雪	3600	0	0	336	0	3	53	43	23	-300	0	17	14	2	10	10	10	2	10	10	10	285	150
1130040608	神品溯雪皮靴+8	60	6	6	4	1680000	76	洁白的靴子，犹如溯雪	3800	0	0	336	0	3	57	47	24	-300	0	19	15	2	10	10	10	2	10	10	10	290	150
1130040609	神品溯雪皮靴+9	60	6	6	4	1680000	76	洁白的靴子，犹如溯雪	4000	0	0	336	0	3	61	51	25	-300	0	20	17	2	10	10	10	2	10	10	10	295	150
1130040610	神品溯雪皮靴+10	60	7	6	4	1680000	76	洁白的靴子，犹如溯雪	0	0	0	336	0	3	65	55	26	-300	0	21	18	2	10	10	10	2	10	10	10	300	150
1130000700	天鹰皮靴	72	0	7	0	3796	0	有着天鹰徽章的军队统一靴子	3000	0	0	0	0	3	31	18	20	-300	0	0	0	0	0	0	0	0	0	0	0	0	0
1130000701	天鹰皮靴+1	72	0	7	0	3796	0	有着天鹰徽章的军队统一靴子	3500	0	0	0	0	3	35	22	21	-300	0	0	0	0	0	0	0	0	0	0	0	0	0
1130000702	天鹰皮靴+2	72	0	7	0	3796	0	有着天鹰徽章的军队统一靴子	4000	0	0	0	0	3	39	26	22	-300	0	0	0	0	0	0	0	0	0	0	0	0	0
1130000703	天鹰皮靴+3	72	0	7	0	3796	0	有着天鹰徽章的军队统一靴子	4500	7500	11000	0	0	3	43	30	23	-300	0	0	0	0	0	0	0	0	0	0	0	0	0
1130000704	天鹰皮靴+4	72	0	7	0	3796	0	有着天鹰徽章的军队统一靴子	5000	8500	11000	0	0	3	47	34	24	-300	0	0	0	0	0	0	0	0	0	0	0	0	0
1130000705	天鹰皮靴+5	72	0	7	0	3796	0	有着天鹰徽章的军队统一靴子	5500	9500	11000	0	0	3	51	38	25	-300	0	0	0	0	0	0	0	0	0	0	0	0	0
1130000706	天鹰皮靴+6	72	0	7	0	3796	0	有着天鹰徽章的军队统一靴子	6000	10000	11000	0	0	3	55	42	26	-300	0	0	0	0	0	0	0	0	0	0	0	0	0
1130000707	天鹰皮靴+7	72	0	7	0	3796	0	有着天鹰徽章的军队统一靴子	6500	10000	11000	0	0	3	59	46	27	-300	0	0	0	0	0	0	0	0	0	0	0	0	0
1130000708	天鹰皮靴+8	72	0	7	0	3796	0	有着天鹰徽章的军队统一靴子	7000	10000	11000	0	0	3	63	50	28	-300	0	0	0	0	0	0	0	0	0	0	0	0	0
1130000709	天鹰皮靴+9	72	0	7	0	3796	0	有着天鹰徽章的军队统一靴子	7500	10000	11000	0	0	3	67	54	29	-300	0	0	0	0	0	0	0	0	0	0	0	0	0
1130000710	天鹰皮靴+10	72	0	7	0	3796	0	有着天鹰徽章的军队统一靴子	0	10000	11000	0	0	3	71	58	30	-300	0	0	0	0	0	0	0	0	0	0	0	0	0
1130010700	精品天鹰皮靴	72	0	7	1	3796	0	有着天鹰徽章的军队统一靴子	3000	0	0	0	0	3	31	18	20	-300	0	10	6	0	0	0	0	0	0	0	0	0	0
1130010701	精品天鹰皮靴+1	72	0	7	1	3796	0	有着天鹰徽章的军队统一靴子	3500	0	0	0	0	3	35	22	21	-300	0	11	7	0	0	0	0	0	0	0	0	0	0
1130010702	精品天鹰皮靴+2	72	0	7	1	3796	0	有着天鹰徽章的军队统一靴子	4000	0	0	0	0	3	39	26	22	-300	0	13	8	0	0	0	0	0	0	0	0	0	0
1130010703	精品天鹰皮靴+3	72	1	7	1	3796	0	有着天鹰徽章的军队统一靴子	4500	0	0	0	0	3	43	30	23	-300	0	14	10	0	0	0	0	0	0	0	0	0	0
1130010704	精品天鹰皮靴+4	72	1	7	1	3796	0	有着天鹰徽章的军队统一靴子	5000	1000	13000	0	0	3	47	34	24	-300	0	15	11	0	0	0	0	0	0	0	0	0	0
1130010705	精品天鹰皮靴+5	72	2	7	1	3796	0	有着天鹰徽章的军队统一靴子	5500	3000	13000	0	0	3	51	38	25	-300	0	17	12	0	0	0	0	0	0	0	0	0	0
1130010706	精品天鹰皮靴+6	72	2	7	1	3796	0	有着天鹰徽章的军队统一靴子	6000	5000	13000	0	0	3	55	42	26	-300	0	18	14	0	0	0	0	0	0	0	0	0	0
1130010707	精品天鹰皮靴+7	72	2	7	1	3796	0	有着天鹰徽章的军队统一靴子	6500	7000	13000	0	0	3	59	46	27	-300	0	19	15	0	0	0	0	0	0	0	0	0	0
1130010708	精品天鹰皮靴+8	72	3	7	1	3796	0	有着天鹰徽章的军队统一靴子	7000	8000	13000	0	0	3	63	50	28	-300	0	21	16	0	0	0	0	0	0	0	0	0	0
1130010709	精品天鹰皮靴+9	72	3	7	1	3796	0	有着天鹰徽章的军队统一靴子	7500	9000	13000	0	0	3	67	54	29	-300	0	22	18	0	0	0	0	0	0	0	0	0	0
1130010710	精品天鹰皮靴+10	72	4	7	1	3796	0	有着天鹰徽章的军队统一靴子	0	10000	13000	0	0	3	71	58	30	-300	0	23	19	0	0	0	0	0	0	0	0	0	0
1130020700	极品天鹰皮靴	72	0	7	2	3796	0	有着天鹰徽章的军队统一靴子	3000	0	0	0	0	3	31	18	20	-300	0	10	6	2	0	0	0	2	0	0	0	0	0
1130020701	极品天鹰皮靴+1	72	0	7	2	3796	0	有着天鹰徽章的军队统一靴子	3500	0	0	0	0	3	35	22	21	-300	0	11	7	2	0	0	0	2	0	0	0	0	0
1130020702	极品天鹰皮靴+2	72	0	7	2	3796	0	有着天鹰徽章的军队统一靴子	4000	0	0	0	0	3	39	26	22	-300	0	13	8	2	0	0	0	2	0	0	0	0	0
1130020703	极品天鹰皮靴+3	72	2	7	2	3796	0	有着天鹰徽章的军队统一靴子	4500	0	0	0	0	3	43	30	23	-300	0	14	10	2	0	0	0	2	0	0	0	0	0
1130020704	极品天鹰皮靴+4	72	2	7	2	3796	0	有着天鹰徽章的军队统一靴子	5000	0	0	0	0	3	47	34	24	-300	0	15	11	2	0	0	0	2	0	0	0	0	0
1130020705	极品天鹰皮靴+5	72	3	7	2	3796	0	有着天鹰徽章的军队统一靴子	5500	500	15000	0	0	3	51	38	25	-300	0	17	12	2	0	0	0	2	0	0	0	0	0
1130020706	极品天鹰皮靴+6	72	3	7	2	3796	0	有着天鹰徽章的军队统一靴子	6000	700	15000	0	0	3	55	42	26	-300	0	18	14	2	0	0	0	2	0	0	0	0	0
1130020707	极品天鹰皮靴+7	72	3	7	2	3796	0	有着天鹰徽章的军队统一靴子	6500	900	15000	0	0	3	59	46	27	-300	0	19	15	2	0	0	0	2	0	0	0	0	0
1130020708	极品天鹰皮靴+8	72	4	7	2	3796	0	有着天鹰徽章的军队统一靴子	7000	1100	15000	0	0	3	63	50	28	-300	0	21	16	2	0	0	0	2	0	0	0	0	0
1130020709	极品天鹰皮靴+9	72	4	7	2	3796	0	有着天鹰徽章的军队统一靴子	7500	1300	15000	0	0	3	67	54	29	-300	0	22	18	2	0	0	0	2	0	0	0	0	0
1130020710	极品天鹰皮靴+10	72	5	7	2	3796	0	有着天鹰徽章的军队统一靴子	0	1500	15000	0	0	3	71	58	30	-300	0	23	19	2	0	0	0	2	0	0	0	0	0
1130030700	完美天鹰皮靴	72	0	7	3	1512000	60	有着天鹰徽章的军队统一靴子	3000	0	0	268	0	3	31	18	20	-300	0	10	6	2	0	10	0	2	0	0	10	300	180
1130030701	完美天鹰皮靴+1	72	0	7	3	1512000	60	有着天鹰徽章的军队统一靴子	3500	0	0	268	0	3	35	22	21	-300	0	11	7	2	0	10	0	2	0	0	10	305	180
1130030702	完美天鹰皮靴+2	72	0	7	3	1512000	60	有着天鹰徽章的军队统一靴子	4000	0	0	268	0	3	39	26	22	-300	0	13	8	2	0	10	0	2	0	0	10	310	180
1130030703	完美天鹰皮靴+3	72	3	7	3	1512000	60	有着天鹰徽章的军队统一靴子	4500	0	0	268	0	3	43	30	23	-300	0	14	10	2	0	10	0	2	0	0	10	315	180
1130030704	完美天鹰皮靴+4	72	3	7	3	1512000	60	有着天鹰徽章的军队统一靴子	5000	0	0	268	0	3	47	34	24	-300	0	15	11	2	0	10	0	2	0	0	10	320	180
1130030705	完美天鹰皮靴+5	72	4	7	3	1512000	60	有着天鹰徽章的军队统一靴子	5500	0	0	268	0	3	51	38	25	-300	0	17	12	2	0	10	0	2	0	0	10	325	180
1130030706	完美天鹰皮靴+6	72	4	7	3	1512000	60	有着天鹰徽章的军队统一靴子	6000	0	0	268	0	3	55	42	26	-300	0	18	14	2	0	10	0	2	0	0	10	330	180
1130030707	完美天鹰皮靴+7	72	4	7	3	1512000	60	有着天鹰徽章的军队统一靴子	6500	50	17000	268	0	3	59	46	27	-300	0	19	15	2	0	10	0	2	0	0	10	335	180
1130030708	完美天鹰皮靴+8	72	5	7	3	1512000	60	有着天鹰徽章的军队统一靴子	7000	150	17000	268	0	3	63	50	28	-300	0	21	16	2	0	10	0	2	0	0	10	340	180
1130030709	完美天鹰皮靴+9	72	5	7	3	1512000	60	有着天鹰徽章的军队统一靴子	7500	250	17000	268	0	3	67	54	29	-300	0	22	18	2	0	10	0	2	0	0	10	345	180
1130030710	完美天鹰皮靴+10	72	6	7	3	1512000	60	有着天鹰徽章的军队统一靴子	0	350	17000	268	0	3	71	58	30	-300	0	23	19	2	0	10	0	2	0	0	10	350	180
1130040700	神品天鹰皮靴	72	0	7	4	2520000	101	有着天鹰徽章的军队统一靴子	3000	0	0	448	0	3	31	18	20	-300	0	10	6	2	10	10	10	2	10	10	10	300	180
1130040701	神品天鹰皮靴+1	72	0	7	4	2520000	101	有着天鹰徽章的军队统一靴子	3500	0	0	448	0	3	35	22	21	-300	0	11	7	2	10	10	10	2	10	10	10	305	180
1130040702	神品天鹰皮靴+2	72	0	7	4	2520000	101	有着天鹰徽章的军队统一靴子	4000	0	0	448	0	3	39	26	22	-300	0	13	8	2	10	10	10	2	10	10	10	310	180
1130040703	神品天鹰皮靴+3	72	4	7	4	2520000	101	有着天鹰徽章的军队统一靴子	4500	0	0	448	0	3	43	30	23	-300	0	14	10	2	10	10	10	2	10	10	10	315	180
1130040704	神品天鹰皮靴+4	72	4	7	4	2520000	101	有着天鹰徽章的军队统一靴子	5000	0	0	448	0	3	47	34	24	-300	0	15	11	2	10	10	10	2	10	10	10	320	180
1130040705	神品天鹰皮靴+5	72	5	7	4	2520000	101	有着天鹰徽章的军队统一靴子	5500	0	0	448	0	3	51	38	25	-300	0	17	12	2	10	10	10	2	10	10	10	325	180
1130040706	神品天鹰皮靴+6	72	5	7	4	2520000	101	有着天鹰徽章的军队统一靴子	6000	0	0	448	0	3	55	42	26	-300	0	18	14	2	10	10	10	2	10	10	10	330	180
1130040707	神品天鹰皮靴+7	72	5	7	4	2520000	101	有着天鹰徽章的军队统一靴子	6500	0	0	448	0	3	59	46	27	-300	0	19	15	2	10	10	10	2	10	10	10	335	180
1130040708	神品天鹰皮靴+8	72	6	7	4	2520000	101	有着天鹰徽章的军队统一靴子	7000	0	0	448	0	3	63	50	28	-300	0	21	16	2	10	10	10	2	10	10	10	340	180
1130040709	神品天鹰皮靴+9	72	6	7	4	2520000	101	有着天鹰徽章的军队统一靴子	7500	0	0	448	0	3	67	54	29	-300	0	22	18	2	10	10	10	2	10	10	10	345	180
1130040710	神品天鹰皮靴+10	72	7	7	4	2520000	101	有着天鹰徽章的军队统一靴子	0	0	0	448	0	3	71	58	30	-300	0	23	19	2	10	10	10	2	10	10	10	350	180
1130000800	穿云皮靴	84	0	8	0	5695	0	有一箭穿云神功的弓手的靴子	4500	0	0	0	0	3	37	21	26	-300	0	0	0	0	0	0	0	0	0	0	0	0	0
1130000801	穿云皮靴+1	84	0	8	0	5695	0	有一箭穿云神功的弓手的靴子	5000	0	0	0	0	3	41	25	27	-300	0	0	0	0	0	0	0	0	0	0	0	0	0
1130000802	穿云皮靴+2	84	0	8	0	5695	0	有一箭穿云神功的弓手的靴子	5500	0	0	0	0	3	45	29	28	-300	0	0	0	0	0	0	0	0	0	0	0	0	0
1130000803	穿云皮靴+3	84	0	8	0	5695	0	有一箭穿云神功的弓手的靴子	6000	7500	15000	0	0	3	49	33	29	-300	0	0	0	0	0	0	0	0	0	0	0	0	0
1130000804	穿云皮靴+4	84	0	8	0	5695	0	有一箭穿云神功的弓手的靴子	6500	8500	15000	0	0	3	53	37	30	-300	0	0	0	0	0	0	0	0	0	0	0	0	0
1130000805	穿云皮靴+5	84	0	8	0	5695	0	有一箭穿云神功的弓手的靴子	7000	9500	15000	0	0	3	57	41	31	-300	0	0	0	0	0	0	0	0	0	0	0	0	0
1130000806	穿云皮靴+6	84	0	8	0	5695	0	有一箭穿云神功的弓手的靴子	7500	10000	15000	0	0	3	61	45	32	-300	0	0	0	0	0	0	0	0	0	0	0	0	0
1130000807	穿云皮靴+7	84	0	8	0	5695	0	有一箭穿云神功的弓手的靴子	8000	10000	15000	0	0	3	65	49	33	-300	0	0	0	0	0	0	0	0	0	0	0	0	0
1130000808	穿云皮靴+8	84	0	8	0	5695	0	有一箭穿云神功的弓手的靴子	8500	10000	15000	0	0	3	69	53	34	-300	0	0	0	0	0	0	0	0	0	0	0	0	0
1130000809	穿云皮靴+9	84	0	8	0	5695	0	有一箭穿云神功的弓手的靴子	9000	10000	15000	0	0	3	73	57	35	-300	0	0	0	0	0	0	0	0	0	0	0	0	0
1130000810	穿云皮靴+10	84	0	8	0	5695	0	有一箭穿云神功的弓手的靴子	0	10000	15000	0	0	3	77	61	36	-300	0	0	0	0	0	0	0	0	0	0	0	0	0
1130010800	精品穿云皮靴	84	0	8	1	5695	0	有一箭穿云神功的弓手的靴子	4500	0	0	0	0	3	37	21	26	-300	0	12	7	0	0	0	0	0	0	0	0	0	0
1130010801	精品穿云皮靴+1	84	0	8	1	5695	0	有一箭穿云神功的弓手的靴子	5000	0	0	0	0	3	41	25	27	-300	0	13	8	0	0	0	0	0	0	0	0	0	0
1130010802	精品穿云皮靴+2	84	0	8	1	5695	0	有一箭穿云神功的弓手的靴子	5500	0	0	0	0	3	45	29	28	-300	0	15	9	0	0	0	0	0	0	0	0	0	0
1130010803	精品穿云皮靴+3	84	1	8	1	5695	0	有一箭穿云神功的弓手的靴子	6000	0	0	0	0	3	49	33	29	-300	0	16	11	0	0	0	0	0	0	0	0	0	0
1130010804	精品穿云皮靴+4	84	1	8	1	5695	0	有一箭穿云神功的弓手的靴子	6500	1000	18000	0	0	3	53	37	30	-300	0	17	12	0	0	0	0	0	0	0	0	0	0
1130010805	精品穿云皮靴+5	84	2	8	1	5695	0	有一箭穿云神功的弓手的靴子	7000	2000	18000	0	0	3	57	41	31	-300	0	19	13	0	0	0	0	0	0	0	0	0	0
1130010806	精品穿云皮靴+6	84	2	8	1	5695	0	有一箭穿云神功的弓手的靴子	7500	3000	18000	0	0	3	61	45	32	-300	0	20	15	0	0	0	0	0	0	0	0	0	0
1130010807	精品穿云皮靴+7	84	2	8	1	5695	0	有一箭穿云神功的弓手的靴子	8000	4000	18000	0	0	3	65	49	33	-300	0	21	16	0	0	0	0	0	0	0	0	0	0
1130010808	精品穿云皮靴+8	84	3	8	1	5695	0	有一箭穿云神功的弓手的靴子	8500	6000	18000	0	0	3	69	53	34	-300	0	23	17	0	0	0	0	0	0	0	0	0	0
1130010809	精品穿云皮靴+9	84	3	8	1	5695	0	有一箭穿云神功的弓手的靴子	9000	8000	18000	0	0	3	73	57	35	-300	0	24	19	0	0	0	0	0	0	0	0	0	0
1130010810	精品穿云皮靴+10	84	4	8	1	5695	0	有一箭穿云神功的弓手的靴子	0	10000	18000	0	0	3	77	61	36	-300	0	25	20	0	0	0	0	0	0	0	0	0	0
1130020800	极品穿云皮靴	84	0	8	2	5695	0	有一箭穿云神功的弓手的靴子	4500	0	0	0	0	3	37	21	26	-300	0	12	7	2	0	0	0	2	0	0	0	0	0
1130020801	极品穿云皮靴+1	84	0	8	2	5695	0	有一箭穿云神功的弓手的靴子	5000	0	0	0	0	3	41	25	27	-300	0	13	8	2	0	0	0	2	0	0	0	0	0
1130020802	极品穿云皮靴+2	84	0	8	2	5695	0	有一箭穿云神功的弓手的靴子	5500	0	0	0	0	3	45	29	28	-300	0	15	9	2	0	0	0	2	0	0	0	0	0
1130020803	极品穿云皮靴+3	84	2	8	2	5695	0	有一箭穿云神功的弓手的靴子	6000	0	0	0	0	3	49	33	29	-300	0	16	11	2	0	0	0	2	0	0	0	0	0
1130020804	极品穿云皮靴+4	84	2	8	2	5695	0	有一箭穿云神功的弓手的靴子	6500	0	0	0	0	3	53	37	30	-300	0	17	12	2	0	0	0	2	0	0	0	0	0
1130020805	极品穿云皮靴+5	84	3	8	2	5695	0	有一箭穿云神功的弓手的靴子	7000	500	21000	0	0	3	57	41	31	-300	0	19	13	2	0	0	0	2	0	0	0	0	0
1130020806	极品穿云皮靴+6	84	3	8	2	5695	0	有一箭穿云神功的弓手的靴子	7500	700	21000	0	0	3	61	45	32	-300	0	20	15	2	0	0	0	2	0	0	0	0	0
1130020807	极品穿云皮靴+7	84	3	8	2	5695	0	有一箭穿云神功的弓手的靴子	8000	900	21000	0	0	3	65	49	33	-300	0	21	16	2	0	0	0	2	0	0	0	0	0
1130020808	极品穿云皮靴+8	84	4	8	2	5695	0	有一箭穿云神功的弓手的靴子	8500	1100	21000	0	0	3	69	53	34	-300	0	23	17	2	0	0	0	2	0	0	0	0	0
1130020809	极品穿云皮靴+9	84	4	8	2	5695	0	有一箭穿云神功的弓手的靴子	9000	1300	21000	0	0	3	73	57	35	-300	0	24	19	2	0	0	0	2	0	0	0	0	0
1130020810	极品穿云皮靴+10	84	5	8	2	5695	0	有一箭穿云神功的弓手的靴子	0	1500	21000	0	0	3	77	61	36	-300	0	25	20	2	0	0	0	2	0	0	0	0	0
1130030800	完美穿云皮靴	84	0	8	3	2184000	76	有一箭穿云神功的弓手的靴子	4500	0	0	336	0	3	37	21	26	-300	0	12	7	2	0	10	0	2	0	0	10	350	210
1130030801	完美穿云皮靴+1	84	0	8	3	2184000	76	有一箭穿云神功的弓手的靴子	5000	0	0	336	0	3	41	25	27	-300	0	13	8	2	0	10	0	2	0	0	10	355	210
1130030802	完美穿云皮靴+2	84	0	8	3	2184000	76	有一箭穿云神功的弓手的靴子	5500	0	0	336	0	3	45	29	28	-300	0	15	9	2	0	10	0	2	0	0	10	360	210
1130030803	完美穿云皮靴+3	84	3	8	3	2184000	76	有一箭穿云神功的弓手的靴子	6000	0	0	336	0	3	49	33	29	-300	0	16	11	2	0	10	0	2	0	0	10	365	210
1130030804	完美穿云皮靴+4	84	3	8	3	2184000	76	有一箭穿云神功的弓手的靴子	6500	0	0	336	0	3	53	37	30	-300	0	17	12	2	0	10	0	2	0	0	10	370	210
1130030805	完美穿云皮靴+5	84	4	8	3	2184000	76	有一箭穿云神功的弓手的靴子	7000	0	0	336	0	3	57	41	31	-300	0	19	13	2	0	10	0	2	0	0	10	375	210
1130030806	完美穿云皮靴+6	84	4	8	3	2184000	76	有一箭穿云神功的弓手的靴子	7500	0	0	336	0	3	61	45	32	-300	0	20	15	2	0	10	0	2	0	0	10	380	210
1130030807	完美穿云皮靴+7	84	4	8	3	2184000	76	有一箭穿云神功的弓手的靴子	8000	50	24000	336	0	3	65	49	33	-300	0	21	16	2	0	10	0	2	0	0	10	385	210
1130030808	完美穿云皮靴+8	84	5	8	3	2184000	76	有一箭穿云神功的弓手的靴子	8500	150	24000	336	0	3	69	53	34	-300	0	23	17	2	0	10	0	2	0	0	10	390	210
1130030809	完美穿云皮靴+9	84	5	8	3	2184000	76	有一箭穿云神功的弓手的靴子	9000	250	24000	336	0	3	73	57	35	-300	0	24	19	2	0	10	0	2	0	0	10	395	210
1130030810	完美穿云皮靴+10	84	6	8	3	2184000	76	有一箭穿云神功的弓手的靴子	0	350	24000	336	0	3	77	61	36	-300	0	25	20	2	0	10	0	2	0	0	10	400	210
1130040800	神品穿云皮靴	84	0	8	4	3640000	127	有一箭穿云神功的弓手的靴子	4500	0	0	560	0	3	37	21	26	-300	0	12	7	2	10	10	10	2	10	10	10	350	210
1130040801	神品穿云皮靴+1	84	0	8	4	3640000	127	有一箭穿云神功的弓手的靴子	5000	0	0	560	0	3	41	25	27	-300	0	13	8	2	10	10	10	2	10	10	10	355	210
1130040802	神品穿云皮靴+2	84	0	8	4	3640000	127	有一箭穿云神功的弓手的靴子	5500	0	0	560	0	3	45	29	28	-300	0	15	9	2	10	10	10	2	10	10	10	360	210
1130040803	神品穿云皮靴+3	84	4	8	4	3640000	127	有一箭穿云神功的弓手的靴子	6000	0	0	560	0	3	49	33	29	-300	0	16	11	2	10	10	10	2	10	10	10	365	210
1130040804	神品穿云皮靴+4	84	4	8	4	3640000	127	有一箭穿云神功的弓手的靴子	6500	0	0	560	0	3	53	37	30	-300	0	17	12	2	10	10	10	2	10	10	10	370	210
1130040805	神品穿云皮靴+5	84	5	8	4	3640000	127	有一箭穿云神功的弓手的靴子	7000	0	0	560	0	3	57	41	31	-300	0	19	13	2	10	10	10	2	10	10	10	375	210
1130040806	神品穿云皮靴+6	84	5	8	4	3640000	127	有一箭穿云神功的弓手的靴子	7500	0	0	560	0	3	61	45	32	-300	0	20	15	2	10	10	10	2	10	10	10	380	210
1130040807	神品穿云皮靴+7	84	5	8	4	3640000	127	有一箭穿云神功的弓手的靴子	8000	0	0	560	0	3	65	49	33	-300	0	21	16	2	10	10	10	2	10	10	10	385	210
1130040808	神品穿云皮靴+8	84	6	8	4	3640000	127	有一箭穿云神功的弓手的靴子	8500	0	0	560	0	3	69	53	34	-300	0	23	17	2	10	10	10	2	10	10	10	390	210
1130040809	神品穿云皮靴+9	84	6	8	4	3640000	127	有一箭穿云神功的弓手的靴子	9000	0	0	560	0	3	73	57	35	-300	0	24	19	2	10	10	10	2	10	10	10	395	210
1130040810	神品穿云皮靴+10	84	7	8	4	3640000	127	有一箭穿云神功的弓手的靴子	0	0	0	560	0	3	77	61	36	-300	0	25	20	2	10	10	10	2	10	10	10	400	210
1130000900	封魔皮靴	96	0	9	0	8542	0	镇守地狱之门的靴子	6000	0	0	0	0	3	45	25	33	-300	0	0	0	0	0	0	0	0	0	0	0	0	0
1130000901	封魔皮靴+1	96	0	9	0	8542	0	镇守地狱之门的靴子	7000	0	0	0	0	3	49	29	34	-300	0	0	0	0	0	0	0	0	0	0	0	0	0
1130000902	封魔皮靴+2	96	0	9	0	8542	0	镇守地狱之门的靴子	8000	0	0	0	0	3	53	33	35	-300	0	0	0	0	0	0	0	0	0	0	0	0	0
1130000903	封魔皮靴+3	96	0	9	0	8542	0	镇守地狱之门的靴子	9000	6000	21000	0	0	3	57	37	36	-300	0	0	0	0	0	0	0	0	0	0	0	0	0
1130000904	封魔皮靴+4	96	0	9	0	8542	0	镇守地狱之门的靴子	10000	7000	21000	0	0	3	61	41	37	-300	0	0	0	0	0	0	0	0	0	0	0	0	0
1130000905	封魔皮靴+5	96	0	9	0	8542	0	镇守地狱之门的靴子	11000	8000	21000	0	0	3	65	45	38	-300	0	0	0	0	0	0	0	0	0	0	0	0	0
1130000906	封魔皮靴+6	96	0	9	0	8542	0	镇守地狱之门的靴子	12000	9000	21000	0	0	3	69	49	39	-300	0	0	0	0	0	0	0	0	0	0	0	0	0
1130000907	封魔皮靴+7	96	0	9	0	8542	0	镇守地狱之门的靴子	13000	10000	21000	0	0	3	73	53	40	-300	0	0	0	0	0	0	0	0	0	0	0	0	0
1130000908	封魔皮靴+8	96	0	9	0	8542	0	镇守地狱之门的靴子	14000	10000	21000	0	0	3	77	57	41	-300	0	0	0	0	0	0	0	0	0	0	0	0	0
1130000909	封魔皮靴+9	96	0	9	0	8542	0	镇守地狱之门的靴子	15000	10000	21000	0	0	3	81	61	42	-300	0	0	0	0	0	0	0	0	0	0	0	0	0
1130000910	封魔皮靴+10	96	0	9	0	8542	0	镇守地狱之门的靴子	0	10000	21000	0	0	3	85	65	43	-300	0	0	0	0	0	0	0	0	0	0	0	0	0
1130010900	精品封魔皮靴	96	0	9	1	8542	0	镇守地狱之门的靴子	6000	0	0	0	0	3	45	25	33	-300	0	15	8	0	0	0	0	0	0	0	0	0	0
1130010901	精品封魔皮靴+1	96	0	9	1	8542	0	镇守地狱之门的靴子	7000	0	0	0	0	3	49	29	34	-300	0	16	9	0	0	0	0	0	0	0	0	0	0
1130010902	精品封魔皮靴+2	96	0	9	1	8542	0	镇守地狱之门的靴子	8000	0	0	0	0	3	53	33	35	-300	0	17	11	0	0	0	0	0	0	0	0	0	0
1130010903	精品封魔皮靴+3	96	1	9	1	8542	0	镇守地狱之门的靴子	9000	0	0	0	0	3	57	37	36	-300	0	19	12	0	0	0	0	0	0	0	0	0	0
1130010904	精品封魔皮靴+4	96	1	9	1	8542	0	镇守地狱之门的靴子	10000	1000	24000	0	0	3	61	41	37	-300	0	20	13	0	0	0	0	0	0	0	0	0	0
1130010905	精品封魔皮靴+5	96	2	9	1	8542	0	镇守地狱之门的靴子	11000	2000	24000	0	0	3	65	45	38	-300	0	21	15	0	0	0	0	0	0	0	0	0	0
1130010906	精品封魔皮靴+6	96	2	9	1	8542	0	镇守地狱之门的靴子	12000	3000	24000	0	0	3	69	49	39	-300	0	23	16	0	0	0	0	0	0	0	0	0	0
1130010907	精品封魔皮靴+7	96	2	9	1	8542	0	镇守地狱之门的靴子	13000	4000	24000	0	0	3	73	53	40	-300	0	24	17	0	0	0	0	0	0	0	0	0	0
1130010908	精品封魔皮靴+8	96	3	9	1	8542	0	镇守地狱之门的靴子	14000	6000	24000	0	0	3	77	57	41	-300	0	25	19	0	0	0	0	0	0	0	0	0	0
1130010909	精品封魔皮靴+9	96	3	9	1	8542	0	镇守地狱之门的靴子	15000	8000	24000	0	0	3	81	61	42	-300	0	27	20	0	0	0	0	0	0	0	0	0	0
1130010910	精品封魔皮靴+10	96	4	9	1	8542	0	镇守地狱之门的靴子	0	10000	24000	0	0	3	85	65	43	-300	0	28	21	0	0	0	0	0	0	0	0	0	0
1130020900	极品封魔皮靴	96	0	9	2	8542	0	镇守地狱之门的靴子	6000	0	0	0	0	3	45	25	33	-300	0	15	8	2	0	0	0	2	0	0	0	0	0
1130020901	极品封魔皮靴+1	96	0	9	2	8542	0	镇守地狱之门的靴子	7000	0	0	0	0	3	49	29	34	-300	0	16	9	2	0	0	0	2	0	0	0	0	0
1130020902	极品封魔皮靴+2	96	0	9	2	8542	0	镇守地狱之门的靴子	8000	0	0	0	0	3	53	33	35	-300	0	17	11	2	0	0	0	2	0	0	0	0	0
1130020903	极品封魔皮靴+3	96	2	9	2	8542	0	镇守地狱之门的靴子	9000	0	0	0	0	3	57	37	36	-300	0	19	12	2	0	0	0	2	0	0	0	0	0
1130020904	极品封魔皮靴+4	96	2	9	2	8542	0	镇守地狱之门的靴子	10000	0	0	0	0	3	61	41	37	-300	0	20	13	2	0	0	0	2	0	0	0	0	0
1130020905	极品封魔皮靴+5	96	3	9	2	8542	0	镇守地狱之门的靴子	11000	200	27000	0	0	3	65	45	38	-300	0	21	15	2	0	0	0	2	0	0	0	0	0
1130020906	极品封魔皮靴+6	96	3	9	2	8542	0	镇守地狱之门的靴子	12000	400	27000	0	0	3	69	49	39	-300	0	23	16	2	0	0	0	2	0	0	0	0	0
1130020907	极品封魔皮靴+7	96	3	9	2	8542	0	镇守地狱之门的靴子	13000	600	27000	0	0	3	73	53	40	-300	0	24	17	2	0	0	0	2	0	0	0	0	0
1130020908	极品封魔皮靴+8	96	4	9	2	8542	0	镇守地狱之门的靴子	14000	800	27000	0	0	3	77	57	41	-300	0	25	19	2	0	0	0	2	0	0	0	0	0
1130020909	极品封魔皮靴+9	96	4	9	2	8542	0	镇守地狱之门的靴子	15000	1000	27000	0	0	3	81	61	42	-300	0	27	20	2	0	0	0	2	0	0	0	0	0
1130020910	极品封魔皮靴+10	96	5	9	2	8542	0	镇守地狱之门的靴子	0	1200	27000	0	0	3	85	65	43	-300	0	28	21	2	0	0	0	2	0	0	0	0	0
1130030900	完美封魔皮靴	96	0	9	3	3024000	94	镇守地狱之门的靴子	6000	0	0	403	0	3	45	25	33	-300	0	15	8	2	0	10	0	2	0	0	10	400	240
1130030901	完美封魔皮靴+1	96	0	9	3	3024000	94	镇守地狱之门的靴子	7000	0	0	403	0	3	49	29	34	-300	0	16	9	2	0	10	0	2	0	0	10	405	240
1130030902	完美封魔皮靴+2	96	0	9	3	3024000	94	镇守地狱之门的靴子	8000	0	0	403	0	3	53	33	35	-300	0	17	11	2	0	10	0	2	0	0	10	410	240
1130030903	完美封魔皮靴+3	96	3	9	3	3024000	94	镇守地狱之门的靴子	9000	0	0	403	0	3	57	37	36	-300	0	19	12	2	0	10	0	2	0	0	10	415	240
1130030904	完美封魔皮靴+4	96	3	9	3	3024000	94	镇守地狱之门的靴子	10000	0	0	403	0	3	61	41	37	-300	0	20	13	2	0	10	0	2	0	0	10	420	240
1130030905	完美封魔皮靴+5	96	4	9	3	3024000	94	镇守地狱之门的靴子	11000	0	0	403	0	3	65	45	38	-300	0	21	15	2	0	10	0	2	0	0	10	425	240
1130030906	完美封魔皮靴+6	96	4	9	3	3024000	94	镇守地狱之门的靴子	12000	0	0	403	0	3	69	49	39	-300	0	23	16	2	0	10	0	2	0	0	10	430	240
1130030907	完美封魔皮靴+7	96	4	9	3	3024000	94	镇守地狱之门的靴子	13000	70	30000	403	0	3	73	53	40	-300	0	24	17	2	0	10	0	2	0	0	10	435	240
1130030908	完美封魔皮靴+8	96	5	9	3	3024000	94	镇守地狱之门的靴子	14000	170	30000	403	0	3	77	57	41	-300	0	25	19	2	0	10	0	2	0	0	10	440	240
1130030909	完美封魔皮靴+9	96	5	9	3	3024000	94	镇守地狱之门的靴子	15000	270	30000	403	0	3	81	61	42	-300	0	27	20	2	0	10	0	2	0	0	10	445	240
1130030910	完美封魔皮靴+10	96	6	9	3	3024000	94	镇守地狱之门的靴子	0	370	30000	403	0	3	85	65	43	-300	0	28	21	2	0	10	0	2	0	0	10	450	240
1130040900	神品封魔皮靴	96	0	9	4	5040000	151	镇守地狱之门的靴子	6000	0	0	672	0	3	45	25	33	-300	0	15	8	2	10	10	10	2	10	10	10	400	240
1130040901	神品封魔皮靴+1	96	0	9	4	5040000	151	镇守地狱之门的靴子	7000	0	0	672	0	3	49	29	34	-300	0	16	9	2	10	10	10	2	10	10	10	405	240
1130040902	神品封魔皮靴+2	96	0	9	4	5040000	151	镇守地狱之门的靴子	8000	0	0	672	0	3	53	33	35	-300	0	17	11	2	10	10	10	2	10	10	10	410	240
1130040903	神品封魔皮靴+3	96	4	9	4	5040000	151	镇守地狱之门的靴子	9000	0	0	672	0	3	57	37	36	-300	0	19	12	2	10	10	10	2	10	10	10	415	240
1130040904	神品封魔皮靴+4	96	4	9	4	5040000	151	镇守地狱之门的靴子	10000	0	0	672	0	3	61	41	37	-300	0	20	13	2	10	10	10	2	10	10	10	420	240
1130040905	神品封魔皮靴+5	96	5	9	4	5040000	151	镇守地狱之门的靴子	11000	0	0	672	0	3	65	45	38	-300	0	21	15	2	10	10	10	2	10	10	10	425	240
1130040906	神品封魔皮靴+6	96	5	9	4	5040000	151	镇守地狱之门的靴子	12000	0	0	672	0	3	69	49	39	-300	0	23	16	2	10	10	10	2	10	10	10	430	240
1130040907	神品封魔皮靴+7	96	5	9	4	5040000	151	镇守地狱之门的靴子	13000	0	0	672	0	3	73	53	40	-300	0	24	17	2	10	10	10	2	10	10	10	435	240
1130040908	神品封魔皮靴+8	96	6	9	4	5040000	151	镇守地狱之门的靴子	14000	0	0	672	0	3	77	57	41	-300	0	25	19	2	10	10	10	2	10	10	10	440	240
1130040909	神品封魔皮靴+9	96	6	9	4	5040000	151	镇守地狱之门的靴子	15000	0	0	672	0	3	81	61	42	-300	0	27	20	2	10	10	10	2	10	10	10	445	240
1130040910	神品封魔皮靴+10	96	7	9	4	5040000	151	镇守地狱之门的靴子	0	0	0	672	0	3	85	65	43	-300	0	28	21	2	10	10	10	2	10	10	10	450	240
1130001000	狩猎皮靴	108	0	10	0	16017	0	狩猎天神祝福弓手更加矫健的靴子	10000	0	0	0	0	3	53	29	34	-300	0	0	0	0	0	0	0	0	0	0	0	0	0
1130001001	狩猎皮靴+1	108	0	10	0	16017	0	狩猎天神祝福弓手更加矫健的靴子	11000	0	0	0	0	3	57	33	35	-300	0	0	0	0	0	0	0	0	0	0	0	0	0
1130001002	狩猎皮靴+2	108	0	10	0	16017	0	狩猎天神祝福弓手更加矫健的靴子	12000	0	0	0	0	3	61	37	36	-300	0	0	0	0	0	0	0	0	0	0	0	0	0
1130001003	狩猎皮靴+3	108	0	10	0	16017	0	狩猎天神祝福弓手更加矫健的靴子	13000	6000	27000	0	0	3	65	41	37	-300	0	0	0	0	0	0	0	0	0	0	0	0	0
1130001004	狩猎皮靴+4	108	0	10	0	16017	0	狩猎天神祝福弓手更加矫健的靴子	14000	6500	27000	0	0	3	69	45	38	-300	0	0	0	0	0	0	0	0	0	0	0	0	0
1130001005	狩猎皮靴+5	108	0	10	0	16017	0	狩猎天神祝福弓手更加矫健的靴子	15000	7000	27000	0	0	3	73	49	39	-300	0	0	0	0	0	0	0	0	0	0	0	0	0
1130001006	狩猎皮靴+6	108	0	10	0	16017	0	狩猎天神祝福弓手更加矫健的靴子	16000	7500	27000	0	0	3	77	53	40	-300	0	0	0	0	0	0	0	0	0	0	0	0	0
1130001007	狩猎皮靴+7	108	0	10	0	16017	0	狩猎天神祝福弓手更加矫健的靴子	17000	8000	27000	0	0	3	81	57	41	-300	0	0	0	0	0	0	0	0	0	0	0	0	0
1130001008	狩猎皮靴+8	108	0	10	0	16017	0	狩猎天神祝福弓手更加矫健的靴子	18000	8500	27000	0	0	3	85	61	42	-300	0	0	0	0	0	0	0	0	0	0	0	0	0
1130001009	狩猎皮靴+9	108	0	10	0	16017	0	狩猎天神祝福弓手更加矫健的靴子	19000	9000	27000	0	0	3	89	65	43	-300	0	0	0	0	0	0	0	0	0	0	0	0	0
1130001010	狩猎皮靴+10	108	0	10	0	16017	0	狩猎天神祝福弓手更加矫健的靴子	0	9500	27000	0	0	3	93	69	44	-300	0	0	0	0	0	0	0	0	0	0	0	0	0
1130011000	精品狩猎皮靴	108	0	10	1	16017	0	狩猎天神祝福弓手更加矫健的靴子	10000	0	0	0	0	3	53	29	34	-300	0	17	9	0	0	0	0	0	0	0	0	0	0
1130011001	精品狩猎皮靴+1	108	0	10	1	16017	0	狩猎天神祝福弓手更加矫健的靴子	11000	0	0	0	0	3	57	33	35	-300	0	19	11	0	0	0	0	0	0	0	0	0	0
1130011002	精品狩猎皮靴+2	108	0	10	1	16017	0	狩猎天神祝福弓手更加矫健的靴子	12000	0	0	0	0	3	61	37	36	-300	0	20	12	0	0	0	0	0	0	0	0	0	0
1130011003	精品狩猎皮靴+3	108	1	10	1	16017	0	狩猎天神祝福弓手更加矫健的靴子	13000	0	0	0	0	3	65	41	37	-300	0	21	13	0	0	0	0	0	0	0	0	0	0
1130011004	精品狩猎皮靴+4	108	1	10	1	16017	0	狩猎天神祝福弓手更加矫健的靴子	14000	1000	31000	0	0	3	69	45	38	-300	0	23	15	0	0	0	0	0	0	0	0	0	0
1130011005	精品狩猎皮靴+5	108	2	10	1	16017	0	狩猎天神祝福弓手更加矫健的靴子	15000	2000	31000	0	0	3	73	49	39	-300	0	24	16	0	0	0	0	0	0	0	0	0	0
1130011006	精品狩猎皮靴+6	108	2	10	1	16017	0	狩猎天神祝福弓手更加矫健的靴子	16000	3000	31000	0	0	3	77	53	40	-300	0	25	17	0	0	0	0	0	0	0	0	0	0
1130011007	精品狩猎皮靴+7	108	2	10	1	16017	0	狩猎天神祝福弓手更加矫健的靴子	17000	4000	31000	0	0	3	81	57	41	-300	0	27	19	0	0	0	0	0	0	0	0	0	0
1130011008	精品狩猎皮靴+8	108	3	10	1	16017	0	狩猎天神祝福弓手更加矫健的靴子	18000	6000	31000	0	0	3	85	61	42	-300	0	28	20	0	0	0	0	0	0	0	0	0	0
1130011009	精品狩猎皮靴+9	108	3	10	1	16017	0	狩猎天神祝福弓手更加矫健的靴子	19000	8000	31000	0	0	3	89	65	43	-300	0	29	21	0	0	0	0	0	0	0	0	0	0
1130011010	精品狩猎皮靴+10	108	4	10	1	16017	0	狩猎天神祝福弓手更加矫健的靴子	0	10000	31000	0	0	3	93	69	44	-300	0	31	23	0	0	0	0	0	0	0	0	0	0
1130021000	极品狩猎皮靴	108	0	10	2	16017	0	狩猎天神祝福弓手更加矫健的靴子	10000	0	0	0	0	3	53	29	34	-300	0	17	9	2	0	0	0	2	0	0	0	0	0
1130021001	极品狩猎皮靴+1	108	0	10	2	16017	0	狩猎天神祝福弓手更加矫健的靴子	11000	0	0	0	0	3	57	33	35	-300	0	19	11	2	0	0	0	2	0	0	0	0	0
1130021002	极品狩猎皮靴+2	108	0	10	2	16017	0	狩猎天神祝福弓手更加矫健的靴子	12000	0	0	0	0	3	61	37	36	-300	0	20	12	2	0	0	0	2	0	0	0	0	0
1130021003	极品狩猎皮靴+3	108	2	10	2	16017	0	狩猎天神祝福弓手更加矫健的靴子	13000	0	0	0	0	3	65	41	37	-300	0	21	13	2	0	0	0	2	0	0	0	0	0
1130021004	极品狩猎皮靴+4	108	2	10	2	16017	0	狩猎天神祝福弓手更加矫健的靴子	14000	0	0	0	0	3	69	45	38	-300	0	23	15	2	0	0	0	2	0	0	0	0	0
1130021005	极品狩猎皮靴+5	108	3	10	2	16017	0	狩猎天神祝福弓手更加矫健的靴子	15000	200	35000	0	0	3	73	49	39	-300	0	24	16	2	0	0	0	2	0	0	0	0	0
1130021006	极品狩猎皮靴+6	108	3	10	2	16017	0	狩猎天神祝福弓手更加矫健的靴子	16000	400	35000	0	0	3	77	53	40	-300	0	25	17	2	0	0	0	2	0	0	0	0	0
1130021007	极品狩猎皮靴+7	108	3	10	2	16017	0	狩猎天神祝福弓手更加矫健的靴子	17000	600	35000	0	0	3	81	57	41	-300	0	27	19	2	0	0	0	2	0	0	0	0	0
1130021008	极品狩猎皮靴+8	108	4	10	2	16017	0	狩猎天神祝福弓手更加矫健的靴子	18000	800	35000	0	0	3	85	61	42	-300	0	28	20	2	0	0	0	2	0	0	0	0	0
1130021009	极品狩猎皮靴+9	108	4	10	2	16017	0	狩猎天神祝福弓手更加矫健的靴子	19000	1000	35000	0	0	3	89	65	43	-300	0	29	21	2	0	0	0	2	0	0	0	0	0
1130021010	极品狩猎皮靴+10	108	5	10	2	16017	0	狩猎天神祝福弓手更加矫健的靴子	0	1200	35000	0	0	3	93	69	44	-300	0	31	23	2	0	0	0	2	0	0	0	0	0
1130031000	完美狩猎皮靴	108	0	10	3	4032000	121	狩猎天神祝福弓手更加矫健的靴子	10000	0	0	470	0	3	53	29	34	-300	0	17	9	2	0	10	0	2	0	0	10	450	270
1130031001	完美狩猎皮靴+1	108	0	10	3	4032000	121	狩猎天神祝福弓手更加矫健的靴子	11000	0	0	470	0	3	57	33	35	-300	0	19	11	2	0	10	0	2	0	0	10	455	270
1130031002	完美狩猎皮靴+2	108	0	10	3	4032000	121	狩猎天神祝福弓手更加矫健的靴子	12000	0	0	470	0	3	61	37	36	-300	0	20	12	2	0	10	0	2	0	0	10	460	270
1130031003	完美狩猎皮靴+3	108	3	10	3	4032000	121	狩猎天神祝福弓手更加矫健的靴子	13000	0	0	470	0	3	65	41	37	-300	0	21	13	2	0	10	0	2	0	0	10	465	270
1130031004	完美狩猎皮靴+4	108	3	10	3	4032000	121	狩猎天神祝福弓手更加矫健的靴子	14000	0	0	470	0	3	69	45	38	-300	0	23	15	2	0	10	0	2	0	0	10	470	270
1130031005	完美狩猎皮靴+5	108	4	10	3	4032000	121	狩猎天神祝福弓手更加矫健的靴子	15000	0	0	470	0	3	73	49	39	-300	0	24	16	2	0	10	0	2	0	0	10	475	270
1130031006	完美狩猎皮靴+6	108	4	10	3	4032000	121	狩猎天神祝福弓手更加矫健的靴子	16000	0	0	470	0	3	77	53	40	-300	0	25	17	2	0	10	0	2	0	0	10	480	270
1130031007	完美狩猎皮靴+7	108	4	10	3	4032000	121	狩猎天神祝福弓手更加矫健的靴子	17000	70	39000	470	0	3	81	57	41	-300	0	27	19	2	0	10	0	2	0	0	10	485	270
1130031008	完美狩猎皮靴+8	108	5	10	3	4032000	121	狩猎天神祝福弓手更加矫健的靴子	18000	170	39000	470	0	3	85	61	42	-300	0	28	20	2	0	10	0	2	0	0	10	490	270
1130031009	完美狩猎皮靴+9	108	5	10	3	4032000	121	狩猎天神祝福弓手更加矫健的靴子	19000	270	39000	470	0	3	89	65	43	-300	0	29	21	2	0	10	0	2	0	0	10	495	270
1130031010	完美狩猎皮靴+10	108	6	10	3	4032000	121	狩猎天神祝福弓手更加矫健的靴子	0	370	39000	470	0	3	93	69	44	-300	0	31	23	2	0	10	0	2	0	0	10	500	270
1130041000	神品狩猎皮靴	108	0	10	4	6720000	202	狩猎天神祝福弓手更加矫健的靴子	10000	0	0	784	0	3	53	29	34	-300	0	17	9	2	10	10	10	2	10	10	10	450	270
1130041001	神品狩猎皮靴+1	108	0	10	4	6720000	202	狩猎天神祝福弓手更加矫健的靴子	11000	0	0	784	0	3	57	33	35	-300	0	19	11	2	10	10	10	2	10	10	10	455	270
1130041002	神品狩猎皮靴+2	108	0	10	4	6720000	202	狩猎天神祝福弓手更加矫健的靴子	12000	0	0	784	0	3	61	37	36	-300	0	20	12	2	10	10	10	2	10	10	10	460	270
1130041003	神品狩猎皮靴+3	108	4	10	4	6720000	202	狩猎天神祝福弓手更加矫健的靴子	13000	0	0	784	0	3	65	41	37	-300	0	21	13	2	10	10	10	2	10	10	10	465	270
1130041004	神品狩猎皮靴+4	108	4	10	4	6720000	202	狩猎天神祝福弓手更加矫健的靴子	14000	0	0	784	0	3	69	45	38	-300	0	23	15	2	10	10	10	2	10	10	10	470	270
1130041005	神品狩猎皮靴+5	108	5	10	4	6720000	202	狩猎天神祝福弓手更加矫健的靴子	15000	0	0	784	0	3	73	49	39	-300	0	24	16	2	10	10	10	2	10	10	10	475	270
1130041006	神品狩猎皮靴+6	108	5	10	4	6720000	202	狩猎天神祝福弓手更加矫健的靴子	16000	0	0	784	0	3	77	53	40	-300	0	25	17	2	10	10	10	2	10	10	10	480	270
1130041007	神品狩猎皮靴+7	108	5	10	4	6720000	202	狩猎天神祝福弓手更加矫健的靴子	17000	0	0	784	0	3	81	57	41	-300	0	27	19	2	10	10	10	2	10	10	10	485	270
1130041008	神品狩猎皮靴+8	108	6	10	4	6720000	202	狩猎天神祝福弓手更加矫健的靴子	18000	0	0	784	0	3	85	61	42	-300	0	28	20	2	10	10	10	2	10	10	10	490	270
1130041009	神品狩猎皮靴+9	108	6	10	4	6720000	202	狩猎天神祝福弓手更加矫健的靴子	19000	0	0	784	0	3	89	65	43	-300	0	29	21	2	10	10	10	2	10	10	10	495	270
1130041010	神品狩猎皮靴+10	108	7	10	4	6720000	202	狩猎天神祝福弓手更加矫健的靴子	0	0	0	784	0	3	93	69	44	-300	0	31	23	2	10	10	10	2	10	10	10	500	270
1130001100	幻魔皮靴	120	0	11	0	28831	0	幻魔天神的靴子	15000	0	0	0	0	3	61	33	42	-300	0	0	0	0	0	0	0	0	0	0	0	0	0
1130001101	幻魔皮靴+1	120	0	11	0	28831	0	幻魔天神的靴子	17000	0	0	0	0	3	66	38	43	-300	0	0	0	0	0	0	0	0	0	0	0	0	0
1130001102	幻魔皮靴+2	120	0	11	0	28831	0	幻魔天神的靴子	19000	0	0	0	0	3	71	43	44	-300	0	0	0	0	0	0	0	0	0	0	0	0	0
1130001103	幻魔皮靴+3	120	0	11	0	28831	0	幻魔天神的靴子	21000	5000	35000	0	0	3	76	48	45	-300	0	0	0	0	0	0	0	0	0	0	0	0	0
1130001104	幻魔皮靴+4	120	0	11	0	28831	0	幻魔天神的靴子	23000	5500	35000	0	0	3	81	53	46	-300	0	0	0	0	0	0	0	0	0	0	0	0	0
1130001105	幻魔皮靴+5	120	0	11	0	28831	0	幻魔天神的靴子	25000	6000	35000	0	0	3	86	58	47	-300	0	0	0	0	0	0	0	0	0	0	0	0	0
1130001106	幻魔皮靴+6	120	0	11	0	28831	0	幻魔天神的靴子	27000	6500	35000	0	0	3	91	63	48	-300	0	0	0	0	0	0	0	0	0	0	0	0	0
1130001107	幻魔皮靴+7	120	0	11	0	28831	0	幻魔天神的靴子	29000	7000	35000	0	0	3	96	68	49	-300	0	0	0	0	0	0	0	0	0	0	0	0	0
1130001108	幻魔皮靴+8	120	0	11	0	28831	0	幻魔天神的靴子	31000	7500	35000	0	0	3	101	73	50	-300	0	0	0	0	0	0	0	0	0	0	0	0	0
1130001109	幻魔皮靴+9	120	0	11	0	28831	0	幻魔天神的靴子	33000	8000	35000	0	0	3	106	78	51	-300	0	0	0	0	0	0	0	0	0	0	0	0	0
1130001110	幻魔皮靴+10	120	0	11	0	28831	0	幻魔天神的靴子	0	8500	35000	0	0	3	111	83	52	-300	0	0	0	0	0	0	0	0	0	0	0	0	0
1130011100	精品幻魔皮靴	120	0	11	1	28831	0	幻魔天神的靴子	15000	0	0	0	0	3	61	33	42	-300	0	20	11	0	0	0	0	0	0	0	0	0	0
1130011101	精品幻魔皮靴+1	120	0	11	1	28831	0	幻魔天神的靴子	17000	0	0	0	0	3	66	38	43	-300	0	22	12	0	0	0	0	0	0	0	0	0	0
1130011102	精品幻魔皮靴+2	120	0	11	1	28831	0	幻魔天神的靴子	19000	0	0	0	0	3	71	43	44	-300	0	23	14	0	0	0	0	0	0	0	0	0	0
1130011103	精品幻魔皮靴+3	120	1	11	1	28831	0	幻魔天神的靴子	21000	0	0	0	0	3	76	48	45	-300	0	25	16	0	0	0	0	0	0	0	0	0	0
1130011104	精品幻魔皮靴+4	120	1	11	1	28831	0	幻魔天神的靴子	23000	1000	40000	0	0	3	81	53	46	-300	0	27	17	0	0	0	0	0	0	0	0	0	0
1130011105	精品幻魔皮靴+5	120	2	11	1	28831	0	幻魔天神的靴子	25000	2000	40000	0	0	3	86	58	47	-300	0	28	19	0	0	0	0	0	0	0	0	0	0
1130011106	精品幻魔皮靴+6	120	2	11	1	28831	0	幻魔天神的靴子	27000	3000	40000	0	0	3	91	63	48	-300	0	30	21	0	0	0	0	0	0	0	0	0	0
1130011107	精品幻魔皮靴+7	120	2	11	1	28831	0	幻魔天神的靴子	29000	4000	40000	0	0	3	96	68	49	-300	0	32	22	0	0	0	0	0	0	0	0	0	0
1130011108	精品幻魔皮靴+8	120	3	11	1	28831	0	幻魔天神的靴子	31000	6000	40000	0	0	3	101	73	50	-300	0	33	24	0	0	0	0	0	0	0	0	0	0
1130011109	精品幻魔皮靴+9	120	3	11	1	28831	0	幻魔天神的靴子	33000	8000	40000	0	0	3	106	78	51	-300	0	35	26	0	0	0	0	0	0	0	0	0	0
1130011110	精品幻魔皮靴+10	120	4	11	1	28831	0	幻魔天神的靴子	0	10000	40000	0	0	3	111	83	52	-300	0	37	27	0	0	0	0	0	0	0	0	0	0
1130021100	极品幻魔皮靴	120	0	11	2	28831	0	幻魔天神的靴子	15000	0	0	0	0	3	61	33	42	-300	0	20	11	2	0	0	0	2	0	0	0	0	0
1130021101	极品幻魔皮靴+1	120	0	11	2	28831	0	幻魔天神的靴子	17000	0	0	0	0	3	66	38	43	-300	0	22	12	2	0	0	0	2	0	0	0	0	0
1130021102	极品幻魔皮靴+2	120	0	11	2	28831	0	幻魔天神的靴子	19000	0	0	0	0	3	71	43	44	-300	0	23	14	2	0	0	0	2	0	0	0	0	0
1130021103	极品幻魔皮靴+3	120	2	11	2	28831	0	幻魔天神的靴子	21000	0	0	0	0	3	76	48	45	-300	0	25	16	2	0	0	0	2	0	0	0	0	0
1130021104	极品幻魔皮靴+4	120	2	11	2	28831	0	幻魔天神的靴子	23000	0	0	0	0	3	81	53	46	-300	0	27	17	2	0	0	0	2	0	0	0	0	0
1130021105	极品幻魔皮靴+5	120	3	11	2	28831	0	幻魔天神的靴子	25000	100	50000	0	0	3	86	58	47	-300	0	28	19	2	0	0	0	2	0	0	0	0	0
1130021106	极品幻魔皮靴+6	120	3	11	2	28831	0	幻魔天神的靴子	27000	300	50000	0	0	3	91	63	48	-300	0	30	21	2	0	0	0	2	0	0	0	0	0
1130021107	极品幻魔皮靴+7	120	3	11	2	28831	0	幻魔天神的靴子	29000	500	50000	0	0	3	96	68	49	-300	0	32	22	2	0	0	0	2	0	0	0	0	0
1130021108	极品幻魔皮靴+8	120	4	11	2	28831	0	幻魔天神的靴子	31000	700	50000	0	0	3	101	73	50	-300	0	33	24	2	0	0	0	2	0	0	0	0	0
1130021109	极品幻魔皮靴+9	120	4	11	2	28831	0	幻魔天神的靴子	33000	900	50000	0	0	3	106	78	51	-300	0	35	26	2	0	0	0	2	0	0	0	0	0
1130021110	极品幻魔皮靴+10	120	5	11	2	28831	0	幻魔天神的靴子	0	1100	50000	0	0	3	111	83	52	-300	0	37	27	2	0	0	0	2	0	0	0	0	0
1130031100	完美幻魔皮靴	120	0	11	3	5208000	156	幻魔天神的靴子	15000	0	0	0	0	3	61	33	42	-300	0	20	11	2	0	10	0	2	0	0	10	500	300
1130031101	完美幻魔皮靴+1	120	0	11	3	5208000	156	幻魔天神的靴子	17000	0	0	0	0	3	66	38	43	-300	0	22	12	2	0	10	0	2	0	0	10	505	300
1130031102	完美幻魔皮靴+2	120	0	11	3	5208000	156	幻魔天神的靴子	19000	0	0	0	0	3	71	43	44	-300	0	23	14	2	0	10	0	2	0	0	10	510	300
1130031103	完美幻魔皮靴+3	120	3	11	3	5208000	156	幻魔天神的靴子	21000	0	0	0	0	3	76	48	45	-300	0	25	16	2	0	10	0	2	0	0	10	515	300
1130031104	完美幻魔皮靴+4	120	3	11	3	5208000	156	幻魔天神的靴子	23000	0	0	0	0	3	81	53	46	-300	0	27	17	2	0	10	0	2	0	0	10	520	300
1130031105	完美幻魔皮靴+5	120	4	11	3	5208000	156	幻魔天神的靴子	25000	0	0	0	0	3	86	58	47	-300	0	28	19	2	0	10	0	2	0	0	10	525	300
1130031106	完美幻魔皮靴+6	120	4	11	3	5208000	156	幻魔天神的靴子	27000	0	0	0	0	3	91	63	48	-300	0	30	21	2	0	10	0	2	0	0	10	530	300
1130031107	完美幻魔皮靴+7	120	4	11	3	5208000	156	幻魔天神的靴子	29000	70	60000	0	0	3	96	68	49	-300	0	32	22	2	0	10	0	2	0	0	10	535	300
1130031108	完美幻魔皮靴+8	120	5	11	3	5208000	156	幻魔天神的靴子	31000	170	60000	0	0	3	101	73	50	-300	0	33	24	2	0	10	0	2	0	0	10	540	300
1130031109	完美幻魔皮靴+9	120	5	11	3	5208000	156	幻魔天神的靴子	33000	270	60000	0	0	3	106	78	51	-300	0	35	26	2	0	10	0	2	0	0	10	545	300
1130031110	完美幻魔皮靴+10	120	6	11	3	5208000	156	幻魔天神的靴子	0	370	60000	0	0	3	111	83	52	-300	0	37	27	2	0	10	0	2	0	0	10	550	300
1130041100	神品幻魔皮靴	120	0	11	4	8680000	260	幻魔天神的靴子	15000	0	0	0	0	3	61	33	42	-300	0	20	11	2	10	10	10	2	10	10	10	500	300
1130041101	神品幻魔皮靴+1	120	0	11	4	8680000	260	幻魔天神的靴子	17000	0	0	0	0	3	66	38	43	-300	0	22	12	2	10	10	10	2	10	10	10	505	300
1130041102	神品幻魔皮靴+2	120	0	11	4	8680000	260	幻魔天神的靴子	19000	0	0	0	0	3	71	43	44	-300	0	23	14	2	10	10	10	2	10	10	10	510	300
1130041103	神品幻魔皮靴+3	120	4	11	4	8680000	260	幻魔天神的靴子	21000	0	0	0	0	3	76	48	45	-300	0	25	16	2	10	10	10	2	10	10	10	515	300
1130041104	神品幻魔皮靴+4	120	4	11	4	8680000	260	幻魔天神的靴子	23000	0	0	0	0	3	81	53	46	-300	0	27	17	2	10	10	10	2	10	10	10	520	300
1130041105	神品幻魔皮靴+5	120	5	11	4	8680000	260	幻魔天神的靴子	25000	0	0	0	0	3	86	58	47	-300	0	28	19	2	10	10	10	2	10	10	10	525	300
1130041106	神品幻魔皮靴+6	120	5	11	4	8680000	260	幻魔天神的靴子	27000	0	0	0	0	3	91	63	48	-300	0	30	21	2	10	10	10	2	10	10	10	530	300
1130041107	神品幻魔皮靴+7	120	5	11	4	8680000	260	幻魔天神的靴子	29000	0	0	0	0	3	96	68	49	-300	0	32	22	2	10	10	10	2	10	10	10	535	300
1130041108	神品幻魔皮靴+8	120	6	11	4	8680000	260	幻魔天神的靴子	31000	0	0	0	0	3	101	73	50	-300	0	33	24	2	10	10	10	2	10	10	10	540	300
1130041109	神品幻魔皮靴+9	120	6	11	4	8680000	260	幻魔天神的靴子	33000	0	0	0	0	3	106	78	51	-300	0	35	26	2	10	10	10	2	10	10	10	545	300
1130041110	神品幻魔皮靴+10	120	7	11	4	8680000	260	幻魔天神的靴子	0	0	0	0	0	3	111	83	52	-300	0	37	27	2	10	10	10	2	10	10	10	550	300
1130031200	超级新手皮靴	0	0	4	3	770000	58	为新手准备的超级装备	1200	0	0	0	0	3	13	9	10	-300	0	4	3	2	0	10	0	2	0	0	10	150	90
1130031201	超级新手皮靴+1	0	0	4	3	770000	58	为新手准备的超级装备	1300	0	0	0	0	3	16	12	11	-300	0	5	4	2	0	10	0	2	0	0	10	155	90
1130031202	超级新手皮靴+2	0	0	4	3	770000	58	为新手准备的超级装备	1400	0	0	0	0	3	19	15	12	-300	0	6	5	2	0	10	0	2	0	0	10	160	90
1130031203	超级新手皮靴+3	0	5	4	3	770000	58	为新手准备的超级装备	1500	0	0	0	0	3	22	18	13	-300	0	7	6	2	0	10	0	2	0	0	10	165	90
1130031204	超级新手皮靴+4	0	5	4	3	770000	58	为新手准备的超级装备	1600	0	0	0	0	3	25	21	14	-300	0	8	7	2	0	10	0	2	0	0	10	170	90
1130031205	超级新手皮靴+5	0	6	4	3	770000	58	为新手准备的超级装备	1700	0	0	0	0	3	28	24	15	-300	0	9	8	2	0	10	0	2	0	0	10	175	90
1130031206	超级新手皮靴+6	0	6	4	3	770000	58	为新手准备的超级装备	1800	0	0	0	0	3	31	27	16	-300	0	10	9	2	0	10	0	2	0	0	10	180	90
1130031207	超级新手皮靴+7	0	6	4	3	770000	58	为新手准备的超级装备	1900	0	0	0	0	3	34	30	17	-300	0	11	10	2	0	10	0	2	0	0	10	185	90
1130031208	超级新手皮靴+8	0	7	4	3	770000	58	为新手准备的超级装备	2000	0	0	0	0	3	37	33	18	-300	0	12	11	2	0	10	0	2	0	0	10	190	90
1130031209	超级新手皮靴+9	0	7	4	3	770000	58	为新手准备的超级装备	2100	0	0	0	0	3	40	36	19	-300	0	13	12	2	0	10	0	2	0	0	10	195	90
1130031210	超级新手皮靴+10	0	8	4	3	770000	58	为新手准备的超级装备	0	0	0	0	0	3	43	39	20	-300	0	14	13	2	0	10	0	2	0	0	10	200	90
1130031300	超级小强皮靴	36	0	7	3	6160000	462	为小强准备的超级装备	3000	0	0	0	0	3	31	18	20	-300	0	10	6	2	0	10	0	2	0	0	10	300	180
1130031301	超级小强皮靴+1	36	0	7	3	6160000	462	为小强准备的超级装备	3500	0	0	0	0	3	35	22	21	-300	0	11	7	2	0	10	0	2	0	0	10	305	180
1130031302	超级小强皮靴+2	36	0	7	3	6160000	462	为小强准备的超级装备	4000	0	0	0	0	3	39	26	22	-300	0	13	8	2	0	10	0	2	0	0	10	310	180
1130031303	超级小强皮靴+3	36	5	7	3	6160000	462	为小强准备的超级装备	4500	0	0	0	0	3	43	30	23	-300	0	14	10	2	0	10	0	2	0	0	10	315	180
1130031304	超级小强皮靴+4	36	5	7	3	6160000	462	为小强准备的超级装备	5000	0	0	0	0	3	47	34	24	-300	0	15	11	2	0	10	0	2	0	0	10	320	180
1130031305	超级小强皮靴+5	36	6	7	3	6160000	462	为小强准备的超级装备	5500	0	0	0	0	3	51	38	25	-300	0	17	12	2	0	10	0	2	0	0	10	325	180
1130031306	超级小强皮靴+6	36	6	7	3	6160000	462	为小强准备的超级装备	6000	0	0	0	0	3	55	42	26	-300	0	18	14	2	0	10	0	2	0	0	10	330	180
1130031307	超级小强皮靴+7	36	6	7	3	6160000	462	为小强准备的超级装备	6500	0	0	0	0	3	59	46	27	-300	0	19	15	2	0	10	0	2	0	0	10	335	180
1130031308	超级小强皮靴+8	36	7	7	3	6160000	462	为小强准备的超级装备	7000	0	0	0	0	3	63	50	28	-300	0	21	16	2	0	10	0	2	0	0	10	340	180
1130031309	超级小强皮靴+9	36	7	7	3	6160000	462	为小强准备的超级装备	7500	0	0	0	0	3	67	54	29	-300	0	22	18	2	0	10	0	2	0	0	10	345	180
1130031310	超级小强皮靴+10	36	8	7	3	6160000	462	为小强准备的超级装备	0	0	0	0	0	3	71	58	30	-300	0	23	19	2	0	10	0	2	0	0	10	350	180
1130031400	超级专业皮靴	60	0	10	3	22000000	1650	为专业人士准备的超级装备	10000	0	0	0	0	3	53	29	34	-300	0	17	9	2	0	10	0	2	0	0	10	450	270
1130031401	超级专业皮靴+1	60	0	10	3	22000000	1650	为专业人士准备的超级装备	11000	0	0	0	0	3	57	33	35	-300	0	19	11	2	0	10	0	2	0	0	10	455	270
1130031402	超级专业皮靴+2	60	0	10	3	22000000	1650	为专业人士准备的超级装备	12000	0	0	0	0	3	61	37	36	-300	0	20	12	2	0	10	0	2	0	0	10	460	270
1130031403	超级专业皮靴+3	60	5	10	3	22000000	1650	为专业人士准备的超级装备	13000	0	0	0	0	3	65	41	37	-300	0	21	13	2	0	10	0	2	0	0	10	465	270
1130031404	超级专业皮靴+4	60	5	10	3	22000000	1650	为专业人士准备的超级装备	14000	0	0	0	0	3	69	45	38	-300	0	23	15	2	0	10	0	2	0	0	10	470	270
1130031405	超级专业皮靴+5	60	6	10	3	22000000	1650	为专业人士准备的超级装备	15000	0	0	0	0	3	73	49	39	-300	0	24	16	2	0	10	0	2	0	0	10	475	270
1130031406	超级专业皮靴+6	60	6	10	3	22000000	1650	为专业人士准备的超级装备	16000	0	0	0	0	3	77	53	40	-300	0	25	17	2	0	10	0	2	0	0	10	480	270
1130031407	超级专业皮靴+7	60	6	10	3	22000000	1650	为专业人士准备的超级装备	17000	0	0	0	0	3	81	57	41	-300	0	27	19	2	0	10	0	2	0	0	10	485	270
1130031408	超级专业皮靴+8	60	7	10	3	22000000	1650	为专业人士准备的超级装备	18000	0	0	0	0	3	85	61	42	-300	0	28	20	2	0	10	0	2	0	0	10	490	270
1130031409	超级专业皮靴+9	60	7	10	3	22000000	1650	为专业人士准备的超级装备	19000	0	0	0	0	3	89	65	43	-300	0	29	21	2	0	10	0	2	0	0	10	495	270
1130031410	超级专业皮靴+10	60	8	10	3	22000000	1650	为专业人士准备的超级装备	0	0	0	0	0	3	93	69	44	-300	0	31	23	2	0	10	0	2	0	0	10	500	270
1130031500	超级噬魂皮靴	96	0	11	3	40000000	3150	恶魔的贡品	20000	0	0	0	0	3	77	41	44	-300	0	24	13	2	0	10	0	2	0	0	10	600	360
1130031501	超级噬魂皮靴+1	96	0	11	3	40000000	3150	恶魔的贡品	21000	0	0	0	0	3	81	45	45	-300	0	26	15	2	0	10	0	2	0	0	10	605	360
1130031502	超级噬魂皮靴+2	96	0	11	3	40000000	3150	恶魔的贡品	22000	0	0	0	0	3	85	49	46	-300	0	28	17	2	0	10	0	2	0	0	10	610	360
1130031503	超级噬魂皮靴+3	96	5	11	3	40000000	3150	恶魔的贡品	23000	0	0	0	0	3	89	53	47	-300	0	30	19	2	0	10	0	2	0	0	10	615	360
1130031504	超级噬魂皮靴+4	96	5	11	3	40000000	3150	恶魔的贡品	24000	0	0	0	0	3	93	57	48	-300	0	32	21	2	0	10	0	2	0	0	10	620	360
1130031505	超级噬魂皮靴+5	96	6	11	3	40000000	3150	恶魔的贡品	25000	0	0	0	0	3	97	61	49	-300	0	34	23	2	0	10	0	2	0	0	10	625	360
1130031506	超级噬魂皮靴+6	96	6	11	3	40000000	3150	恶魔的贡品	26000	0	0	0	0	3	101	65	50	-300	0	36	25	2	0	10	0	2	0	0	10	630	360
1130031507	超级噬魂皮靴+7	96	6	11	3	40000000	3150	恶魔的贡品	27000	0	0	0	0	3	105	69	51	-300	0	38	27	2	0	10	0	2	0	0	10	635	360
1130031508	超级噬魂皮靴+8	96	7	11	3	40000000	3150	恶魔的贡品	28000	0	0	0	0	3	109	73	52	-300	0	40	29	2	0	10	0	2	0	0	10	640	360
1130031509	超级噬魂皮靴+9	96	7	11	3	40000000	3150	恶魔的贡品	29000	0	0	0	0	3	113	77	53	-300	0	42	31	2	0	10	0	2	0	0	10	645	360
1130031510	超级噬魂皮靴+10	96	8	11	3	40000000	3150	恶魔的贡品	0	0	0	0	0	3	117	81	54	-300	0	44	33	2	0	10	0	2	0	0	10	650	360
1130031600	超级化神皮靴	120	0	12	3	60000000	4500	上帝的恩赐	30000	0	0	0	0	3	101	53	54	-300	0	34	19	2	0	10	0	2	0	0	10	750	450
1130031601	超级化神皮靴+1	120	0	12	3	60000000	4500	上帝的恩赐	31000	0	0	0	0	3	105	57	55	-300	0	36	21	2	0	10	0	2	0	0	10	755	450
1130031602	超级化神皮靴+2	120	0	12	3	60000000	4500	上帝的恩赐	32000	0	0	0	0	3	109	61	56	-300	0	38	23	2	0	10	0	2	0	0	10	760	450
1130031603	超级化神皮靴+3	120	5	12	3	60000000	4500	上帝的恩赐	33000	0	0	0	0	3	113	65	57	-300	0	40	25	2	0	10	0	2	0	0	10	765	450
1130031604	超级化神皮靴+4	120	5	12	3	60000000	4500	上帝的恩赐	34000	0	0	0	0	3	117	69	58	-300	0	42	27	2	0	10	0	2	0	0	10	770	450
1130031605	超级化神皮靴+5	120	6	12	3	60000000	4500	上帝的恩赐	35000	0	0	0	0	3	121	73	59	-300	0	44	29	2	0	10	0	2	0	0	10	775	450
1130031606	超级化神皮靴+6	120	6	12	3	60000000	4500	上帝的恩赐	36000	0	0	0	0	3	125	77	60	-300	0	46	31	2	0	10	0	2	0	0	10	780	450
1130031607	超级化神皮靴+7	120	6	12	3	60000000	4500	上帝的恩赐	37000	0	0	0	0	3	129	81	61	-300	0	48	33	2	0	10	0	2	0	0	10	785	450
1130031608	超级化神皮靴+8	120	7	12	3	60000000	4500	上帝的恩赐	38000	0	0	0	0	3	133	85	62	-300	0	50	35	2	0	10	0	2	0	0	10	790	450
1130031609	超级化神皮靴+9	120	7	12	3	60000000	4500	上帝的恩赐	39000	0	0	0	0	3	137	89	63	-300	0	52	37	2	0	10	0	2	0	0	10	795	450
1130031610	超级化神皮靴+10	120	8	12	3	60000000	4500	上帝的恩赐	0	0	0	0	0	3	141	93	64	-300	0	54	39	2	0	10	0	2	0	0	10	800	450
