编号	名字	等级需求	图标	光影等级	套装样式	品质	金币	元宝	描述	升等费用	精炼几率	精炼费用	升级费用	种族要求	装备类型	物理防御	魔法防御	闪避	移动时间增加	格档	附加物理防御	附加魔法防御	物防加成（等级）	物防加成（强壮）	物防加成（敏捷）	物防加成（智慧）	魔防加成（等级）	魔防加成（强壮）	魔防加成（敏捷）	魔防加成（智慧）	附加生命上限	附加魔法上限
id	name	requiredLevel	icon	haloIndex	appearance	quality	moneyCost	treasureCost	description	increaseCost	refineRate	refineCost	upgradeCost	requiredRace	eType	physicalDefense	magicDefense	evadingAbility	stepTime	withstandingRate	extraPhysicalDefense	extraMagicDefense	pdLevelFactor	pdStrengthFactor	pdDexterityFactor	pdWisdomFactor	mdLevelFactor	mdStrengthFactor	mdDexterityFactor	mdWisdomFactor	lifeRaised	manaRaised
1110000100	麻布甲	0	1	0	0	0	9	0	用麻布制成的布甲	0	0	0	0	0	1	3	2	0	0	0	0	0	0	0	0	0	0	0	0	0	0	0
1110000101	麻布甲+1	0	1	0	0	0	9	0	用麻布制成的布甲	0	0	0	0	0	1	5	3	0	0	0	0	0	0	0	0	0	0	0	0	0	0	0
1110000102	麻布甲+2	0	1	0	0	0	9	0	用麻布制成的布甲	0	0	0	0	0	1	7	4	0	0	0	0	0	0	0	0	0	0	0	0	0	0	0
1110000103	麻布甲+3	0	1	0	0	0	9	0	用麻布制成的布甲	0	0	0	0	0	1	9	5	0	0	0	0	0	0	0	0	0	0	0	0	0	0	0
1110000104	麻布甲+4	0	1	0	0	0	9	0	用麻布制成的布甲	0	0	0	0	0	1	11	6	0	0	0	0	0	0	0	0	0	0	0	0	0	0	0
1110000105	麻布甲+5	0	1	0	0	0	9	0	用麻布制成的布甲	0	0	0	0	0	1	13	7	0	0	0	0	0	0	0	0	0	0	0	0	0	0	0
1110000106	麻布甲+6	0	1	0	0	0	9	0	用麻布制成的布甲	0	0	0	0	0	1	15	8	0	0	0	0	0	0	0	0	0	0	0	0	0	0	0
1110000107	麻布甲+7	0	1	0	0	0	9	0	用麻布制成的布甲	0	0	0	0	0	1	17	9	0	0	0	0	0	0	0	0	0	0	0	0	0	0	0
1110000108	麻布甲+8	0	1	0	0	0	9	0	用麻布制成的布甲	0	0	0	0	0	1	19	10	0	0	0	0	0	0	0	0	0	0	0	0	0	0	0
1110000109	麻布甲+9	0	1	0	0	0	9	0	用麻布制成的布甲	0	0	0	0	0	1	21	11	0	0	0	0	0	0	0	0	0	0	0	0	0	0	0
1110000110	麻布甲+10	0	1	0	0	0	9	0	用麻布制成的布甲	0	0	0	0	0	1	23	12	0	0	0	0	0	0	0	0	0	0	0	0	0	0	0
1110000200	硬皮甲	12	2	0	0	0	750	0	用硬皮制成的皮甲	500	0	0	0	0	1	15	11	0	0	0	0	0	0	0	0	0	0	0	0	0	0	0
1110000201	硬皮甲+1	12	2	0	0	0	750	0	用硬皮制成的皮甲	600	0	0	0	0	1	17	13	0	0	0	0	0	0	0	0	0	0	0	0	0	0	0
1110000202	硬皮甲+2	12	2	0	0	0	750	0	用硬皮制成的皮甲	700	0	0	0	0	1	19	15	0	0	0	0	0	0	0	0	0	0	0	0	0	0	0
1110000203	硬皮甲+3	12	2	0	0	0	750	0	用硬皮制成的皮甲	800	10000	500	0	0	1	21	17	0	0	0	0	0	0	0	0	0	0	0	0	0	0	0
1110000204	硬皮甲+4	12	2	0	0	0	750	0	用硬皮制成的皮甲	900	10000	500	0	0	1	23	19	0	0	0	0	0	0	0	0	0	0	0	0	0	0	0
1110000205	硬皮甲+5	12	2	0	0	0	750	0	用硬皮制成的皮甲	1000	10000	500	0	0	1	25	21	0	0	0	0	0	0	0	0	0	0	0	0	0	0	0
1110000206	硬皮甲+6	12	2	0	0	0	750	0	用硬皮制成的皮甲	1100	10000	500	0	0	1	27	23	0	0	0	0	0	0	0	0	0	0	0	0	0	0	0
1110000207	硬皮甲+7	12	2	0	0	0	750	0	用硬皮制成的皮甲	1200	10000	500	0	0	1	29	25	0	0	0	0	0	0	0	0	0	0	0	0	0	0	0
1110000208	硬皮甲+8	12	2	0	0	0	750	0	用硬皮制成的皮甲	1300	10000	500	0	0	1	31	27	0	0	0	0	0	0	0	0	0	0	0	0	0	0	0
1110000209	硬皮甲+9	12	2	0	0	0	750	0	用硬皮制成的皮甲	1400	10000	500	0	0	1	33	29	0	0	0	0	0	0	0	0	0	0	0	0	0	0	0
1110000210	硬皮甲+10	12	2	0	0	0	750	0	用硬皮制成的皮甲	0	10000	500	0	0	1	35	31	0	0	0	0	0	0	0	0	0	0	0	0	0	0	0
1110010200	精品硬皮甲	12	2	0	0	1	750	0	用硬皮制成的皮甲	500	0	0	0	0	1	15	11	0	0	0	5	3	0	0	0	0	0	0	0	0	0	0
1110010201	精品硬皮甲+1	12	2	0	0	1	750	0	用硬皮制成的皮甲	600	0	0	0	0	1	17	13	0	0	0	5	4	0	0	0	0	0	0	0	0	0	0
1110010202	精品硬皮甲+2	12	2	0	0	1	750	0	用硬皮制成的皮甲	700	0	0	0	0	1	19	15	0	0	0	6	5	0	0	0	0	0	0	0	0	0	0
1110010203	精品硬皮甲+3	12	2	1	0	1	750	0	用硬皮制成的皮甲	800	0	0	0	0	1	21	17	0	0	0	7	5	0	0	0	0	0	0	0	0	0	0
1110010204	精品硬皮甲+4	12	2	1	0	1	750	0	用硬皮制成的皮甲	900	5000	1000	0	0	1	23	19	0	0	0	7	6	0	0	0	0	0	0	0	0	0	0
1110010205	精品硬皮甲+5	12	2	2	0	1	750	0	用硬皮制成的皮甲	1000	6000	1000	0	0	1	25	21	0	0	0	8	7	0	0	0	0	0	0	0	0	0	0
1110010206	精品硬皮甲+6	12	2	2	0	1	750	0	用硬皮制成的皮甲	1100	7000	1000	0	0	1	27	23	0	0	0	9	7	0	0	0	0	0	0	0	0	0	0
1110010207	精品硬皮甲+7	12	2	2	0	1	750	0	用硬皮制成的皮甲	1200	8000	1000	0	0	1	29	25	0	0	0	9	8	0	0	0	0	0	0	0	0	0	0
1110010208	精品硬皮甲+8	12	2	3	0	1	750	0	用硬皮制成的皮甲	1300	9000	1000	0	0	1	31	27	0	0	0	10	9	0	0	0	0	0	0	0	0	0	0
1110010209	精品硬皮甲+9	12	2	3	0	1	750	0	用硬皮制成的皮甲	1400	10000	1000	0	0	1	33	29	0	0	0	11	9	0	0	0	0	0	0	0	0	0	0
1110010210	精品硬皮甲+10	12	2	4	0	1	750	0	用硬皮制成的皮甲	0	10000	1000	0	0	1	35	31	0	0	0	11	10	0	0	0	0	0	0	0	0	0	0
1110020200	极品硬皮甲	12	2	0	0	2	750	0	用硬皮制成的皮甲	500	0	0	0	0	1	15	11	0	0	0	5	3	2	0	0	0	2	0	0	0	0	0
1110020201	极品硬皮甲+1	12	2	0	0	2	750	0	用硬皮制成的皮甲	600	0	0	0	0	1	17	13	0	0	0	5	4	2	0	0	0	2	0	0	0	0	0
1110020202	极品硬皮甲+2	12	2	0	0	2	750	0	用硬皮制成的皮甲	700	0	0	0	0	1	19	15	0	0	0	6	5	2	0	0	0	2	0	0	0	0	0
1110020203	极品硬皮甲+3	12	2	2	0	2	750	0	用硬皮制成的皮甲	800	0	0	0	0	1	21	17	0	0	0	7	5	2	0	0	0	2	0	0	0	0	0
1110020204	极品硬皮甲+4	12	2	2	0	2	750	0	用硬皮制成的皮甲	900	0	0	0	0	1	23	19	0	0	0	7	6	2	0	0	0	2	0	0	0	0	0
1110020205	极品硬皮甲+5	12	2	3	0	2	750	0	用硬皮制成的皮甲	1000	2500	1500	0	0	1	25	21	0	0	0	8	7	2	0	0	0	2	0	0	0	0	0
1110020206	极品硬皮甲+6	12	2	3	0	2	750	0	用硬皮制成的皮甲	1100	3500	1500	0	0	1	27	23	0	0	0	9	7	2	0	0	0	2	0	0	0	0	0
1110020207	极品硬皮甲+7	12	2	3	0	2	750	0	用硬皮制成的皮甲	1200	4500	1500	0	0	1	29	25	0	0	0	9	8	2	0	0	0	2	0	0	0	0	0
1110020208	极品硬皮甲+8	12	2	4	0	2	750	0	用硬皮制成的皮甲	1300	5500	1500	0	0	1	31	27	0	0	0	10	9	2	0	0	0	2	0	0	0	0	0
1110020209	极品硬皮甲+9	12	2	4	0	2	750	0	用硬皮制成的皮甲	1400	7000	1500	0	0	1	33	29	0	0	0	11	9	2	0	0	0	2	0	0	0	0	0
1110020210	极品硬皮甲+10	12	2	5	0	2	750	0	用硬皮制成的皮甲	0	10000	1500	0	0	1	35	31	0	0	0	11	10	2	0	0	0	2	0	0	0	0	0
1110030200	完美硬皮甲	12	2	0	0	3	120000	24	用硬皮制成的皮甲	500	0	0	48	0	1	15	11	0	0	0	5	3	2	0	10	0	2	0	0	10	100	60
1110030201	完美硬皮甲+1	12	2	0	0	3	120000	24	用硬皮制成的皮甲	600	0	0	48	0	1	17	13	0	0	0	5	4	2	0	10	0	2	0	0	10	105	60
1110030202	完美硬皮甲+2	12	2	0	0	3	120000	24	用硬皮制成的皮甲	700	0	0	48	0	1	19	15	0	0	0	6	5	2	0	10	0	2	0	0	10	110	60
1110030203	完美硬皮甲+3	12	2	3	0	3	120000	24	用硬皮制成的皮甲	800	0	0	48	0	1	21	17	0	0	0	7	5	2	0	10	0	2	0	0	10	115	60
1110030204	完美硬皮甲+4	12	2	3	0	3	120000	24	用硬皮制成的皮甲	900	0	0	48	0	1	23	19	0	0	0	7	6	2	0	10	0	2	0	0	10	120	60
1110030205	完美硬皮甲+5	12	2	4	0	3	120000	24	用硬皮制成的皮甲	1000	0	0	48	0	1	25	21	0	0	0	8	7	2	0	10	0	2	0	0	10	125	60
1110030206	完美硬皮甲+6	12	2	4	0	3	120000	24	用硬皮制成的皮甲	1100	0	0	48	0	1	27	23	0	0	0	9	7	2	0	10	0	2	0	0	10	130	60
1110030207	完美硬皮甲+7	12	2	4	0	3	120000	24	用硬皮制成的皮甲	1200	1000	2000	48	0	1	29	25	0	0	0	9	8	2	0	10	0	2	0	0	10	135	60
1110030208	完美硬皮甲+8	12	2	5	0	3	120000	24	用硬皮制成的皮甲	1300	1100	2000	48	0	1	31	27	0	0	0	10	9	2	0	10	0	2	0	0	10	140	60
1110030209	完美硬皮甲+9	12	2	5	0	3	120000	24	用硬皮制成的皮甲	1400	1200	2000	48	0	1	33	29	0	0	0	11	9	2	0	10	0	2	0	0	10	145	60
1110030210	完美硬皮甲+10	12	2	6	0	3	120000	24	用硬皮制成的皮甲	0	1300	2000	48	0	1	35	31	0	0	0	11	10	2	0	10	0	2	0	0	10	150	60
1110040200	神品硬皮甲	12	2	0	0	4	200000	40	用硬皮制成的皮甲	500	0	0	80	0	1	15	11	0	0	0	5	3	2	10	10	10	2	10	10	10	100	60
1110040201	神品硬皮甲+1	12	2	0	0	4	200000	40	用硬皮制成的皮甲	600	0	0	80	0	1	17	13	0	0	0	5	4	2	10	10	10	2	10	10	10	105	60
1110040202	神品硬皮甲+2	12	2	0	0	4	200000	40	用硬皮制成的皮甲	700	0	0	80	0	1	19	15	0	0	0	6	5	2	10	10	10	2	10	10	10	110	60
1110040203	神品硬皮甲+3	12	2	4	0	4	200000	40	用硬皮制成的皮甲	800	0	0	80	0	1	21	17	0	0	0	7	5	2	10	10	10	2	10	10	10	115	60
1110040204	神品硬皮甲+4	12	2	4	0	4	200000	40	用硬皮制成的皮甲	900	0	0	80	0	1	23	19	0	0	0	7	6	2	10	10	10	2	10	10	10	120	60
1110040205	神品硬皮甲+5	12	2	5	0	4	200000	40	用硬皮制成的皮甲	1000	0	0	80	0	1	25	21	0	0	0	8	7	2	10	10	10	2	10	10	10	125	60
1110040206	神品硬皮甲+6	12	2	5	0	4	200000	40	用硬皮制成的皮甲	1100	0	0	80	0	1	27	23	0	0	0	9	7	2	10	10	10	2	10	10	10	130	60
1110040207	神品硬皮甲+7	12	2	5	0	4	200000	40	用硬皮制成的皮甲	1200	0	0	80	0	1	29	25	0	0	0	9	8	2	10	10	10	2	10	10	10	135	60
1110040208	神品硬皮甲+8	12	2	6	0	4	200000	40	用硬皮制成的皮甲	1300	0	0	80	0	1	31	27	0	0	0	10	9	2	10	10	10	2	10	10	10	140	60
1110040209	神品硬皮甲+9	12	2	6	0	4	200000	40	用硬皮制成的皮甲	1400	0	0	80	0	1	33	29	0	0	0	11	9	2	10	10	10	2	10	10	10	145	60
1110040210	神品硬皮甲+10	12	2	7	0	4	200000	40	用硬皮制成的皮甲	0	0	0	80	0	1	35	31	0	0	0	11	10	2	10	10	10	2	10	10	10	150	60
1110000300	轻灵皮甲	24	3	0	0	0	1125	0	轻巧灵便的皮甲	800	0	0	0	0	1	27	19	0	0	0	0	0	0	0	0	0	0	0	0	0	0	0
1110000301	轻灵皮甲+1	24	3	0	0	0	1125	0	轻巧灵便的皮甲	900	0	0	0	0	1	30	22	0	0	0	0	0	0	0	0	0	0	0	0	0	0	0
1110000302	轻灵皮甲+2	24	3	0	0	0	1125	0	轻巧灵便的皮甲	1000	0	0	0	0	1	33	25	0	0	0	0	0	0	0	0	0	0	0	0	0	0	0
1110000303	轻灵皮甲+3	24	3	0	0	0	1125	0	轻巧灵便的皮甲	1100	10000	1500	0	0	1	36	28	0	0	0	0	0	0	0	0	0	0	0	0	0	0	0
1110000304	轻灵皮甲+4	24	3	0	0	0	1125	0	轻巧灵便的皮甲	1200	10000	1500	0	0	1	39	31	0	0	0	0	0	0	0	0	0	0	0	0	0	0	0
1110000305	轻灵皮甲+5	24	3	0	0	0	1125	0	轻巧灵便的皮甲	1300	10000	1500	0	0	1	42	34	0	0	0	0	0	0	0	0	0	0	0	0	0	0	0
1110000306	轻灵皮甲+6	24	3	0	0	0	1125	0	轻巧灵便的皮甲	1400	10000	1500	0	0	1	45	37	0	0	0	0	0	0	0	0	0	0	0	0	0	0	0
1110000307	轻灵皮甲+7	24	3	0	0	0	1125	0	轻巧灵便的皮甲	1500	10000	1500	0	0	1	48	40	0	0	0	0	0	0	0	0	0	0	0	0	0	0	0
1110000308	轻灵皮甲+8	24	3	0	0	0	1125	0	轻巧灵便的皮甲	1600	10000	1500	0	0	1	51	43	0	0	0	0	0	0	0	0	0	0	0	0	0	0	0
1110000309	轻灵皮甲+9	24	3	0	0	0	1125	0	轻巧灵便的皮甲	1700	10000	1500	0	0	1	54	46	0	0	0	0	0	0	0	0	0	0	0	0	0	0	0
1110000310	轻灵皮甲+10	24	3	0	0	0	1125	0	轻巧灵便的皮甲	0	10000	1500	0	0	1	57	49	0	0	0	0	0	0	0	0	0	0	0	0	0	0	0
1110010300	精品轻灵皮甲	24	3	0	0	1	1125	0	轻巧灵便的皮甲	800	0	0	0	0	1	27	19	0	0	0	9	6	0	0	0	0	0	0	0	0	0	0
1110010301	精品轻灵皮甲+1	24	3	0	0	1	1125	0	轻巧灵便的皮甲	900	0	0	0	0	1	30	22	0	0	0	10	7	0	0	0	0	0	0	0	0	0	0
1110010302	精品轻灵皮甲+2	24	3	0	0	1	1125	0	轻巧灵便的皮甲	1000	0	0	0	0	1	33	25	0	0	0	11	8	0	0	0	0	0	0	0	0	0	0
1110010303	精品轻灵皮甲+3	24	3	1	0	1	1125	0	轻巧灵便的皮甲	1100	0	0	0	0	1	36	28	0	0	0	12	9	0	0	0	0	0	0	0	0	0	0
1110010304	精品轻灵皮甲+4	24	3	1	0	1	1125	0	轻巧灵便的皮甲	1200	5000	2000	0	0	1	39	31	0	0	0	13	10	0	0	0	0	0	0	0	0	0	0
1110010305	精品轻灵皮甲+5	24	3	2	0	1	1125	0	轻巧灵便的皮甲	1300	6000	2000	0	0	1	42	34	0	0	0	14	11	0	0	0	0	0	0	0	0	0	0
1110010306	精品轻灵皮甲+6	24	3	2	0	1	1125	0	轻巧灵便的皮甲	1400	7000	2000	0	0	1	45	37	0	0	0	15	12	0	0	0	0	0	0	0	0	0	0
1110010307	精品轻灵皮甲+7	24	3	2	0	1	1125	0	轻巧灵便的皮甲	1500	8000	2000	0	0	1	48	40	0	0	0	16	13	0	0	0	0	0	0	0	0	0	0
1110010308	精品轻灵皮甲+8	24	3	3	0	1	1125	0	轻巧灵便的皮甲	1600	9000	2000	0	0	1	51	43	0	0	0	17	14	0	0	0	0	0	0	0	0	0	0
1110010309	精品轻灵皮甲+9	24	3	3	0	1	1125	0	轻巧灵便的皮甲	1700	10000	2000	0	0	1	54	46	0	0	0	18	15	0	0	0	0	0	0	0	0	0	0
1110010310	精品轻灵皮甲+10	24	3	4	0	1	1125	0	轻巧灵便的皮甲	0	10000	2000	0	0	1	57	49	0	0	0	19	16	0	0	0	0	0	0	0	0	0	0
1110020300	极品轻灵皮甲	24	3	0	0	2	1125	0	轻巧灵便的皮甲	800	0	0	0	0	1	27	19	0	0	0	9	6	2	0	0	0	2	0	0	0	0	0
1110020301	极品轻灵皮甲+1	24	3	0	0	2	1125	0	轻巧灵便的皮甲	900	0	0	0	0	1	30	22	0	0	0	10	7	2	0	0	0	2	0	0	0	0	0
1110020302	极品轻灵皮甲+2	24	3	0	0	2	1125	0	轻巧灵便的皮甲	1000	0	0	0	0	1	33	25	0	0	0	11	8	2	0	0	0	2	0	0	0	0	0
1110020303	极品轻灵皮甲+3	24	3	2	0	2	1125	0	轻巧灵便的皮甲	1100	0	0	0	0	1	36	28	0	0	0	12	9	2	0	0	0	2	0	0	0	0	0
1110020304	极品轻灵皮甲+4	24	3	2	0	2	1125	0	轻巧灵便的皮甲	1200	0	0	0	0	1	39	31	0	0	0	13	10	2	0	0	0	2	0	0	0	0	0
1110020305	极品轻灵皮甲+5	24	3	3	0	2	1125	0	轻巧灵便的皮甲	1300	2500	2500	0	0	1	42	34	0	0	0	14	11	2	0	0	0	2	0	0	0	0	0
1110020306	极品轻灵皮甲+6	24	3	3	0	2	1125	0	轻巧灵便的皮甲	1400	3500	2500	0	0	1	45	37	0	0	0	15	12	2	0	0	0	2	0	0	0	0	0
1110020307	极品轻灵皮甲+7	24	3	3	0	2	1125	0	轻巧灵便的皮甲	1500	4500	2500	0	0	1	48	40	0	0	0	16	13	2	0	0	0	2	0	0	0	0	0
1110020308	极品轻灵皮甲+8	24	3	4	0	2	1125	0	轻巧灵便的皮甲	1600	5500	2500	0	0	1	51	43	0	0	0	17	14	2	0	0	0	2	0	0	0	0	0
1110020309	极品轻灵皮甲+9	24	3	4	0	2	1125	0	轻巧灵便的皮甲	1700	7000	2500	0	0	1	54	46	0	0	0	18	15	2	0	0	0	2	0	0	0	0	0
1110020310	极品轻灵皮甲+10	24	3	5	0	2	1125	0	轻巧灵便的皮甲	0	10000	2500	0	0	1	57	49	0	0	0	19	16	2	0	0	0	2	0	0	0	0	0
1110030300	完美轻灵皮甲	24	3	0	0	3	240000	36	轻巧灵便的皮甲	800	0	0	144	0	1	27	19	0	0	0	9	6	2	0	10	0	2	0	0	10	150	90
1110030301	完美轻灵皮甲+1	24	3	0	0	3	240000	36	轻巧灵便的皮甲	900	0	0	144	0	1	30	22	0	0	0	10	7	2	0	10	0	2	0	0	10	155	90
1110030302	完美轻灵皮甲+2	24	3	0	0	3	240000	36	轻巧灵便的皮甲	1000	0	0	144	0	1	33	25	0	0	0	11	8	2	0	10	0	2	0	0	10	160	90
1110030303	完美轻灵皮甲+3	24	3	3	0	3	240000	36	轻巧灵便的皮甲	1100	0	0	144	0	1	36	28	0	0	0	12	9	2	0	10	0	2	0	0	10	165	90
1110030304	完美轻灵皮甲+4	24	3	3	0	3	240000	36	轻巧灵便的皮甲	1200	0	0	144	0	1	39	31	0	0	0	13	10	2	0	10	0	2	0	0	10	170	90
1110030305	完美轻灵皮甲+5	24	3	4	0	3	240000	36	轻巧灵便的皮甲	1300	0	0	144	0	1	42	34	0	0	0	14	11	2	0	10	0	2	0	0	10	175	90
1110030306	完美轻灵皮甲+6	24	3	4	0	3	240000	36	轻巧灵便的皮甲	1400	0	0	144	0	1	45	37	0	0	0	15	12	2	0	10	0	2	0	0	10	180	90
1110030307	完美轻灵皮甲+7	24	3	4	0	3	240000	36	轻巧灵便的皮甲	1500	1000	3000	144	0	1	48	40	0	0	0	16	13	2	0	10	0	2	0	0	10	185	90
1110030308	完美轻灵皮甲+8	24	3	5	0	3	240000	36	轻巧灵便的皮甲	1600	2000	3000	144	0	1	51	43	0	0	0	17	14	2	0	10	0	2	0	0	10	190	90
1110030309	完美轻灵皮甲+9	24	3	5	0	3	240000	36	轻巧灵便的皮甲	1700	3000	3000	144	0	1	54	46	0	0	0	18	15	2	0	10	0	2	0	0	10	195	90
1110030310	完美轻灵皮甲+10	24	3	6	0	3	240000	36	轻巧灵便的皮甲	0	4000	3000	144	0	1	57	49	0	0	0	19	16	2	0	10	0	2	0	0	10	200	90
1110040300	神品轻灵皮甲	24	3	0	0	4	400000	60	轻巧灵便的皮甲	800	0	0	240	0	1	27	19	0	0	0	9	6	2	10	10	10	2	10	10	10	150	90
1110040301	神品轻灵皮甲+1	24	3	0	0	4	400000	60	轻巧灵便的皮甲	900	0	0	240	0	1	30	22	0	0	0	10	7	2	10	10	10	2	10	10	10	155	90
1110040302	神品轻灵皮甲+2	24	3	0	0	4	400000	60	轻巧灵便的皮甲	1000	0	0	240	0	1	33	25	0	0	0	11	8	2	10	10	10	2	10	10	10	160	90
1110040303	神品轻灵皮甲+3	24	3	4	0	4	400000	60	轻巧灵便的皮甲	1100	0	0	240	0	1	36	28	0	0	0	12	9	2	10	10	10	2	10	10	10	165	90
1110040304	神品轻灵皮甲+4	24	3	4	0	4	400000	60	轻巧灵便的皮甲	1200	0	0	240	0	1	39	31	0	0	0	13	10	2	10	10	10	2	10	10	10	170	90
1110040305	神品轻灵皮甲+5	24	3	5	0	4	400000	60	轻巧灵便的皮甲	1300	0	0	240	0	1	42	34	0	0	0	14	11	2	10	10	10	2	10	10	10	175	90
1110040306	神品轻灵皮甲+6	24	3	5	0	4	400000	60	轻巧灵便的皮甲	1400	0	0	240	0	1	45	37	0	0	0	15	12	2	10	10	10	2	10	10	10	180	90
1110040307	神品轻灵皮甲+7	24	3	5	0	4	400000	60	轻巧灵便的皮甲	1500	0	0	240	0	1	48	40	0	0	0	16	13	2	10	10	10	2	10	10	10	185	90
1110040308	神品轻灵皮甲+8	24	3	6	0	4	400000	60	轻巧灵便的皮甲	1600	0	0	240	0	1	51	43	0	0	0	17	14	2	10	10	10	2	10	10	10	190	90
1110040309	神品轻灵皮甲+9	24	3	6	0	4	400000	60	轻巧灵便的皮甲	1700	0	0	240	0	1	54	46	0	0	0	18	15	2	10	10	10	2	10	10	10	195	90
1110040310	神品轻灵皮甲+10	24	3	7	0	4	400000	60	轻巧灵便的皮甲	0	0	0	240	0	1	57	49	0	0	0	19	16	2	10	10	10	2	10	10	10	200	90
1110000400	射手皮甲	36	4	0	1	0	1687	0	神射手专用皮甲	1200	0	0	0	0	1	42	27	0	0	0	0	0	0	0	0	0	0	0	0	0	0	0
1110000401	射手皮甲+1	36	4	0	1	0	1687	0	神射手专用皮甲	1300	0	0	0	0	1	45	30	0	0	0	0	0	0	0	0	0	0	0	0	0	0	0
1110000402	射手皮甲+2	36	4	0	1	0	1687	0	神射手专用皮甲	1400	0	3000	0	0	1	48	33	0	0	0	0	0	0	0	0	0	0	0	0	0	0	0
1110000403	射手皮甲+3	36	4	0	1	0	1687	0	神射手专用皮甲	1500	10000	3000	0	0	1	51	36	0	0	0	0	0	0	0	0	0	0	0	0	0	0	0
1110000404	射手皮甲+4	36	4	0	1	0	1687	0	神射手专用皮甲	1600	10000	3000	0	0	1	54	39	0	0	0	0	0	0	0	0	0	0	0	0	0	0	0
1110000405	射手皮甲+5	36	4	0	1	0	1687	0	神射手专用皮甲	1700	10000	3000	0	0	1	57	42	0	0	0	0	0	0	0	0	0	0	0	0	0	0	0
1110000406	射手皮甲+6	36	4	0	1	0	1687	0	神射手专用皮甲	1800	10000	3000	0	0	1	60	45	0	0	0	0	0	0	0	0	0	0	0	0	0	0	0
1110000407	射手皮甲+7	36	4	0	1	0	1687	0	神射手专用皮甲	1900	10000	3000	0	0	1	63	48	0	0	0	0	0	0	0	0	0	0	0	0	0	0	0
1110000408	射手皮甲+8	36	4	0	1	0	1687	0	神射手专用皮甲	2000	10000	3000	0	0	1	66	51	0	0	0	0	0	0	0	0	0	0	0	0	0	0	0
1110000409	射手皮甲+9	36	4	0	1	0	1687	0	神射手专用皮甲	2100	10000	3000	0	0	1	69	54	0	0	0	0	0	0	0	0	0	0	0	0	0	0	0
1110000410	射手皮甲+10	36	4	0	1	0	1687	0	神射手专用皮甲	0	10000	3000	0	0	1	72	57	0	0	0	0	0	0	0	0	0	0	0	0	0	0	0
1110010400	精品射手皮甲	36	4	0	1	1	1687	0	神射手专用皮甲	1200	0	0	0	0	1	42	27	0	0	0	14	9	0	0	0	0	0	0	0	0	0	0
1110010401	精品射手皮甲+1	36	4	0	1	1	1687	0	神射手专用皮甲	1300	0	0	0	0	1	45	30	0	0	0	15	10	0	0	0	0	0	0	0	0	0	0
1110010402	精品射手皮甲+2	36	4	0	1	1	1687	0	神射手专用皮甲	1400	0	0	0	0	1	48	33	0	0	0	16	11	0	0	0	0	0	0	0	0	0	0
1110010403	精品射手皮甲+3	36	4	1	1	1	1687	0	神射手专用皮甲	1500	0	0	0	0	1	51	36	0	0	0	17	12	0	0	0	0	0	0	0	0	0	0
1110010404	精品射手皮甲+4	36	4	1	1	1	1687	0	神射手专用皮甲	1600	5000	4000	0	0	1	54	39	0	0	0	18	13	0	0	0	0	0	0	0	0	0	0
1110010405	精品射手皮甲+5	36	4	2	1	1	1687	0	神射手专用皮甲	1700	6000	4000	0	0	1	57	42	0	0	0	19	14	0	0	0	0	0	0	0	0	0	0
1110010406	精品射手皮甲+6	36	4	2	1	1	1687	0	神射手专用皮甲	1800	7000	4000	0	0	1	60	45	0	0	0	20	15	0	0	0	0	0	0	0	0	0	0
1110010407	精品射手皮甲+7	36	4	2	1	1	1687	0	神射手专用皮甲	1900	8000	4000	0	0	1	63	48	0	0	0	21	16	0	0	0	0	0	0	0	0	0	0
1110010408	精品射手皮甲+8	36	4	3	1	1	1687	0	神射手专用皮甲	2000	9000	4000	0	0	1	66	51	0	0	0	22	17	0	0	0	0	0	0	0	0	0	0
1110010409	精品射手皮甲+9	36	4	3	1	1	1687	0	神射手专用皮甲	2100	10000	4000	0	0	1	69	54	0	0	0	23	18	0	0	0	0	0	0	0	0	0	0
1110010410	精品射手皮甲+10	36	4	4	1	1	1687	0	神射手专用皮甲	0	10000	4000	0	0	1	72	57	0	0	0	24	19	0	0	0	0	0	0	0	0	0	0
1110020400	极品射手皮甲	36	4	0	1	2	1687	0	神射手专用皮甲	1200	0	0	0	0	1	42	27	0	0	0	14	9	2	0	0	0	2	0	0	0	0	0
1110020401	极品射手皮甲+1	36	4	0	1	2	1687	0	神射手专用皮甲	1300	0	0	0	0	1	45	30	0	0	0	15	10	2	0	0	0	2	0	0	0	0	0
1110020402	极品射手皮甲+2	36	4	0	1	2	1687	0	神射手专用皮甲	1400	0	0	0	0	1	48	33	0	0	0	16	11	2	0	0	0	2	0	0	0	0	0
1110020403	极品射手皮甲+3	36	4	2	1	2	1687	0	神射手专用皮甲	1500	0	0	0	0	1	51	36	0	0	0	17	12	2	0	0	0	2	0	0	0	0	0
1110020404	极品射手皮甲+4	36	4	2	1	2	1687	0	神射手专用皮甲	1600	0	0	0	0	1	54	39	0	0	0	18	13	2	0	0	0	2	0	0	0	0	0
1110020405	极品射手皮甲+5	36	4	3	1	2	1687	0	神射手专用皮甲	1700	1000	5000	0	0	1	57	42	0	0	0	19	14	2	0	0	0	2	0	0	0	0	0
1110020406	极品射手皮甲+6	36	4	3	1	2	1687	0	神射手专用皮甲	1800	2000	5000	0	0	1	60	45	0	0	0	20	15	2	0	0	0	2	0	0	0	0	0
1110020407	极品射手皮甲+7	36	4	3	1	2	1687	0	神射手专用皮甲	1900	3500	5000	0	0	1	63	48	0	0	0	21	16	2	0	0	0	2	0	0	0	0	0
1110020408	极品射手皮甲+8	36	4	4	1	2	1687	0	神射手专用皮甲	2000	5000	5000	0	0	1	66	51	0	0	0	22	17	2	0	0	0	2	0	0	0	0	0
1110020409	极品射手皮甲+9	36	4	4	1	2	1687	0	神射手专用皮甲	2100	7000	5000	0	0	1	69	54	0	0	0	23	18	2	0	0	0	2	0	0	0	0	0
1110020410	极品射手皮甲+10	36	4	5	1	2	1687	0	神射手专用皮甲	0	10000	5000	0	0	1	72	57	0	0	0	24	19	2	0	0	0	2	0	0	0	0	0
1110030400	完美射手皮甲	36	4	0	1	3	600000	45	神射手专用皮甲	1200	0	0	144	0	1	42	27	0	0	0	14	9	2	0	10	0	2	0	0	10	200	120
1110030401	完美射手皮甲+1	36	4	0	1	3	600000	45	神射手专用皮甲	1300	0	0	144	0	1	45	30	0	0	0	15	10	2	0	10	0	2	0	0	10	205	120
1110030402	完美射手皮甲+2	36	4	0	1	3	600000	45	神射手专用皮甲	1400	0	0	144	0	1	48	33	0	0	0	16	11	2	0	10	0	2	0	0	10	210	120
1110030403	完美射手皮甲+3	36	4	3	1	3	600000	45	神射手专用皮甲	1500	0	0	144	0	1	51	36	0	0	0	17	12	2	0	10	0	2	0	0	10	215	120
1110030404	完美射手皮甲+4	36	4	3	1	3	600000	45	神射手专用皮甲	1600	0	0	144	0	1	54	39	0	0	0	18	13	2	0	10	0	2	0	0	10	220	120
1110030405	完美射手皮甲+5	36	4	4	1	3	600000	45	神射手专用皮甲	1700	0	0	144	0	1	57	42	0	0	0	19	14	2	0	10	0	2	0	0	10	225	120
1110030406	完美射手皮甲+6	36	4	4	1	3	600000	45	神射手专用皮甲	1800	0	0	144	0	1	60	45	0	0	0	20	15	2	0	10	0	2	0	0	10	230	120
1110030407	完美射手皮甲+7	36	4	4	1	3	600000	45	神射手专用皮甲	1900	1000	6000	144	0	1	63	48	0	0	0	21	16	2	0	10	0	2	0	0	10	235	120
1110030408	完美射手皮甲+8	36	4	5	1	3	600000	45	神射手专用皮甲	2000	2000	6000	144	0	1	66	51	0	0	0	22	17	2	0	10	0	2	0	0	10	240	120
1110030409	完美射手皮甲+9	36	4	5	1	3	600000	45	神射手专用皮甲	2100	3000	6000	144	0	1	69	54	0	0	0	23	18	2	0	10	0	2	0	0	10	245	120
1110030410	完美射手皮甲+10	36	4	6	1	3	600000	45	神射手专用皮甲	0	4000	6000	144	0	1	72	57	0	0	0	24	19	2	0	10	0	2	0	0	10	250	120
1110040400	神品射手皮甲	36	4	0	1	4	1000000	75	神射手专用皮甲	1200	0	0	240	0	1	42	27	0	0	0	14	9	2	10	10	10	2	10	10	10	200	120
1110040401	神品射手皮甲+1	36	4	0	1	4	1000000	75	神射手专用皮甲	1300	0	0	240	0	1	45	30	0	0	0	15	10	2	10	10	10	2	10	10	10	205	120
1110040402	神品射手皮甲+2	36	4	0	1	4	1000000	75	神射手专用皮甲	1400	0	0	240	0	1	48	33	0	0	0	16	11	2	10	10	10	2	10	10	10	210	120
1110040403	神品射手皮甲+3	36	4	4	1	4	1000000	75	神射手专用皮甲	1500	0	0	240	0	1	51	36	0	0	0	17	12	2	10	10	10	2	10	10	10	215	120
1110040404	神品射手皮甲+4	36	4	4	1	4	1000000	75	神射手专用皮甲	1600	0	0	240	0	1	54	39	0	0	0	18	13	2	10	10	10	2	10	10	10	220	120
1110040405	神品射手皮甲+5	36	4	5	1	4	1000000	75	神射手专用皮甲	1700	0	0	240	0	1	57	42	0	0	0	19	14	2	10	10	10	2	10	10	10	225	120
1110040406	神品射手皮甲+6	36	4	5	1	4	1000000	75	神射手专用皮甲	1800	0	0	240	0	1	60	45	0	0	0	20	15	2	10	10	10	2	10	10	10	230	120
1110040407	神品射手皮甲+7	36	4	5	1	4	1000000	75	神射手专用皮甲	1900	0	0	240	0	1	63	48	0	0	0	21	16	2	10	10	10	2	10	10	10	235	120
1110040408	神品射手皮甲+8	36	4	6	1	4	1000000	75	神射手专用皮甲	2000	0	0	240	0	1	66	51	0	0	0	22	17	2	10	10	10	2	10	10	10	240	120
1110040409	神品射手皮甲+9	36	4	6	1	4	1000000	75	神射手专用皮甲	2100	0	0	240	0	1	69	54	0	0	0	23	18	2	10	10	10	2	10	10	10	245	120
1110040410	神品射手皮甲+10	36	4	7	1	4	1000000	75	神射手专用皮甲	0	0	0	240	0	1	72	57	0	0	0	24	19	2	10	10	10	2	10	10	10	250	120
1110000500	宁静皮甲	48	5	0	1	0	2109	0	给人宁静感觉的皮甲	1600	0	0	0	0	1	57	36	0	0	0	0	0	0	0	0	0	0	0	0	0	0	0
1110000501	宁静皮甲+1	48	5	0	1	0	2109	0	给人宁静感觉的皮甲	1800	0	0	0	0	1	60	39	0	0	0	0	0	0	0	0	0	0	0	0	0	0	0
1110000502	宁静皮甲+2	48	5	0	1	0	2109	0	给人宁静感觉的皮甲	2000	0	0	0	0	1	63	42	0	0	0	0	0	0	0	0	0	0	0	0	0	0	0
1110000503	宁静皮甲+3	48	5	0	1	0	2109	0	给人宁静感觉的皮甲	2200	9000	5000	0	0	1	66	45	0	0	0	0	0	0	0	0	0	0	0	0	0	0	0
1110000504	宁静皮甲+4	48	5	0	1	0	2109	0	给人宁静感觉的皮甲	2400	10000	5000	0	0	1	69	48	0	0	0	0	0	0	0	0	0	0	0	0	0	0	0
1110000505	宁静皮甲+5	48	5	0	1	0	2109	0	给人宁静感觉的皮甲	2600	10000	5000	0	0	1	72	51	0	0	0	0	0	0	0	0	0	0	0	0	0	0	0
1110000506	宁静皮甲+6	48	5	0	1	0	2109	0	给人宁静感觉的皮甲	2800	10000	5000	0	0	1	75	54	0	0	0	0	0	0	0	0	0	0	0	0	0	0	0
1110000507	宁静皮甲+7	48	5	0	1	0	2109	0	给人宁静感觉的皮甲	3000	10000	5000	0	0	1	78	57	0	0	0	0	0	0	0	0	0	0	0	0	0	0	0
1110000508	宁静皮甲+8	48	5	0	1	0	2109	0	给人宁静感觉的皮甲	3200	10000	5000	0	0	1	81	60	0	0	0	0	0	0	0	0	0	0	0	0	0	0	0
1110000509	宁静皮甲+9	48	5	0	1	0	2109	0	给人宁静感觉的皮甲	3400	10000	5000	0	0	1	84	63	0	0	0	0	0	0	0	0	0	0	0	0	0	0	0
1110000510	宁静皮甲+10	48	5	0	1	0	2109	0	给人宁静感觉的皮甲	0	10000	5000	0	0	1	87	66	0	0	0	0	0	0	0	0	0	0	0	0	0	0	0
1110010500	精品宁静皮甲	48	5	0	1	1	2109	0	给人宁静感觉的皮甲	1600	0	0	0	0	1	57	36	0	0	0	19	12	0	0	0	0	0	0	0	0	0	0
1110010501	精品宁静皮甲+1	48	5	0	1	1	2109	0	给人宁静感觉的皮甲	1800	0	0	0	0	1	60	39	0	0	0	20	13	0	0	0	0	0	0	0	0	0	0
1110010502	精品宁静皮甲+2	48	5	0	1	1	2109	0	给人宁静感觉的皮甲	2000	0	0	0	0	1	63	42	0	0	0	21	14	0	0	0	0	0	0	0	0	0	0
1110010503	精品宁静皮甲+3	48	5	1	1	1	2109	0	给人宁静感觉的皮甲	2200	0	0	0	0	1	66	45	0	0	0	22	15	0	0	0	0	0	0	0	0	0	0
1110010504	精品宁静皮甲+4	48	5	1	1	1	2109	0	给人宁静感觉的皮甲	2400	1000	6000	0	0	1	69	48	0	0	0	23	16	0	0	0	0	0	0	0	0	0	0
1110010505	精品宁静皮甲+5	48	5	2	1	1	2109	0	给人宁静感觉的皮甲	2600	3000	6000	0	0	1	72	51	0	0	0	24	17	0	0	0	0	0	0	0	0	0	0
1110010506	精品宁静皮甲+6	48	5	2	1	1	2109	0	给人宁静感觉的皮甲	2800	5000	6000	0	0	1	75	54	0	0	0	25	18	0	0	0	0	0	0	0	0	0	0
1110010507	精品宁静皮甲+7	48	5	2	1	1	2109	0	给人宁静感觉的皮甲	3000	7000	6000	0	0	1	78	57	0	0	0	26	19	0	0	0	0	0	0	0	0	0	0
1110010508	精品宁静皮甲+8	48	5	3	1	1	2109	0	给人宁静感觉的皮甲	3200	8000	6000	0	0	1	81	60	0	0	0	27	20	0	0	0	0	0	0	0	0	0	0
1110010509	精品宁静皮甲+9	48	5	3	1	1	2109	0	给人宁静感觉的皮甲	3400	9000	6000	0	0	1	84	63	0	0	0	28	21	0	0	0	0	0	0	0	0	0	0
1110010510	精品宁静皮甲+10	48	5	4	1	1	2109	0	给人宁静感觉的皮甲	0	10000	6000	0	0	1	87	66	0	0	0	29	22	0	0	0	0	0	0	0	0	0	0
1110020500	极品宁静皮甲	48	5	0	1	2	2109	0	给人宁静感觉的皮甲	1600	0	0	0	0	1	57	36	0	0	0	19	12	2	0	0	0	2	0	0	0	0	0
1110020501	极品宁静皮甲+1	48	5	0	1	2	2109	0	给人宁静感觉的皮甲	1800	0	0	0	0	1	60	39	0	0	0	20	13	2	0	0	0	2	0	0	0	0	0
1110020502	极品宁静皮甲+2	48	5	0	1	2	2109	0	给人宁静感觉的皮甲	2000	0	0	0	0	1	63	42	0	0	0	21	14	2	0	0	0	2	0	0	0	0	0
1110020503	极品宁静皮甲+3	48	5	2	1	2	2109	0	给人宁静感觉的皮甲	2200	0	0	0	0	1	66	45	0	0	0	22	15	2	0	0	0	2	0	0	0	0	0
1110020504	极品宁静皮甲+4	48	5	2	1	2	2109	0	给人宁静感觉的皮甲	2400	0	0	0	0	1	69	48	0	0	0	23	16	2	0	0	0	2	0	0	0	0	0
1110020505	极品宁静皮甲+5	48	5	3	1	2	2109	0	给人宁静感觉的皮甲	2600	1000	7000	0	0	1	72	51	0	0	0	24	17	2	0	0	0	2	0	0	0	0	0
1110020506	极品宁静皮甲+6	48	5	3	1	2	2109	0	给人宁静感觉的皮甲	2800	2000	7000	0	0	1	75	54	0	0	0	25	18	2	0	0	0	2	0	0	0	0	0
1110020507	极品宁静皮甲+7	48	5	3	1	2	2109	0	给人宁静感觉的皮甲	3000	3000	7000	0	0	1	78	57	0	0	0	26	19	2	0	0	0	2	0	0	0	0	0
1110020508	极品宁静皮甲+8	48	5	4	1	2	2109	0	给人宁静感觉的皮甲	3200	4000	7000	0	0	1	81	60	0	0	0	27	20	2	0	0	0	2	0	0	0	0	0
1110020509	极品宁静皮甲+9	48	5	4	1	2	2109	0	给人宁静感觉的皮甲	3400	5000	7000	0	0	1	84	63	0	0	0	28	21	2	0	0	0	2	0	0	0	0	0
1110020510	极品宁静皮甲+10	48	5	5	1	2	2109	0	给人宁静感觉的皮甲	0	6000	7000	0	0	1	87	66	0	0	0	29	22	2	0	0	0	2	0	0	0	0	0
1110030500	完美宁静皮甲	48	5	0	1	3	960000	53	给人宁静感觉的皮甲	1600	0	0	192	0	1	57	36	0	0	0	19	12	2	0	10	0	2	0	0	10	250	150
1110030501	完美宁静皮甲+1	48	5	0	1	3	960000	53	给人宁静感觉的皮甲	1800	0	0	192	0	1	60	39	0	0	0	20	13	2	0	10	0	2	0	0	10	255	150
1110030502	完美宁静皮甲+2	48	5	0	1	3	960000	53	给人宁静感觉的皮甲	2000	0	0	192	0	1	63	42	0	0	0	21	14	2	0	10	0	2	0	0	10	260	150
1110030503	完美宁静皮甲+3	48	5	3	1	3	960000	53	给人宁静感觉的皮甲	2200	0	0	192	0	1	66	45	0	0	0	22	15	2	0	10	0	2	0	0	10	265	150
1110030504	完美宁静皮甲+4	48	5	3	1	3	960000	53	给人宁静感觉的皮甲	2400	0	0	192	0	1	69	48	0	0	0	23	16	2	0	10	0	2	0	0	10	270	150
1110030505	完美宁静皮甲+5	48	5	4	1	3	960000	53	给人宁静感觉的皮甲	2600	0	0	192	0	1	72	51	0	0	0	24	17	2	0	10	0	2	0	0	10	275	150
1110030506	完美宁静皮甲+6	48	5	4	1	3	960000	53	给人宁静感觉的皮甲	2800	0	0	192	0	1	75	54	0	0	0	25	18	2	0	10	0	2	0	0	10	280	150
1110030507	完美宁静皮甲+7	48	5	4	1	3	960000	53	给人宁静感觉的皮甲	3000	100	8000	192	0	1	78	57	0	0	0	26	19	2	0	10	0	2	0	0	10	285	150
1110030508	完美宁静皮甲+8	48	5	5	1	3	960000	53	给人宁静感觉的皮甲	3200	600	8000	192	0	1	81	60	0	0	0	27	20	2	0	10	0	2	0	0	10	290	150
1110030509	完美宁静皮甲+9	48	5	5	1	3	960000	53	给人宁静感觉的皮甲	3400	1100	8000	192	0	1	84	63	0	0	0	28	21	2	0	10	0	2	0	0	10	295	150
1110030510	完美宁静皮甲+10	48	5	6	1	3	960000	53	给人宁静感觉的皮甲	0	1600	8000	192	0	1	87	66	0	0	0	29	22	2	0	10	0	2	0	0	10	300	150
1110040500	神品宁静皮甲	48	5	0	1	4	1600000	88	给人宁静感觉的皮甲	1600	0	0	320	0	1	57	36	0	0	0	19	12	2	10	10	10	2	10	10	10	250	150
1110040501	神品宁静皮甲+1	48	5	0	1	4	1600000	88	给人宁静感觉的皮甲	1800	0	0	320	0	1	60	39	0	0	0	20	13	2	10	10	10	2	10	10	10	255	150
1110040502	神品宁静皮甲+2	48	5	0	1	4	1600000	88	给人宁静感觉的皮甲	2000	0	0	320	0	1	63	42	0	0	0	21	14	2	10	10	10	2	10	10	10	260	150
1110040503	神品宁静皮甲+3	48	5	4	1	4	1600000	88	给人宁静感觉的皮甲	2200	0	0	320	0	1	66	45	0	0	0	22	15	2	10	10	10	2	10	10	10	265	150
1110040504	神品宁静皮甲+4	48	5	4	1	4	1600000	88	给人宁静感觉的皮甲	2400	0	0	320	0	1	69	48	0	0	0	23	16	2	10	10	10	2	10	10	10	270	150
1110040505	神品宁静皮甲+5	48	5	5	1	4	1600000	88	给人宁静感觉的皮甲	2600	0	0	320	0	1	72	51	0	0	0	24	17	2	10	10	10	2	10	10	10	275	150
1110040506	神品宁静皮甲+6	48	5	5	1	4	1600000	88	给人宁静感觉的皮甲	2800	0	0	320	0	1	75	54	0	0	0	25	18	2	10	10	10	2	10	10	10	280	150
1110040507	神品宁静皮甲+7	48	5	5	1	4	1600000	88	给人宁静感觉的皮甲	3000	0	0	320	0	1	78	57	0	0	0	26	19	2	10	10	10	2	10	10	10	285	150
1110040508	神品宁静皮甲+8	48	5	6	1	4	1600000	88	给人宁静感觉的皮甲	3200	0	0	320	0	1	81	60	0	0	0	27	20	2	10	10	10	2	10	10	10	290	150
1110040509	神品宁静皮甲+9	48	5	6	1	4	1600000	88	给人宁静感觉的皮甲	3400	0	0	320	0	1	84	63	0	0	0	28	21	2	10	10	10	2	10	10	10	295	150
1110040510	神品宁静皮甲+10	48	5	7	1	4	1600000	88	给人宁静感觉的皮甲	0	0	0	320	0	1	87	66	0	0	0	29	22	2	10	10	10	2	10	10	10	300	150
1110000600	溯雪皮甲	60	6	0	1	0	3163	0	洁白的皮甲，犹如溯雪	2200	0	0	0	0	1	74	46	0	0	0	0	0	0	0	0	0	0	0	0	0	0	0
1110000601	溯雪皮甲+1	60	6	0	1	0	3163	0	洁白的皮甲，犹如溯雪	2400	0	0	0	0	1	78	50	0	0	0	0	0	0	0	0	0	0	0	0	0	0	0
1110000602	溯雪皮甲+2	60	6	0	1	0	3163	0	洁白的皮甲，犹如溯雪	2600	0	0	0	0	1	82	54	0	0	0	0	0	0	0	0	0	0	0	0	0	0	0
1110000603	溯雪皮甲+3	60	6	0	1	0	3163	0	洁白的皮甲，犹如溯雪	2800	9000	7000	0	0	1	86	58	0	0	0	0	0	0	0	0	0	0	0	0	0	0	0
1110000604	溯雪皮甲+4	60	6	0	1	0	3163	0	洁白的皮甲，犹如溯雪	3000	10000	7000	0	0	1	90	62	0	0	0	0	0	0	0	0	0	0	0	0	0	0	0
1110000605	溯雪皮甲+5	60	6	0	1	0	3163	0	洁白的皮甲，犹如溯雪	3200	10000	7000	0	0	1	94	66	0	0	0	0	0	0	0	0	0	0	0	0	0	0	0
1110000606	溯雪皮甲+6	60	6	0	1	0	3163	0	洁白的皮甲，犹如溯雪	3400	10000	7000	0	0	1	98	70	0	0	0	0	0	0	0	0	0	0	0	0	0	0	0
1110000607	溯雪皮甲+7	60	6	0	1	0	3163	0	洁白的皮甲，犹如溯雪	3600	10000	7000	0	0	1	102	74	0	0	0	0	0	0	0	0	0	0	0	0	0	0	0
1110000608	溯雪皮甲+8	60	6	0	1	0	3163	0	洁白的皮甲，犹如溯雪	3800	10000	7000	0	0	1	106	78	0	0	0	0	0	0	0	0	0	0	0	0	0	0	0
1110000609	溯雪皮甲+9	60	6	0	1	0	3163	0	洁白的皮甲，犹如溯雪	4000	10000	7000	0	0	1	110	82	0	0	0	0	0	0	0	0	0	0	0	0	0	0	0
1110000610	溯雪皮甲+10	60	6	0	1	0	3163	0	洁白的皮甲，犹如溯雪	0	10000	7000	0	0	1	114	86	0	0	0	0	0	0	0	0	0	0	0	0	0	0	0
1110010600	精品溯雪皮甲	60	6	0	1	1	3163	0	洁白的皮甲，犹如溯雪	2200	0	0	0	0	1	74	46	0	0	0	24	15	0	0	0	0	0	0	0	0	0	0
1110010601	精品溯雪皮甲+1	60	6	0	1	1	3163	0	洁白的皮甲，犹如溯雪	2400	0	0	0	0	1	78	50	0	0	0	26	16	0	0	0	0	0	0	0	0	0	0
1110010602	精品溯雪皮甲+2	60	6	0	1	1	3163	0	洁白的皮甲，犹如溯雪	2600	0	0	0	0	1	82	54	0	0	0	27	18	0	0	0	0	0	0	0	0	0	0
1110010603	精品溯雪皮甲+3	60	6	1	1	1	3163	0	洁白的皮甲，犹如溯雪	2800	0	0	0	0	1	86	58	0	0	0	28	19	0	0	0	0	0	0	0	0	0	0
1110010604	精品溯雪皮甲+4	60	6	1	1	1	3163	0	洁白的皮甲，犹如溯雪	3000	1000	9000	0	0	1	90	62	0	0	0	30	20	0	0	0	0	0	0	0	0	0	0
1110010605	精品溯雪皮甲+5	60	6	2	1	1	3163	0	洁白的皮甲，犹如溯雪	3200	3000	9000	0	0	1	94	66	0	0	0	31	22	0	0	0	0	0	0	0	0	0	0
1110010606	精品溯雪皮甲+6	60	6	2	1	1	3163	0	洁白的皮甲，犹如溯雪	3400	5000	9000	0	0	1	98	70	0	0	0	32	23	0	0	0	0	0	0	0	0	0	0
1110010607	精品溯雪皮甲+7	60	6	2	1	1	3163	0	洁白的皮甲，犹如溯雪	3600	7000	9000	0	0	1	102	74	0	0	0	34	24	0	0	0	0	0	0	0	0	0	0
1110010608	精品溯雪皮甲+8	60	6	3	1	1	3163	0	洁白的皮甲，犹如溯雪	3800	8000	9000	0	0	1	106	78	0	0	0	35	26	0	0	0	0	0	0	0	0	0	0
1110010609	精品溯雪皮甲+9	60	6	3	1	1	3163	0	洁白的皮甲，犹如溯雪	4000	9000	9000	0	0	1	110	82	0	0	0	36	27	0	0	0	0	0	0	0	0	0	0
1110010610	精品溯雪皮甲+10	60	6	4	1	1	3163	0	洁白的皮甲，犹如溯雪	0	10000	9000	0	0	1	114	86	0	0	0	38	28	0	0	0	0	0	0	0	0	0	0
1110020600	极品溯雪皮甲	60	6	0	1	2	3163	0	洁白的皮甲，犹如溯雪	2200	0	0	0	0	1	74	46	0	0	0	24	15	2	0	0	0	2	0	0	0	0	0
1110020601	极品溯雪皮甲+1	60	6	0	1	2	3163	0	洁白的皮甲，犹如溯雪	2400	0	0	0	0	1	78	50	0	0	0	26	16	2	0	0	0	2	0	0	0	0	0
1110020602	极品溯雪皮甲+2	60	6	0	1	2	3163	0	洁白的皮甲，犹如溯雪	2600	0	0	0	0	1	82	54	0	0	0	27	18	2	0	0	0	2	0	0	0	0	0
1110020603	极品溯雪皮甲+3	60	6	2	1	2	3163	0	洁白的皮甲，犹如溯雪	2800	0	0	0	0	1	86	58	0	0	0	28	19	2	0	0	0	2	0	0	0	0	0
1110020604	极品溯雪皮甲+4	60	6	2	1	2	3163	0	洁白的皮甲，犹如溯雪	3000	0	0	0	0	1	90	62	0	0	0	30	20	2	0	0	0	2	0	0	0	0	0
1110020605	极品溯雪皮甲+5	60	6	3	1	2	3163	0	洁白的皮甲，犹如溯雪	3200	1000	11000	0	0	1	94	66	0	0	0	31	22	2	0	0	0	2	0	0	0	0	0
1110020606	极品溯雪皮甲+6	60	6	3	1	2	3163	0	洁白的皮甲，犹如溯雪	3400	2000	11000	0	0	1	98	70	0	0	0	32	23	2	0	0	0	2	0	0	0	0	0
1110020607	极品溯雪皮甲+7	60	6	3	1	2	3163	0	洁白的皮甲，犹如溯雪	3600	3000	11000	0	0	1	102	74	0	0	0	34	24	2	0	0	0	2	0	0	0	0	0
1110020608	极品溯雪皮甲+8	60	6	4	1	2	3163	0	洁白的皮甲，犹如溯雪	3800	4000	11000	0	0	1	106	78	0	0	0	35	26	2	0	0	0	2	0	0	0	0	0
1110020609	极品溯雪皮甲+9	60	6	4	1	2	3163	0	洁白的皮甲，犹如溯雪	4000	5000	11000	0	0	1	110	82	0	0	0	36	27	2	0	0	0	2	0	0	0	0	0
1110020610	极品溯雪皮甲+10	60	6	5	1	2	3163	0	洁白的皮甲，犹如溯雪	0	6000	11000	0	0	1	114	86	0	0	0	38	28	2	0	0	0	2	0	0	0	0	0
1110030600	完美溯雪皮甲	60	6	0	1	3	1440000	65	洁白的皮甲，犹如溯雪	2200	0	0	288	0	1	74	46	0	0	0	24	15	2	0	10	0	2	0	0	10	300	180
1110030601	完美溯雪皮甲+1	60	6	0	1	3	1440000	65	洁白的皮甲，犹如溯雪	2400	0	0	288	0	1	78	50	0	0	0	26	16	2	0	10	0	2	0	0	10	305	180
1110030602	完美溯雪皮甲+2	60	6	0	1	3	1440000	65	洁白的皮甲，犹如溯雪	2600	0	0	288	0	1	82	54	0	0	0	27	18	2	0	10	0	2	0	0	10	310	180
1110030603	完美溯雪皮甲+3	60	6	3	1	3	1440000	65	洁白的皮甲，犹如溯雪	2800	0	0	288	0	1	86	58	0	0	0	28	19	2	0	10	0	2	0	0	10	315	180
1110030604	完美溯雪皮甲+4	60	6	3	1	3	1440000	65	洁白的皮甲，犹如溯雪	3000	0	0	288	0	1	90	62	0	0	0	30	20	2	0	10	0	2	0	0	10	320	180
1110030605	完美溯雪皮甲+5	60	6	4	1	3	1440000	65	洁白的皮甲，犹如溯雪	3200	0	0	288	0	1	94	66	0	0	0	31	22	2	0	10	0	2	0	0	10	325	180
1110030606	完美溯雪皮甲+6	60	6	4	1	3	1440000	65	洁白的皮甲，犹如溯雪	3400	0	0	288	0	1	98	70	0	0	0	32	23	2	0	10	0	2	0	0	10	330	180
1110030607	完美溯雪皮甲+7	60	6	4	1	3	1440000	65	洁白的皮甲，犹如溯雪	3600	100	13000	288	0	1	102	74	0	0	0	34	24	2	0	10	0	2	0	0	10	335	180
1110030608	完美溯雪皮甲+8	60	6	5	1	3	1440000	65	洁白的皮甲，犹如溯雪	3800	200	13000	288	0	1	106	78	0	0	0	35	26	2	0	10	0	2	0	0	10	340	180
1110030609	完美溯雪皮甲+9	60	6	5	1	3	1440000	65	洁白的皮甲，犹如溯雪	4000	300	13000	288	0	1	110	82	0	0	0	36	27	2	0	10	0	2	0	0	10	345	180
1110030610	完美溯雪皮甲+10	60	6	6	1	3	1440000	65	洁白的皮甲，犹如溯雪	0	400	13000	288	0	1	114	86	0	0	0	38	28	2	0	10	0	2	0	0	10	350	180
1110040600	神品溯雪皮甲	60	6	0	1	4	2400000	108	洁白的皮甲，犹如溯雪	2200	0	0	480	0	1	74	46	0	0	0	24	15	2	10	10	10	2	10	10	10	300	180
1110040601	神品溯雪皮甲+1	60	6	0	1	4	2400000	108	洁白的皮甲，犹如溯雪	2400	0	0	480	0	1	78	50	0	0	0	26	16	2	10	10	10	2	10	10	10	305	180
1110040602	神品溯雪皮甲+2	60	6	0	1	4	2400000	108	洁白的皮甲，犹如溯雪	2600	0	0	480	0	1	82	54	0	0	0	27	18	2	10	10	10	2	10	10	10	310	180
1110040603	神品溯雪皮甲+3	60	6	4	1	4	2400000	108	洁白的皮甲，犹如溯雪	2800	0	0	480	0	1	86	58	0	0	0	28	19	2	10	10	10	2	10	10	10	315	180
1110040604	神品溯雪皮甲+4	60	6	4	1	4	2400000	108	洁白的皮甲，犹如溯雪	3000	0	0	480	0	1	90	62	0	0	0	30	20	2	10	10	10	2	10	10	10	320	180
1110040605	神品溯雪皮甲+5	60	6	5	1	4	2400000	108	洁白的皮甲，犹如溯雪	3200	0	0	480	0	1	94	66	0	0	0	31	22	2	10	10	10	2	10	10	10	325	180
1110040606	神品溯雪皮甲+6	60	6	5	1	4	2400000	108	洁白的皮甲，犹如溯雪	3400	0	0	480	0	1	98	70	0	0	0	32	23	2	10	10	10	2	10	10	10	330	180
1110040607	神品溯雪皮甲+7	60	6	5	1	4	2400000	108	洁白的皮甲，犹如溯雪	3600	0	0	480	0	1	102	74	0	0	0	34	24	2	10	10	10	2	10	10	10	335	180
1110040608	神品溯雪皮甲+8	60	6	6	1	4	2400000	108	洁白的皮甲，犹如溯雪	3800	0	0	480	0	1	106	78	0	0	0	35	26	2	10	10	10	2	10	10	10	340	180
1110040609	神品溯雪皮甲+9	60	6	6	1	4	2400000	108	洁白的皮甲，犹如溯雪	4000	0	0	480	0	1	110	82	0	0	0	36	27	2	10	10	10	2	10	10	10	345	180
1110040610	神品溯雪皮甲+10	60	6	7	1	4	2400000	108	洁白的皮甲，犹如溯雪	0	0	0	480	0	1	114	86	0	0	0	38	28	2	10	10	10	2	10	10	10	350	180
1110000700	天鹰皮甲	72	7	0	2	0	3796	0	有着天鹰徽章的军队统一皮甲	3000	0	0	0	0	1	93	56	0	0	0	0	0	0	0	0	0	0	0	0	0	0	0
1110000701	天鹰皮甲+1	72	7	0	2	0	3796	0	有着天鹰徽章的军队统一皮甲	3500	0	0	0	0	1	97	60	0	0	0	0	0	0	0	0	0	0	0	0	0	0	0
1110000702	天鹰皮甲+2	72	7	0	2	0	3796	0	有着天鹰徽章的军队统一皮甲	4000	0	0	0	0	1	101	64	0	0	0	0	0	0	0	0	0	0	0	0	0	0	0
1110000703	天鹰皮甲+3	72	7	0	2	0	3796	0	有着天鹰徽章的军队统一皮甲	4500	7500	11000	0	0	1	105	68	0	0	0	0	0	0	0	0	0	0	0	0	0	0	0
1110000704	天鹰皮甲+4	72	7	0	2	0	3796	0	有着天鹰徽章的军队统一皮甲	5000	8500	11000	0	0	1	109	72	0	0	0	0	0	0	0	0	0	0	0	0	0	0	0
1110000705	天鹰皮甲+5	72	7	0	2	0	3796	0	有着天鹰徽章的军队统一皮甲	5500	9500	11000	0	0	1	113	76	0	0	0	0	0	0	0	0	0	0	0	0	0	0	0
1110000706	天鹰皮甲+6	72	7	0	2	0	3796	0	有着天鹰徽章的军队统一皮甲	6000	10000	11000	0	0	1	117	80	0	0	0	0	0	0	0	0	0	0	0	0	0	0	0
1110000707	天鹰皮甲+7	72	7	0	2	0	3796	0	有着天鹰徽章的军队统一皮甲	6500	10000	11000	0	0	1	121	84	0	0	0	0	0	0	0	0	0	0	0	0	0	0	0
1110000708	天鹰皮甲+8	72	7	0	2	0	3796	0	有着天鹰徽章的军队统一皮甲	7000	10000	11000	0	0	1	125	88	0	0	0	0	0	0	0	0	0	0	0	0	0	0	0
1110000709	天鹰皮甲+9	72	7	0	2	0	3796	0	有着天鹰徽章的军队统一皮甲	7500	10000	11000	0	0	1	129	92	0	0	0	0	0	0	0	0	0	0	0	0	0	0	0
1110000710	天鹰皮甲+10	72	7	0	2	0	3796	0	有着天鹰徽章的军队统一皮甲	0	10000	11000	0	0	1	133	96	0	0	0	0	0	0	0	0	0	0	0	0	0	0	0
1110010700	精品天鹰皮甲	72	7	0	2	1	3796	0	有着天鹰徽章的军队统一皮甲	3000	0	0	0	0	1	93	56	0	0	0	31	18	0	0	0	0	0	0	0	0	0	0
1110010701	精品天鹰皮甲+1	72	7	0	2	1	3796	0	有着天鹰徽章的军队统一皮甲	3500	0	0	0	0	1	97	60	0	0	0	32	20	0	0	0	0	0	0	0	0	0	0
1110010702	精品天鹰皮甲+2	72	7	0	2	1	3796	0	有着天鹰徽章的军队统一皮甲	4000	0	0	0	0	1	101	64	0	0	0	33	21	0	0	0	0	0	0	0	0	0	0
1110010703	精品天鹰皮甲+3	72	7	1	2	1	3796	0	有着天鹰徽章的军队统一皮甲	4500	0	0	0	0	1	105	68	0	0	0	35	22	0	0	0	0	0	0	0	0	0	0
1110010704	精品天鹰皮甲+4	72	7	1	2	1	3796	0	有着天鹰徽章的军队统一皮甲	5000	1000	13000	0	0	1	109	72	0	0	0	36	24	0	0	0	0	0	0	0	0	0	0
1110010705	精品天鹰皮甲+5	72	7	2	2	1	3796	0	有着天鹰徽章的军队统一皮甲	5500	3000	13000	0	0	1	113	76	0	0	0	37	25	0	0	0	0	0	0	0	0	0	0
1110010706	精品天鹰皮甲+6	72	7	2	2	1	3796	0	有着天鹰徽章的军队统一皮甲	6000	5000	13000	0	0	1	117	80	0	0	0	39	26	0	0	0	0	0	0	0	0	0	0
1110010707	精品天鹰皮甲+7	72	7	2	2	1	3796	0	有着天鹰徽章的军队统一皮甲	6500	7000	13000	0	0	1	121	84	0	0	0	40	28	0	0	0	0	0	0	0	0	0	0
1110010708	精品天鹰皮甲+8	72	7	3	2	1	3796	0	有着天鹰徽章的军队统一皮甲	7000	8000	13000	0	0	1	125	88	0	0	0	41	29	0	0	0	0	0	0	0	0	0	0
1110010709	精品天鹰皮甲+9	72	7	3	2	1	3796	0	有着天鹰徽章的军队统一皮甲	7500	9000	13000	0	0	1	129	92	0	0	0	43	30	0	0	0	0	0	0	0	0	0	0
1110010710	精品天鹰皮甲+10	72	7	4	2	1	3796	0	有着天鹰徽章的军队统一皮甲	0	10000	13000	0	0	1	133	96	0	0	0	44	32	0	0	0	0	0	0	0	0	0	0
1110020700	极品天鹰皮甲	72	7	0	2	2	3796	0	有着天鹰徽章的军队统一皮甲	3000	0	0	0	0	1	93	56	0	0	0	31	18	2	0	0	0	2	0	0	0	0	0
1110020701	极品天鹰皮甲+1	72	7	0	2	2	3796	0	有着天鹰徽章的军队统一皮甲	3500	0	0	0	0	1	97	60	0	0	0	32	20	2	0	0	0	2	0	0	0	0	0
1110020702	极品天鹰皮甲+2	72	7	0	2	2	3796	0	有着天鹰徽章的军队统一皮甲	4000	0	0	0	0	1	101	64	0	0	0	33	21	2	0	0	0	2	0	0	0	0	0
1110020703	极品天鹰皮甲+3	72	7	2	2	2	3796	0	有着天鹰徽章的军队统一皮甲	4500	0	0	0	0	1	105	68	0	0	0	35	22	2	0	0	0	2	0	0	0	0	0
1110020704	极品天鹰皮甲+4	72	7	2	2	2	3796	0	有着天鹰徽章的军队统一皮甲	5000	0	0	0	0	1	109	72	0	0	0	36	24	2	0	0	0	2	0	0	0	0	0
1110020705	极品天鹰皮甲+5	72	7	3	2	2	3796	0	有着天鹰徽章的军队统一皮甲	5500	500	15000	0	0	1	113	76	0	0	0	37	25	2	0	0	0	2	0	0	0	0	0
1110020706	极品天鹰皮甲+6	72	7	3	2	2	3796	0	有着天鹰徽章的军队统一皮甲	6000	700	15000	0	0	1	117	80	0	0	0	39	26	2	0	0	0	2	0	0	0	0	0
1110020707	极品天鹰皮甲+7	72	7	3	2	2	3796	0	有着天鹰徽章的军队统一皮甲	6500	900	15000	0	0	1	121	84	0	0	0	40	28	2	0	0	0	2	0	0	0	0	0
1110020708	极品天鹰皮甲+8	72	7	4	2	2	3796	0	有着天鹰徽章的军队统一皮甲	7000	1100	15000	0	0	1	125	88	0	0	0	41	29	2	0	0	0	2	0	0	0	0	0
1110020709	极品天鹰皮甲+9	72	7	4	2	2	3796	0	有着天鹰徽章的军队统一皮甲	7500	1300	15000	0	0	1	129	92	0	0	0	43	30	2	0	0	0	2	0	0	0	0	0
1110020710	极品天鹰皮甲+10	72	7	5	2	2	3796	0	有着天鹰徽章的军队统一皮甲	0	1500	15000	0	0	1	133	96	0	0	0	44	32	2	0	0	0	2	0	0	0	0	0
1110030700	完美天鹰皮甲	72	7	0	2	3	2160000	84	有着天鹰徽章的军队统一皮甲	3000	0	0	384	0	1	93	56	0	0	0	31	18	2	0	10	0	2	0	0	10	350	210
1110030701	完美天鹰皮甲+1	72	7	0	2	3	2160000	84	有着天鹰徽章的军队统一皮甲	3500	0	0	384	0	1	97	60	0	0	0	32	20	2	0	10	0	2	0	0	10	355	210
1110030702	完美天鹰皮甲+2	72	7	0	2	3	2160000	84	有着天鹰徽章的军队统一皮甲	4000	0	0	384	0	1	101	64	0	0	0	33	21	2	0	10	0	2	0	0	10	360	210
1110030703	完美天鹰皮甲+3	72	7	3	2	3	2160000	84	有着天鹰徽章的军队统一皮甲	4500	0	0	384	0	1	105	68	0	0	0	35	22	2	0	10	0	2	0	0	10	365	210
1110030704	完美天鹰皮甲+4	72	7	3	2	3	2160000	84	有着天鹰徽章的军队统一皮甲	5000	0	0	384	0	1	109	72	0	0	0	36	24	2	0	10	0	2	0	0	10	370	210
1110030705	完美天鹰皮甲+5	72	7	4	2	3	2160000	84	有着天鹰徽章的军队统一皮甲	5500	0	0	384	0	1	113	76	0	0	0	37	25	2	0	10	0	2	0	0	10	375	210
1110030706	完美天鹰皮甲+6	72	7	4	2	3	2160000	84	有着天鹰徽章的军队统一皮甲	6000	0	0	384	0	1	117	80	0	0	0	39	26	2	0	10	0	2	0	0	10	380	210
1110030707	完美天鹰皮甲+7	72	7	4	2	3	2160000	84	有着天鹰徽章的军队统一皮甲	6500	50	17000	384	0	1	121	84	0	0	0	40	28	2	0	10	0	2	0	0	10	385	210
1110030708	完美天鹰皮甲+8	72	7	5	2	3	2160000	84	有着天鹰徽章的军队统一皮甲	7000	150	17000	384	0	1	125	88	0	0	0	41	29	2	0	10	0	2	0	0	10	390	210
1110030709	完美天鹰皮甲+9	72	7	5	2	3	2160000	84	有着天鹰徽章的军队统一皮甲	7500	250	17000	384	0	1	129	92	0	0	0	43	30	2	0	10	0	2	0	0	10	395	210
1110030710	完美天鹰皮甲+10	72	7	6	2	3	2160000	84	有着天鹰徽章的军队统一皮甲	0	350	17000	384	0	1	133	96	0	0	0	44	32	2	0	10	0	2	0	0	10	400	210
1110040700	神品天鹰皮甲	72	7	0	2	4	3600000	144	有着天鹰徽章的军队统一皮甲	3000	0	0	640	0	1	93	56	0	0	0	31	18	2	10	10	10	2	10	10	10	350	210
1110040701	神品天鹰皮甲+1	72	7	0	2	4	3600000	144	有着天鹰徽章的军队统一皮甲	3500	0	0	640	0	1	97	60	0	0	0	32	20	2	10	10	10	2	10	10	10	355	210
1110040702	神品天鹰皮甲+2	72	7	0	2	4	3600000	144	有着天鹰徽章的军队统一皮甲	4000	0	0	640	0	1	101	64	0	0	0	33	21	2	10	10	10	2	10	10	10	360	210
1110040703	神品天鹰皮甲+3	72	7	4	2	4	3600000	144	有着天鹰徽章的军队统一皮甲	4500	0	0	640	0	1	105	68	0	0	0	35	22	2	10	10	10	2	10	10	10	365	210
1110040704	神品天鹰皮甲+4	72	7	4	2	4	3600000	144	有着天鹰徽章的军队统一皮甲	5000	0	0	640	0	1	109	72	0	0	0	36	24	2	10	10	10	2	10	10	10	370	210
1110040705	神品天鹰皮甲+5	72	7	5	2	4	3600000	144	有着天鹰徽章的军队统一皮甲	5500	0	0	640	0	1	113	76	0	0	0	37	25	2	10	10	10	2	10	10	10	375	210
1110040706	神品天鹰皮甲+6	72	7	5	2	4	3600000	144	有着天鹰徽章的军队统一皮甲	6000	0	0	640	0	1	117	80	0	0	0	39	26	2	10	10	10	2	10	10	10	380	210
1110040707	神品天鹰皮甲+7	72	7	5	2	4	3600000	144	有着天鹰徽章的军队统一皮甲	6500	0	0	640	0	1	121	84	0	0	0	40	28	2	10	10	10	2	10	10	10	385	210
1110040708	神品天鹰皮甲+8	72	7	6	2	4	3600000	144	有着天鹰徽章的军队统一皮甲	7000	0	0	640	0	1	125	88	0	0	0	41	29	2	10	10	10	2	10	10	10	390	210
1110040709	神品天鹰皮甲+9	72	7	6	2	4	3600000	144	有着天鹰徽章的军队统一皮甲	7500	0	0	640	0	1	129	92	0	0	0	43	30	2	10	10	10	2	10	10	10	395	210
1110040710	神品天鹰皮甲+10	72	7	7	2	4	3600000	144	有着天鹰徽章的军队统一皮甲	0	0	0	640	0	1	133	96	0	0	0	44	32	2	10	10	10	2	10	10	10	400	210
1110000800	穿云皮甲	84	8	0	2	0	5695	0	有一箭穿云神功的弓手的皮甲	4500	0	0	0	0	1	113	66	0	0	0	0	0	0	0	0	0	0	0	0	0	0	0
1110000801	穿云皮甲+1	84	8	0	2	0	5695	0	有一箭穿云神功的弓手的皮甲	5000	0	0	0	0	1	117	70	0	0	0	0	0	0	0	0	0	0	0	0	0	0	0
1110000802	穿云皮甲+2	84	8	0	2	0	5695	0	有一箭穿云神功的弓手的皮甲	5500	0	0	0	0	1	121	74	0	0	0	0	0	0	0	0	0	0	0	0	0	0	0
1110000803	穿云皮甲+3	84	8	0	2	0	5695	0	有一箭穿云神功的弓手的皮甲	6000	7500	15000	0	0	1	125	78	0	0	0	0	0	0	0	0	0	0	0	0	0	0	0
1110000804	穿云皮甲+4	84	8	0	2	0	5695	0	有一箭穿云神功的弓手的皮甲	6500	8500	15000	0	0	1	129	82	0	0	0	0	0	0	0	0	0	0	0	0	0	0	0
1110000805	穿云皮甲+5	84	8	0	2	0	5695	0	有一箭穿云神功的弓手的皮甲	7000	9500	15000	0	0	1	133	86	0	0	0	0	0	0	0	0	0	0	0	0	0	0	0
1110000806	穿云皮甲+6	84	8	0	2	0	5695	0	有一箭穿云神功的弓手的皮甲	7500	10000	15000	0	0	1	137	90	0	0	0	0	0	0	0	0	0	0	0	0	0	0	0
1110000807	穿云皮甲+7	84	8	0	2	0	5695	0	有一箭穿云神功的弓手的皮甲	8000	10000	15000	0	0	1	141	94	0	0	0	0	0	0	0	0	0	0	0	0	0	0	0
1110000808	穿云皮甲+8	84	8	0	2	0	5695	0	有一箭穿云神功的弓手的皮甲	8500	10000	15000	0	0	1	145	98	0	0	0	0	0	0	0	0	0	0	0	0	0	0	0
1110000809	穿云皮甲+9	84	8	0	2	0	5695	0	有一箭穿云神功的弓手的皮甲	9000	10000	15000	0	0	1	149	102	0	0	0	0	0	0	0	0	0	0	0	0	0	0	0
1110000810	穿云皮甲+10	84	8	0	2	0	5695	0	有一箭穿云神功的弓手的皮甲	0	10000	15000	0	0	1	153	106	0	0	0	0	0	0	0	0	0	0	0	0	0	0	0
1110010800	精品穿云皮甲	84	8	0	2	1	5695	0	有一箭穿云神功的弓手的皮甲	4500	0	0	0	0	1	113	66	0	0	0	37	22	0	0	0	0	0	0	0	0	0	0
1110010801	精品穿云皮甲+1	84	8	0	2	1	5695	0	有一箭穿云神功的弓手的皮甲	5000	0	0	0	0	1	117	70	0	0	0	39	23	0	0	0	0	0	0	0	0	0	0
1110010802	精品穿云皮甲+2	84	8	0	2	1	5695	0	有一箭穿云神功的弓手的皮甲	5500	0	0	0	0	1	121	74	0	0	0	40	24	0	0	0	0	0	0	0	0	0	0
1110010803	精品穿云皮甲+3	84	8	1	2	1	5695	0	有一箭穿云神功的弓手的皮甲	6000	0	0	0	0	1	125	78	0	0	0	41	26	0	0	0	0	0	0	0	0	0	0
1110010804	精品穿云皮甲+4	84	8	1	2	1	5695	0	有一箭穿云神功的弓手的皮甲	6500	1000	18000	0	0	1	129	82	0	0	0	43	27	0	0	0	0	0	0	0	0	0	0
1110010805	精品穿云皮甲+5	84	8	2	2	1	5695	0	有一箭穿云神功的弓手的皮甲	7000	2000	18000	0	0	1	133	86	0	0	0	44	28	0	0	0	0	0	0	0	0	0	0
1110010806	精品穿云皮甲+6	84	8	2	2	1	5695	0	有一箭穿云神功的弓手的皮甲	7500	3000	18000	0	0	1	137	90	0	0	0	45	30	0	0	0	0	0	0	0	0	0	0
1110010807	精品穿云皮甲+7	84	8	2	2	1	5695	0	有一箭穿云神功的弓手的皮甲	8000	4000	18000	0	0	1	141	94	0	0	0	47	31	0	0	0	0	0	0	0	0	0	0
1110010808	精品穿云皮甲+8	84	8	3	2	1	5695	0	有一箭穿云神功的弓手的皮甲	8500	6000	18000	0	0	1	145	98	0	0	0	48	32	0	0	0	0	0	0	0	0	0	0
1110010809	精品穿云皮甲+9	84	8	3	2	1	5695	0	有一箭穿云神功的弓手的皮甲	9000	8000	18000	0	0	1	149	102	0	0	0	49	34	0	0	0	0	0	0	0	0	0	0
1110010810	精品穿云皮甲+10	84	8	4	2	1	5695	0	有一箭穿云神功的弓手的皮甲	0	10000	18000	0	0	1	153	106	0	0	0	51	35	0	0	0	0	0	0	0	0	0	0
1110020800	极品穿云皮甲	84	8	0	2	2	5695	0	有一箭穿云神功的弓手的皮甲	4500	0	0	0	0	1	113	66	0	0	0	37	22	2	0	0	0	2	0	0	0	0	0
1110020801	极品穿云皮甲+1	84	8	0	2	2	5695	0	有一箭穿云神功的弓手的皮甲	5000	0	0	0	0	1	117	70	0	0	0	39	23	2	0	0	0	2	0	0	0	0	0
1110020802	极品穿云皮甲+2	84	8	0	2	2	5695	0	有一箭穿云神功的弓手的皮甲	5500	0	0	0	0	1	121	74	0	0	0	40	24	2	0	0	0	2	0	0	0	0	0
1110020803	极品穿云皮甲+3	84	8	2	2	2	5695	0	有一箭穿云神功的弓手的皮甲	6000	0	0	0	0	1	125	78	0	0	0	41	26	2	0	0	0	2	0	0	0	0	0
1110020804	极品穿云皮甲+4	84	8	2	2	2	5695	0	有一箭穿云神功的弓手的皮甲	6500	0	0	0	0	1	129	82	0	0	0	43	27	2	0	0	0	2	0	0	0	0	0
1110020805	极品穿云皮甲+5	84	8	3	2	2	5695	0	有一箭穿云神功的弓手的皮甲	7000	500	21000	0	0	1	133	86	0	0	0	44	28	2	0	0	0	2	0	0	0	0	0
1110020806	极品穿云皮甲+6	84	8	3	2	2	5695	0	有一箭穿云神功的弓手的皮甲	7500	700	21000	0	0	1	137	90	0	0	0	45	30	2	0	0	0	2	0	0	0	0	0
1110020807	极品穿云皮甲+7	84	8	3	2	2	5695	0	有一箭穿云神功的弓手的皮甲	8000	900	21000	0	0	1	141	94	0	0	0	47	31	2	0	0	0	2	0	0	0	0	0
1110020808	极品穿云皮甲+8	84	8	4	2	2	5695	0	有一箭穿云神功的弓手的皮甲	8500	1100	21000	0	0	1	145	98	0	0	0	48	32	2	0	0	0	2	0	0	0	0	0
1110020809	极品穿云皮甲+9	84	8	4	2	2	5695	0	有一箭穿云神功的弓手的皮甲	9000	1300	21000	0	0	1	149	102	0	0	0	49	34	2	0	0	0	2	0	0	0	0	0
1110020810	极品穿云皮甲+10	84	8	5	2	2	5695	0	有一箭穿云神功的弓手的皮甲	0	1500	21000	0	0	1	153	106	0	0	0	51	35	2	0	0	0	2	0	0	0	0	0
1110030800	完美穿云皮甲	84	8	0	2	3	3120000	109	有一箭穿云神功的弓手的皮甲	4500	0	0	480	0	1	113	66	0	0	0	37	22	2	0	10	0	2	0	0	10	400	240
1110030801	完美穿云皮甲+1	84	8	0	2	3	3120000	109	有一箭穿云神功的弓手的皮甲	5000	0	0	480	0	1	117	70	0	0	0	39	23	2	0	10	0	2	0	0	10	405	240
1110030802	完美穿云皮甲+2	84	8	0	2	3	3120000	109	有一箭穿云神功的弓手的皮甲	5500	0	0	480	0	1	121	74	0	0	0	40	24	2	0	10	0	2	0	0	10	410	240
1110030803	完美穿云皮甲+3	84	8	3	2	3	3120000	109	有一箭穿云神功的弓手的皮甲	6000	0	0	480	0	1	125	78	0	0	0	41	26	2	0	10	0	2	0	0	10	415	240
1110030804	完美穿云皮甲+4	84	8	3	2	3	3120000	109	有一箭穿云神功的弓手的皮甲	6500	0	0	480	0	1	129	82	0	0	0	43	27	2	0	10	0	2	0	0	10	420	240
1110030805	完美穿云皮甲+5	84	8	4	2	3	3120000	109	有一箭穿云神功的弓手的皮甲	7000	0	0	480	0	1	133	86	0	0	0	44	28	2	0	10	0	2	0	0	10	425	240
1110030806	完美穿云皮甲+6	84	8	4	2	3	3120000	109	有一箭穿云神功的弓手的皮甲	7500	0	0	480	0	1	137	90	0	0	0	45	30	2	0	10	0	2	0	0	10	430	240
1110030807	完美穿云皮甲+7	84	8	4	2	3	3120000	109	有一箭穿云神功的弓手的皮甲	8000	50	24000	480	0	1	141	94	0	0	0	47	31	2	0	10	0	2	0	0	10	435	240
1110030808	完美穿云皮甲+8	84	8	5	2	3	3120000	109	有一箭穿云神功的弓手的皮甲	8500	150	24000	480	0	1	145	98	0	0	0	48	32	2	0	10	0	2	0	0	10	440	240
1110030809	完美穿云皮甲+9	84	8	5	2	3	3120000	109	有一箭穿云神功的弓手的皮甲	9000	250	24000	480	0	1	149	102	0	0	0	49	34	2	0	10	0	2	0	0	10	445	240
1110030810	完美穿云皮甲+10	84	8	6	2	3	3120000	109	有一箭穿云神功的弓手的皮甲	0	350	24000	480	0	1	153	106	0	0	0	51	35	2	0	10	0	2	0	0	10	450	240
1110040800	神品穿云皮甲	84	8	0	2	4	5200000	182	有一箭穿云神功的弓手的皮甲	4500	0	0	800	0	1	113	66	0	0	0	37	22	2	10	10	10	2	10	10	10	400	240
1110040801	神品穿云皮甲+1	84	8	0	2	4	5200000	182	有一箭穿云神功的弓手的皮甲	5000	0	0	800	0	1	117	70	0	0	0	39	23	2	10	10	10	2	10	10	10	405	240
1110040802	神品穿云皮甲+2	84	8	0	2	4	5200000	182	有一箭穿云神功的弓手的皮甲	5500	0	0	800	0	1	121	74	0	0	0	40	24	2	10	10	10	2	10	10	10	410	240
1110040803	神品穿云皮甲+3	84	8	4	2	4	5200000	182	有一箭穿云神功的弓手的皮甲	6000	0	0	800	0	1	125	78	0	0	0	41	26	2	10	10	10	2	10	10	10	415	240
1110040804	神品穿云皮甲+4	84	8	4	2	4	5200000	182	有一箭穿云神功的弓手的皮甲	6500	0	0	800	0	1	129	82	0	0	0	43	27	2	10	10	10	2	10	10	10	420	240
1110040805	神品穿云皮甲+5	84	8	5	2	4	5200000	182	有一箭穿云神功的弓手的皮甲	7000	0	0	800	0	1	133	86	0	0	0	44	28	2	10	10	10	2	10	10	10	425	240
1110040806	神品穿云皮甲+6	84	8	5	2	4	5200000	182	有一箭穿云神功的弓手的皮甲	7500	0	0	800	0	1	137	90	0	0	0	45	30	2	10	10	10	2	10	10	10	430	240
1110040807	神品穿云皮甲+7	84	8	5	2	4	5200000	182	有一箭穿云神功的弓手的皮甲	8000	0	0	800	0	1	141	94	0	0	0	47	31	2	10	10	10	2	10	10	10	435	240
1110040808	神品穿云皮甲+8	84	8	6	2	4	5200000	182	有一箭穿云神功的弓手的皮甲	8500	0	0	800	0	1	145	98	0	0	0	48	32	2	10	10	10	2	10	10	10	440	240
1110040809	神品穿云皮甲+9	84	8	6	2	4	5200000	182	有一箭穿云神功的弓手的皮甲	9000	0	0	800	0	1	149	102	0	0	0	49	34	2	10	10	10	2	10	10	10	445	240
1110040810	神品穿云皮甲+10	84	8	7	2	4	5200000	182	有一箭穿云神功的弓手的皮甲	0	0	0	800	0	1	153	106	0	0	0	51	35	2	10	10	10	2	10	10	10	450	240
1110000900	封魔皮甲	96	9	0	2	0	8542	0	镇守地狱之门的皮甲	6000	0	0	0	0	1	133	76	0	0	0	0	0	0	0	0	0	0	0	0	0	0	0
1110000901	封魔皮甲+1	96	9	0	2	0	8542	0	镇守地狱之门的皮甲	7000	0	0	0	0	1	137	80	0	0	0	0	0	0	0	0	0	0	0	0	0	0	0
1110000902	封魔皮甲+2	96	9	0	2	0	8542	0	镇守地狱之门的皮甲	8000	0	0	0	0	1	141	84	0	0	0	0	0	0	0	0	0	0	0	0	0	0	0
1110000903	封魔皮甲+3	96	9	0	2	0	8542	0	镇守地狱之门的皮甲	9000	6000	21000	0	0	1	145	88	0	0	0	0	0	0	0	0	0	0	0	0	0	0	0
1110000904	封魔皮甲+4	96	9	0	2	0	8542	0	镇守地狱之门的皮甲	10000	7000	21000	0	0	1	149	92	0	0	0	0	0	0	0	0	0	0	0	0	0	0	0
1110000905	封魔皮甲+5	96	9	0	2	0	8542	0	镇守地狱之门的皮甲	11000	8000	21000	0	0	1	153	96	0	0	0	0	0	0	0	0	0	0	0	0	0	0	0
1110000906	封魔皮甲+6	96	9	0	2	0	8542	0	镇守地狱之门的皮甲	12000	9000	21000	0	0	1	157	100	0	0	0	0	0	0	0	0	0	0	0	0	0	0	0
1110000907	封魔皮甲+7	96	9	0	2	0	8542	0	镇守地狱之门的皮甲	13000	10000	21000	0	0	1	161	104	0	0	0	0	0	0	0	0	0	0	0	0	0	0	0
1110000908	封魔皮甲+8	96	9	0	2	0	8542	0	镇守地狱之门的皮甲	14000	10000	21000	0	0	1	165	108	0	0	0	0	0	0	0	0	0	0	0	0	0	0	0
1110000909	封魔皮甲+9	96	9	0	2	0	8542	0	镇守地狱之门的皮甲	15000	10000	21000	0	0	1	169	112	0	0	0	0	0	0	0	0	0	0	0	0	0	0	0
1110000910	封魔皮甲+10	96	9	0	2	0	8542	0	镇守地狱之门的皮甲	0	10000	21000	0	0	1	173	116	0	0	0	0	0	0	0	0	0	0	0	0	0	0	0
1110010900	精品封魔皮甲	96	9	0	2	1	8542	0	镇守地狱之门的皮甲	6000	0	0	0	0	1	133	76	0	0	0	44	25	0	0	0	0	0	0	0	0	0	0
1110010901	精品封魔皮甲+1	96	9	0	2	1	8542	0	镇守地狱之门的皮甲	7000	0	0	0	0	1	137	80	0	0	0	45	26	0	0	0	0	0	0	0	0	0	0
1110010902	精品封魔皮甲+2	96	9	0	2	1	8542	0	镇守地狱之门的皮甲	8000	0	0	0	0	1	141	84	0	0	0	47	28	0	0	0	0	0	0	0	0	0	0
1110010903	精品封魔皮甲+3	96	9	1	2	1	8542	0	镇守地狱之门的皮甲	9000	0	0	0	0	1	145	88	0	0	0	48	29	0	0	0	0	0	0	0	0	0	0
1110010904	精品封魔皮甲+4	96	9	1	2	1	8542	0	镇守地狱之门的皮甲	10000	1000	24000	0	0	1	149	92	0	0	0	49	30	0	0	0	0	0	0	0	0	0	0
1110010905	精品封魔皮甲+5	96	9	2	2	1	8542	0	镇守地狱之门的皮甲	11000	2000	24000	0	0	1	153	96	0	0	0	51	32	0	0	0	0	0	0	0	0	0	0
1110010906	精品封魔皮甲+6	96	9	2	2	1	8542	0	镇守地狱之门的皮甲	12000	3000	24000	0	0	1	157	100	0	0	0	52	33	0	0	0	0	0	0	0	0	0	0
1110010907	精品封魔皮甲+7	96	9	2	2	1	8542	0	镇守地狱之门的皮甲	13000	4000	24000	0	0	1	161	104	0	0	0	53	34	0	0	0	0	0	0	0	0	0	0
1110010908	精品封魔皮甲+8	96	9	3	2	1	8542	0	镇守地狱之门的皮甲	14000	6000	24000	0	0	1	165	108	0	0	0	55	36	0	0	0	0	0	0	0	0	0	0
1110010909	精品封魔皮甲+9	96	9	3	2	1	8542	0	镇守地狱之门的皮甲	15000	8000	24000	0	0	1	169	112	0	0	0	56	37	0	0	0	0	0	0	0	0	0	0
1110010910	精品封魔皮甲+10	96	9	4	2	1	8542	0	镇守地狱之门的皮甲	0	10000	24000	0	0	1	173	116	0	0	0	57	38	0	0	0	0	0	0	0	0	0	0
1110020900	极品封魔皮甲	96	9	0	2	2	8542	0	镇守地狱之门的皮甲	6000	0	0	0	0	1	133	76	0	0	0	44	25	2	0	0	0	2	0	0	0	0	0
1110020901	极品封魔皮甲+1	96	9	0	2	2	8542	0	镇守地狱之门的皮甲	7000	0	0	0	0	1	137	80	0	0	0	45	26	2	0	0	0	2	0	0	0	0	0
1110020902	极品封魔皮甲+2	96	9	0	2	2	8542	0	镇守地狱之门的皮甲	8000	0	0	0	0	1	141	84	0	0	0	47	28	2	0	0	0	2	0	0	0	0	0
1110020903	极品封魔皮甲+3	96	9	2	2	2	8542	0	镇守地狱之门的皮甲	9000	0	0	0	0	1	145	88	0	0	0	48	29	2	0	0	0	2	0	0	0	0	0
1110020904	极品封魔皮甲+4	96	9	2	2	2	8542	0	镇守地狱之门的皮甲	10000	0	0	0	0	1	149	92	0	0	0	49	30	2	0	0	0	2	0	0	0	0	0
1110020905	极品封魔皮甲+5	96	9	3	2	2	8542	0	镇守地狱之门的皮甲	11000	200	27000	0	0	1	153	96	0	0	0	51	32	2	0	0	0	2	0	0	0	0	0
1110020906	极品封魔皮甲+6	96	9	3	2	2	8542	0	镇守地狱之门的皮甲	12000	400	27000	0	0	1	157	100	0	0	0	52	33	2	0	0	0	2	0	0	0	0	0
1110020907	极品封魔皮甲+7	96	9	3	2	2	8542	0	镇守地狱之门的皮甲	13000	600	27000	0	0	1	161	104	0	0	0	53	34	2	0	0	0	2	0	0	0	0	0
1110020908	极品封魔皮甲+8	96	9	4	2	2	8542	0	镇守地狱之门的皮甲	14000	800	27000	0	0	1	165	108	0	0	0	55	36	2	0	0	0	2	0	0	0	0	0
1110020909	极品封魔皮甲+9	96	9	4	2	2	8542	0	镇守地狱之门的皮甲	15000	1000	27000	0	0	1	169	112	0	0	0	56	37	2	0	0	0	2	0	0	0	0	0
1110020910	极品封魔皮甲+10	96	9	5	2	2	8542	0	镇守地狱之门的皮甲	0	1200	27000	0	0	1	173	116	0	0	0	57	38	2	0	0	0	2	0	0	0	0	0
1110030900	完美封魔皮甲	96	9	0	2	3	4320000	130	镇守地狱之门的皮甲	6000	0	0	576	0	1	133	76	0	0	0	44	25	2	0	10	0	2	0	0	10	450	270
1110030901	完美封魔皮甲+1	96	9	0	2	3	4320000	130	镇守地狱之门的皮甲	7000	0	0	576	0	1	137	80	0	0	0	45	26	2	0	10	0	2	0	0	10	455	270
1110030902	完美封魔皮甲+2	96	9	0	2	3	4320000	130	镇守地狱之门的皮甲	8000	0	0	576	0	1	141	84	0	0	0	47	28	2	0	10	0	2	0	0	10	460	270
1110030903	完美封魔皮甲+3	96	9	3	2	3	4320000	130	镇守地狱之门的皮甲	9000	0	0	576	0	1	145	88	0	0	0	48	29	2	0	10	0	2	0	0	10	465	270
1110030904	完美封魔皮甲+4	96	9	3	2	3	4320000	130	镇守地狱之门的皮甲	10000	0	0	576	0	1	149	92	0	0	0	49	30	2	0	10	0	2	0	0	10	470	270
1110030905	完美封魔皮甲+5	96	9	4	2	3	4320000	130	镇守地狱之门的皮甲	11000	0	0	576	0	1	153	96	0	0	0	51	32	2	0	10	0	2	0	0	10	475	270
1110030906	完美封魔皮甲+6	96	9	4	2	3	4320000	130	镇守地狱之门的皮甲	12000	0	0	576	0	1	157	100	0	0	0	52	33	2	0	10	0	2	0	0	10	480	270
1110030907	完美封魔皮甲+7	96	9	4	2	3	4320000	130	镇守地狱之门的皮甲	13000	70	30000	576	0	1	161	104	0	0	0	53	34	2	0	10	0	2	0	0	10	485	270
1110030908	完美封魔皮甲+8	96	9	5	2	3	4320000	130	镇守地狱之门的皮甲	14000	170	30000	576	0	1	165	108	0	0	0	55	36	2	0	10	0	2	0	0	10	490	270
1110030909	完美封魔皮甲+9	96	9	5	2	3	4320000	130	镇守地狱之门的皮甲	15000	270	30000	576	0	1	169	112	0	0	0	56	37	2	0	10	0	2	0	0	10	495	270
1110030910	完美封魔皮甲+10	96	9	6	2	3	4320000	130	镇守地狱之门的皮甲	0	370	30000	576	0	1	173	116	0	0	0	57	38	2	0	10	0	2	0	0	10	500	270
1110040900	神品封魔皮甲	96	9	0	2	4	7200000	216	镇守地狱之门的皮甲	6000	0	0	960	0	1	133	76	0	0	0	44	25	2	10	10	10	2	10	10	10	450	270
1110040901	神品封魔皮甲+1	96	9	0	2	4	7200000	216	镇守地狱之门的皮甲	7000	0	0	960	0	1	137	80	0	0	0	45	26	2	10	10	10	2	10	10	10	455	270
1110040902	神品封魔皮甲+2	96	9	0	2	4	7200000	216	镇守地狱之门的皮甲	8000	0	0	960	0	1	141	84	0	0	0	47	28	2	10	10	10	2	10	10	10	460	270
1110040903	神品封魔皮甲+3	96	9	4	2	4	7200000	216	镇守地狱之门的皮甲	9000	0	0	960	0	1	145	88	0	0	0	48	29	2	10	10	10	2	10	10	10	465	270
1110040904	神品封魔皮甲+4	96	9	4	2	4	7200000	216	镇守地狱之门的皮甲	10000	0	0	960	0	1	149	92	0	0	0	49	30	2	10	10	10	2	10	10	10	470	270
1110040905	神品封魔皮甲+5	96	9	5	2	4	7200000	216	镇守地狱之门的皮甲	11000	0	0	960	0	1	153	96	0	0	0	51	32	2	10	10	10	2	10	10	10	475	270
1110040906	神品封魔皮甲+6	96	9	5	2	4	7200000	216	镇守地狱之门的皮甲	12000	0	0	960	0	1	157	100	0	0	0	52	33	2	10	10	10	2	10	10	10	480	270
1110040907	神品封魔皮甲+7	96	9	5	2	4	7200000	216	镇守地狱之门的皮甲	13000	0	0	960	0	1	161	104	0	0	0	53	34	2	10	10	10	2	10	10	10	485	270
1110040908	神品封魔皮甲+8	96	9	6	2	4	7200000	216	镇守地狱之门的皮甲	14000	0	0	960	0	1	165	108	0	0	0	55	36	2	10	10	10	2	10	10	10	490	270
1110040909	神品封魔皮甲+9	96	9	6	2	4	7200000	216	镇守地狱之门的皮甲	15000	0	0	960	0	1	169	112	0	0	0	56	37	2	10	10	10	2	10	10	10	495	270
1110040910	神品封魔皮甲+10	96	9	7	2	4	7200000	216	镇守地狱之门的皮甲	0	0	0	960	0	1	173	116	0	0	0	57	38	2	10	10	10	2	10	10	10	500	270
1110001000	狩猎皮甲	108	10	0	3	0	16017	0	狩猎天神祝福弓手更加矫健的皮甲	10000	0	0	0	0	1	153	86	0	0	0	0	0	0	0	0	0	0	0	0	0	0	0
1110001001	狩猎皮甲+1	108	10	0	3	0	16017	0	狩猎天神祝福弓手更加矫健的皮甲	11000	0	0	0	0	1	157	90	0	0	0	0	0	0	0	0	0	0	0	0	0	0	0
1110001002	狩猎皮甲+2	108	10	0	3	0	16017	0	狩猎天神祝福弓手更加矫健的皮甲	12000	0	0	0	0	1	161	94	0	0	0	0	0	0	0	0	0	0	0	0	0	0	0
1110001003	狩猎皮甲+3	108	10	0	3	0	16017	0	狩猎天神祝福弓手更加矫健的皮甲	13000	6000	27000	0	0	1	165	98	0	0	0	0	0	0	0	0	0	0	0	0	0	0	0
1110001004	狩猎皮甲+4	108	10	0	3	0	16017	0	狩猎天神祝福弓手更加矫健的皮甲	14000	6500	27000	0	0	1	169	102	0	0	0	0	0	0	0	0	0	0	0	0	0	0	0
1110001005	狩猎皮甲+5	108	10	0	3	0	16017	0	狩猎天神祝福弓手更加矫健的皮甲	15000	7000	27000	0	0	1	173	106	0	0	0	0	0	0	0	0	0	0	0	0	0	0	0
1110001006	狩猎皮甲+6	108	10	0	3	0	16017	0	狩猎天神祝福弓手更加矫健的皮甲	16000	7500	27000	0	0	1	177	110	0	0	0	0	0	0	0	0	0	0	0	0	0	0	0
1110001007	狩猎皮甲+7	108	10	0	3	0	16017	0	狩猎天神祝福弓手更加矫健的皮甲	17000	8000	27000	0	0	1	181	114	0	0	0	0	0	0	0	0	0	0	0	0	0	0	0
1110001008	狩猎皮甲+8	108	10	0	3	0	16017	0	狩猎天神祝福弓手更加矫健的皮甲	18000	8500	27000	0	0	1	185	118	0	0	0	0	0	0	0	0	0	0	0	0	0	0	0
1110001009	狩猎皮甲+9	108	10	0	3	0	16017	0	狩猎天神祝福弓手更加矫健的皮甲	19000	9000	27000	0	0	1	189	122	0	0	0	0	0	0	0	0	0	0	0	0	0	0	0
1110001010	狩猎皮甲+10	108	10	0	3	0	16017	0	狩猎天神祝福弓手更加矫健的皮甲	0	9500	27000	0	0	1	193	126	0	0	0	0	0	0	0	0	0	0	0	0	0	0	0
1110011000	精品狩猎皮甲	108	10	0	3	1	16017	0	狩猎天神祝福弓手更加矫健的皮甲	10000	0	0	0	0	1	153	86	0	0	0	51	28	0	0	0	0	0	0	0	0	0	0
1110011001	精品狩猎皮甲+1	108	10	0	3	1	16017	0	狩猎天神祝福弓手更加矫健的皮甲	11000	0	0	0	0	1	157	90	0	0	0	52	30	0	0	0	0	0	0	0	0	0	0
1110011002	精品狩猎皮甲+2	108	10	0	3	1	16017	0	狩猎天神祝福弓手更加矫健的皮甲	12000	0	0	0	0	1	161	94	0	0	0	53	31	0	0	0	0	0	0	0	0	0	0
1110011003	精品狩猎皮甲+3	108	10	1	3	1	16017	0	狩猎天神祝福弓手更加矫健的皮甲	13000	0	0	0	0	1	165	98	0	0	0	55	32	0	0	0	0	0	0	0	0	0	0
1110011004	精品狩猎皮甲+4	108	10	1	3	1	16017	0	狩猎天神祝福弓手更加矫健的皮甲	14000	1000	31000	0	0	1	169	102	0	0	0	56	34	0	0	0	0	0	0	0	0	0	0
1110011005	精品狩猎皮甲+5	108	10	2	3	1	16017	0	狩猎天神祝福弓手更加矫健的皮甲	15000	2000	31000	0	0	1	173	106	0	0	0	57	35	0	0	0	0	0	0	0	0	0	0
1110011006	精品狩猎皮甲+6	108	10	2	3	1	16017	0	狩猎天神祝福弓手更加矫健的皮甲	16000	3000	31000	0	0	1	177	110	0	0	0	59	36	0	0	0	0	0	0	0	0	0	0
1110011007	精品狩猎皮甲+7	108	10	2	3	1	16017	0	狩猎天神祝福弓手更加矫健的皮甲	17000	4000	31000	0	0	1	181	114	0	0	0	60	38	0	0	0	0	0	0	0	0	0	0
1110011008	精品狩猎皮甲+8	108	10	3	3	1	16017	0	狩猎天神祝福弓手更加矫健的皮甲	18000	6000	31000	0	0	1	185	118	0	0	0	61	39	0	0	0	0	0	0	0	0	0	0
1110011009	精品狩猎皮甲+9	108	10	3	3	1	16017	0	狩猎天神祝福弓手更加矫健的皮甲	19000	8000	31000	0	0	1	189	122	0	0	0	63	40	0	0	0	0	0	0	0	0	0	0
1110011010	精品狩猎皮甲+10	108	10	4	3	1	16017	0	狩猎天神祝福弓手更加矫健的皮甲	0	10000	31000	0	0	1	193	126	0	0	0	64	42	0	0	0	0	0	0	0	0	0	0
1110021000	极品狩猎皮甲	108	10	0	3	2	16017	0	狩猎天神祝福弓手更加矫健的皮甲	10000	0	0	0	0	1	153	86	0	0	0	51	28	2	0	0	0	2	0	0	0	0	0
1110021001	极品狩猎皮甲+1	108	10	0	3	2	16017	0	狩猎天神祝福弓手更加矫健的皮甲	11000	0	0	0	0	1	157	90	0	0	0	52	30	2	0	0	0	2	0	0	0	0	0
1110021002	极品狩猎皮甲+2	108	10	0	3	2	16017	0	狩猎天神祝福弓手更加矫健的皮甲	12000	0	0	0	0	1	161	94	0	0	0	53	31	2	0	0	0	2	0	0	0	0	0
1110021003	极品狩猎皮甲+3	108	10	2	3	2	16017	0	狩猎天神祝福弓手更加矫健的皮甲	13000	0	0	0	0	1	165	98	0	0	0	55	32	2	0	0	0	2	0	0	0	0	0
1110021004	极品狩猎皮甲+4	108	10	2	3	2	16017	0	狩猎天神祝福弓手更加矫健的皮甲	14000	0	0	0	0	1	169	102	0	0	0	56	34	2	0	0	0	2	0	0	0	0	0
1110021005	极品狩猎皮甲+5	108	10	3	3	2	16017	0	狩猎天神祝福弓手更加矫健的皮甲	15000	200	35000	0	0	1	173	106	0	0	0	57	35	2	0	0	0	2	0	0	0	0	0
1110021006	极品狩猎皮甲+6	108	10	3	3	2	16017	0	狩猎天神祝福弓手更加矫健的皮甲	16000	400	35000	0	0	1	177	110	0	0	0	59	36	2	0	0	0	2	0	0	0	0	0
1110021007	极品狩猎皮甲+7	108	10	3	3	2	16017	0	狩猎天神祝福弓手更加矫健的皮甲	17000	600	35000	0	0	1	181	114	0	0	0	60	38	2	0	0	0	2	0	0	0	0	0
1110021008	极品狩猎皮甲+8	108	10	4	3	2	16017	0	狩猎天神祝福弓手更加矫健的皮甲	18000	800	35000	0	0	1	185	118	0	0	0	61	39	2	0	0	0	2	0	0	0	0	0
1110021009	极品狩猎皮甲+9	108	10	4	3	2	16017	0	狩猎天神祝福弓手更加矫健的皮甲	19000	1000	35000	0	0	1	189	122	0	0	0	63	40	2	0	0	0	2	0	0	0	0	0
1110021010	极品狩猎皮甲+10	108	10	5	3	2	16017	0	狩猎天神祝福弓手更加矫健的皮甲	0	1200	35000	0	0	1	193	126	0	0	0	64	42	2	0	0	0	2	0	0	0	0	0
1110031000	完美狩猎皮甲	108	10	0	3	3	5760000	173	狩猎天神祝福弓手更加矫健的皮甲	10000	0	0	672	0	1	153	86	0	0	0	51	28	2	0	10	0	2	0	0	10	500	300
1110031001	完美狩猎皮甲+1	108	10	0	3	3	5760000	173	狩猎天神祝福弓手更加矫健的皮甲	11000	0	0	672	0	1	157	90	0	0	0	52	30	2	0	10	0	2	0	0	10	505	300
1110031002	完美狩猎皮甲+2	108	10	0	3	3	5760000	173	狩猎天神祝福弓手更加矫健的皮甲	12000	0	0	672	0	1	161	94	0	0	0	53	31	2	0	10	0	2	0	0	10	510	300
1110031003	完美狩猎皮甲+3	108	10	3	3	3	5760000	173	狩猎天神祝福弓手更加矫健的皮甲	13000	0	0	672	0	1	165	98	0	0	0	55	32	2	0	10	0	2	0	0	10	515	300
1110031004	完美狩猎皮甲+4	108	10	3	3	3	5760000	173	狩猎天神祝福弓手更加矫健的皮甲	14000	0	0	672	0	1	169	102	0	0	0	56	34	2	0	10	0	2	0	0	10	520	300
1110031005	完美狩猎皮甲+5	108	10	4	3	3	5760000	173	狩猎天神祝福弓手更加矫健的皮甲	15000	0	0	672	0	1	173	106	0	0	0	57	35	2	0	10	0	2	0	0	10	525	300
1110031006	完美狩猎皮甲+6	108	10	4	3	3	5760000	173	狩猎天神祝福弓手更加矫健的皮甲	16000	0	0	672	0	1	177	110	0	0	0	59	36	2	0	10	0	2	0	0	10	530	300
1110031007	完美狩猎皮甲+7	108	10	4	3	3	5760000	173	狩猎天神祝福弓手更加矫健的皮甲	17000	70	39000	672	0	1	181	114	0	0	0	60	38	2	0	10	0	2	0	0	10	535	300
1110031008	完美狩猎皮甲+8	108	10	5	3	3	5760000	173	狩猎天神祝福弓手更加矫健的皮甲	18000	170	39000	672	0	1	185	118	0	0	0	61	39	2	0	10	0	2	0	0	10	540	300
1110031009	完美狩猎皮甲+9	108	10	5	3	3	5760000	173	狩猎天神祝福弓手更加矫健的皮甲	19000	270	39000	672	0	1	189	122	0	0	0	63	40	2	0	10	0	2	0	0	10	545	300
1110031010	完美狩猎皮甲+10	108	10	6	3	3	5760000	173	狩猎天神祝福弓手更加矫健的皮甲	0	370	39000	672	0	1	193	126	0	0	0	64	42	2	0	10	0	2	0	0	10	550	300
1110041000	神品狩猎皮甲	108	10	0	3	4	9600000	288	狩猎天神祝福弓手更加矫健的皮甲	10000	0	0	1120	0	1	153	86	0	0	0	51	28	2	10	10	10	2	10	10	10	500	300
1110041001	神品狩猎皮甲+1	108	10	0	3	4	9600000	288	狩猎天神祝福弓手更加矫健的皮甲	11000	0	0	1120	0	1	157	90	0	0	0	52	30	2	10	10	10	2	10	10	10	505	300
1110041002	神品狩猎皮甲+2	108	10	0	3	4	9600000	288	狩猎天神祝福弓手更加矫健的皮甲	12000	0	0	1120	0	1	161	94	0	0	0	53	31	2	10	10	10	2	10	10	10	510	300
1110041003	神品狩猎皮甲+3	108	10	4	3	4	9600000	288	狩猎天神祝福弓手更加矫健的皮甲	13000	0	0	1120	0	1	165	98	0	0	0	55	32	2	10	10	10	2	10	10	10	515	300
1110041004	神品狩猎皮甲+4	108	10	4	3	4	9600000	288	狩猎天神祝福弓手更加矫健的皮甲	14000	0	0	1120	0	1	169	102	0	0	0	56	34	2	10	10	10	2	10	10	10	520	300
1110041005	神品狩猎皮甲+5	108	10	5	3	4	9600000	288	狩猎天神祝福弓手更加矫健的皮甲	15000	0	0	1120	0	1	173	106	0	0	0	57	35	2	10	10	10	2	10	10	10	525	300
1110041006	神品狩猎皮甲+6	108	10	5	3	4	9600000	288	狩猎天神祝福弓手更加矫健的皮甲	16000	0	0	1120	0	1	177	110	0	0	0	59	36	2	10	10	10	2	10	10	10	530	300
1110041007	神品狩猎皮甲+7	108	10	5	3	4	9600000	288	狩猎天神祝福弓手更加矫健的皮甲	17000	0	0	1120	0	1	181	114	0	0	0	60	38	2	10	10	10	2	10	10	10	535	300
1110041008	神品狩猎皮甲+8	108	10	6	3	4	9600000	288	狩猎天神祝福弓手更加矫健的皮甲	18000	0	0	1120	0	1	185	118	0	0	0	61	39	2	10	10	10	2	10	10	10	540	300
1110041009	神品狩猎皮甲+9	108	10	6	3	4	9600000	288	狩猎天神祝福弓手更加矫健的皮甲	19000	0	0	1120	0	1	189	122	0	0	0	63	40	2	10	10	10	2	10	10	10	545	300
1110041010	神品狩猎皮甲+10	108	10	7	3	4	9600000	288	狩猎天神祝福弓手更加矫健的皮甲	0	0	0	1120	0	1	193	126	0	0	0	64	42	2	10	10	10	2	10	10	10	550	300
1110001100	幻魔皮甲	120	11	0	3	0	28831	0	幻魔天神的皮甲	15000	0	0	0	0	1	173	96	0	0	0	0	0	0	0	0	0	0	0	0	0	0	0
1110001101	幻魔皮甲+1	120	11	0	3	0	28831	0	幻魔天神的皮甲	17000	0	0	0	0	1	178	101	0	0	0	0	0	0	0	0	0	0	0	0	0	0	0
1110001102	幻魔皮甲+2	120	11	0	3	0	28831	0	幻魔天神的皮甲	19000	0	0	0	0	1	183	106	0	0	0	0	0	0	0	0	0	0	0	0	0	0	0
1110001103	幻魔皮甲+3	120	11	0	3	0	28831	0	幻魔天神的皮甲	21000	5000	35000	0	0	1	188	111	0	0	0	0	0	0	0	0	0	0	0	0	0	0	0
1110001104	幻魔皮甲+4	120	11	0	3	0	28831	0	幻魔天神的皮甲	23000	5500	35000	0	0	1	193	116	0	0	0	0	0	0	0	0	0	0	0	0	0	0	0
1110001105	幻魔皮甲+5	120	11	0	3	0	28831	0	幻魔天神的皮甲	25000	6000	35000	0	0	1	198	121	0	0	0	0	0	0	0	0	0	0	0	0	0	0	0
1110001106	幻魔皮甲+6	120	11	0	3	0	28831	0	幻魔天神的皮甲	27000	6500	35000	0	0	1	203	126	0	0	0	0	0	0	0	0	0	0	0	0	0	0	0
1110001107	幻魔皮甲+7	120	11	0	3	0	28831	0	幻魔天神的皮甲	29000	7000	35000	0	0	1	208	131	0	0	0	0	0	0	0	0	0	0	0	0	0	0	0
1110001108	幻魔皮甲+8	120	11	0	3	0	28831	0	幻魔天神的皮甲	31000	7500	35000	0	0	1	213	136	0	0	0	0	0	0	0	0	0	0	0	0	0	0	0
1110001109	幻魔皮甲+9	120	11	0	3	0	28831	0	幻魔天神的皮甲	33000	8000	35000	0	0	1	218	141	0	0	0	0	0	0	0	0	0	0	0	0	0	0	0
1110001110	幻魔皮甲+10	120	11	0	3	0	28831	0	幻魔天神的皮甲	0	8500	35000	0	0	1	223	146	0	0	0	0	0	0	0	0	0	0	0	0	0	0	0
1110011100	精品幻魔皮甲	120	11	0	3	1	28831	0	幻魔天神的皮甲	15000	0	0	0	0	1	173	96	0	0	0	57	32	0	0	0	0	0	0	0	0	0	0
1110011101	精品幻魔皮甲+1	120	11	0	3	1	28831	0	幻魔天神的皮甲	17000	0	0	0	0	1	178	101	0	0	0	59	33	0	0	0	0	0	0	0	0	0	0
1110011102	精品幻魔皮甲+2	120	11	0	3	1	28831	0	幻魔天神的皮甲	19000	0	0	0	0	1	183	106	0	0	0	61	35	0	0	0	0	0	0	0	0	0	0
1110011103	精品幻魔皮甲+3	120	11	1	3	1	28831	0	幻魔天神的皮甲	21000	0	0	0	0	1	188	111	0	0	0	62	37	0	0	0	0	0	0	0	0	0	0
1110011104	精品幻魔皮甲+4	120	11	1	3	1	28831	0	幻魔天神的皮甲	23000	1000	40000	0	0	1	193	116	0	0	0	64	38	0	0	0	0	0	0	0	0	0	0
1110011105	精品幻魔皮甲+5	120	11	2	3	1	28831	0	幻魔天神的皮甲	25000	2000	40000	0	0	1	198	121	0	0	0	66	40	0	0	0	0	0	0	0	0	0	0
1110011106	精品幻魔皮甲+6	120	11	2	3	1	28831	0	幻魔天神的皮甲	27000	3000	40000	0	0	1	203	126	0	0	0	67	42	0	0	0	0	0	0	0	0	0	0
1110011107	精品幻魔皮甲+7	120	11	2	3	1	28831	0	幻魔天神的皮甲	29000	4000	40000	0	0	1	208	131	0	0	0	69	43	0	0	0	0	0	0	0	0	0	0
1110011108	精品幻魔皮甲+8	120	11	3	3	1	28831	0	幻魔天神的皮甲	31000	6000	40000	0	0	1	213	136	0	0	0	71	45	0	0	0	0	0	0	0	0	0	0
1110011109	精品幻魔皮甲+9	120	11	3	3	1	28831	0	幻魔天神的皮甲	33000	8000	40000	0	0	1	218	141	0	0	0	72	47	0	0	0	0	0	0	0	0	0	0
1110011110	精品幻魔皮甲+10	120	11	4	3	1	28831	0	幻魔天神的皮甲	0	10000	40000	0	0	1	223	146	0	0	0	74	48	0	0	0	0	0	0	0	0	0	0
1110021100	极品幻魔皮甲	120	11	0	3	2	28831	0	幻魔天神的皮甲	15000	0	0	0	0	1	173	96	0	0	0	57	32	2	0	0	0	2	0	0	0	0	0
1110021101	极品幻魔皮甲+1	120	11	0	3	2	28831	0	幻魔天神的皮甲	17000	0	0	0	0	1	178	101	0	0	0	59	33	2	0	0	0	2	0	0	0	0	0
1110021102	极品幻魔皮甲+2	120	11	0	3	2	28831	0	幻魔天神的皮甲	19000	0	0	0	0	1	183	106	0	0	0	61	35	2	0	0	0	2	0	0	0	0	0
1110021103	极品幻魔皮甲+3	120	11	2	3	2	28831	0	幻魔天神的皮甲	21000	0	0	0	0	1	188	111	0	0	0	62	37	2	0	0	0	2	0	0	0	0	0
1110021104	极品幻魔皮甲+4	120	11	2	3	2	28831	0	幻魔天神的皮甲	23000	0	0	0	0	1	193	116	0	0	0	64	38	2	0	0	0	2	0	0	0	0	0
1110021105	极品幻魔皮甲+5	120	11	3	3	2	28831	0	幻魔天神的皮甲	25000	100	50000	0	0	1	198	121	0	0	0	66	40	2	0	0	0	2	0	0	0	0	0
1110021106	极品幻魔皮甲+6	120	11	3	3	2	28831	0	幻魔天神的皮甲	27000	300	50000	0	0	1	203	126	0	0	0	67	42	2	0	0	0	2	0	0	0	0	0
1110021107	极品幻魔皮甲+7	120	11	3	3	2	28831	0	幻魔天神的皮甲	29000	500	50000	0	0	1	208	131	0	0	0	69	43	2	0	0	0	2	0	0	0	0	0
1110021108	极品幻魔皮甲+8	120	11	4	3	2	28831	0	幻魔天神的皮甲	31000	700	50000	0	0	1	213	136	0	0	0	71	45	2	0	0	0	2	0	0	0	0	0
1110021109	极品幻魔皮甲+9	120	11	4	3	2	28831	0	幻魔天神的皮甲	33000	900	50000	0	0	1	218	141	0	0	0	72	47	2	0	0	0	2	0	0	0	0	0
1110021110	极品幻魔皮甲+10	120	11	5	3	2	28831	0	幻魔天神的皮甲	0	1100	50000	0	0	1	223	146	0	0	0	74	48	2	0	0	0	2	0	0	0	0	0
1110031100	完美幻魔皮甲	120	11	0	3	3	7440000	223	幻魔天神的皮甲	15000	0	0	0	0	1	173	96	0	0	0	57	32	2	0	10	0	2	0	0	10	550	330
1110031101	完美幻魔皮甲+1	120	11	0	3	3	7440000	223	幻魔天神的皮甲	17000	0	0	0	0	1	178	101	0	0	0	59	33	2	0	10	0	2	0	0	10	555	330
1110031102	完美幻魔皮甲+2	120	11	0	3	3	7440000	223	幻魔天神的皮甲	19000	0	0	0	0	1	183	106	0	0	0	61	35	2	0	10	0	2	0	0	10	560	330
1110031103	完美幻魔皮甲+3	120	11	3	3	3	7440000	223	幻魔天神的皮甲	21000	0	0	0	0	1	188	111	0	0	0	62	37	2	0	10	0	2	0	0	10	565	330
1110031104	完美幻魔皮甲+4	120	11	3	3	3	7440000	223	幻魔天神的皮甲	23000	0	0	0	0	1	193	116	0	0	0	64	38	2	0	10	0	2	0	0	10	570	330
1110031105	完美幻魔皮甲+5	120	11	4	3	3	7440000	223	幻魔天神的皮甲	25000	0	0	0	0	1	198	121	0	0	0	66	40	2	0	10	0	2	0	0	10	575	330
1110031106	完美幻魔皮甲+6	120	11	4	3	3	7440000	223	幻魔天神的皮甲	27000	0	0	0	0	1	203	126	0	0	0	67	42	2	0	10	0	2	0	0	10	580	330
1110031107	完美幻魔皮甲+7	120	11	4	3	3	7440000	223	幻魔天神的皮甲	29000	70	60000	0	0	1	208	131	0	0	0	69	43	2	0	10	0	2	0	0	10	585	330
1110031108	完美幻魔皮甲+8	120	11	5	3	3	7440000	223	幻魔天神的皮甲	31000	170	60000	0	0	1	213	136	0	0	0	71	45	2	0	10	0	2	0	0	10	590	330
1110031109	完美幻魔皮甲+9	120	11	5	3	3	7440000	223	幻魔天神的皮甲	33000	270	60000	0	0	1	218	141	0	0	0	72	47	2	0	10	0	2	0	0	10	595	330
1110031110	完美幻魔皮甲+10	120	11	6	3	3	7440000	223	幻魔天神的皮甲	0	370	60000	0	0	1	223	146	0	0	0	74	48	2	0	10	0	2	0	0	10	600	330
1110041100	神品幻魔皮甲	120	11	0	3	4	12400000	372	幻魔天神的皮甲	15000	0	0	0	0	1	173	96	0	0	0	57	32	2	10	10	10	2	10	10	10	550	330
1110041101	神品幻魔皮甲+1	120	11	0	3	4	12400000	372	幻魔天神的皮甲	17000	0	0	0	0	1	178	101	0	0	0	59	33	2	10	10	10	2	10	10	10	555	330
1110041102	神品幻魔皮甲+2	120	11	0	3	4	12400000	372	幻魔天神的皮甲	19000	0	0	0	0	1	183	106	0	0	0	61	35	2	10	10	10	2	10	10	10	560	330
1110041103	神品幻魔皮甲+3	120	11	4	3	4	12400000	372	幻魔天神的皮甲	21000	0	0	0	0	1	188	111	0	0	0	62	37	2	10	10	10	2	10	10	10	565	330
1110041104	神品幻魔皮甲+4	120	11	4	3	4	12400000	372	幻魔天神的皮甲	23000	0	0	0	0	1	193	116	0	0	0	64	38	2	10	10	10	2	10	10	10	570	330
1110041105	神品幻魔皮甲+5	120	11	5	3	4	12400000	372	幻魔天神的皮甲	25000	0	0	0	0	1	198	121	0	0	0	66	40	2	10	10	10	2	10	10	10	575	330
1110041106	神品幻魔皮甲+6	120	11	5	3	4	12400000	372	幻魔天神的皮甲	27000	0	0	0	0	1	203	126	0	0	0	67	42	2	10	10	10	2	10	10	10	580	330
1110041107	神品幻魔皮甲+7	120	11	5	3	4	12400000	372	幻魔天神的皮甲	29000	0	0	0	0	1	208	131	0	0	0	69	43	2	10	10	10	2	10	10	10	585	330
1110041108	神品幻魔皮甲+8	120	11	6	3	4	12400000	372	幻魔天神的皮甲	31000	0	0	0	0	1	213	136	0	0	0	71	45	2	10	10	10	2	10	10	10	590	330
1110041109	神品幻魔皮甲+9	120	11	6	3	4	12400000	372	幻魔天神的皮甲	33000	0	0	0	0	1	218	141	0	0	0	72	47	2	10	10	10	2	10	10	10	595	330
1110041110	神品幻魔皮甲+10	120	11	7	3	4	12400000	372	幻魔天神的皮甲	0	0	0	0	0	1	223	146	0	0	0	74	48	2	10	10	10	2	10	10	10	600	330
1110031200	超级新手皮甲	0	4	0	1	3	1100000	83	为新手准备的超级装备	1200	0	0	0	0	1	42	27	0	0	0	14	9	2	0	10	0	2	0	0	10	200	120
1110031201	超级新手皮甲+1	0	4	0	1	3	1100000	83	为新手准备的超级装备	1300	0	0	0	0	1	45	30	0	0	0	15	10	2	0	10	0	2	0	0	10	205	120
1110031202	超级新手皮甲+2	0	4	0	1	3	1100000	83	为新手准备的超级装备	1400	0	0	0	0	1	48	33	0	0	0	16	11	2	0	10	0	2	0	0	10	210	120
1110031203	超级新手皮甲+3	0	4	5	1	3	1100000	83	为新手准备的超级装备	1500	0	0	0	0	1	51	36	0	0	0	17	12	2	0	10	0	2	0	0	10	215	120
1110031204	超级新手皮甲+4	0	4	5	1	3	1100000	83	为新手准备的超级装备	1600	0	0	0	0	1	54	39	0	0	0	18	13	2	0	10	0	2	0	0	10	220	120
1110031205	超级新手皮甲+5	0	4	6	1	3	1100000	83	为新手准备的超级装备	1700	0	0	0	0	1	57	42	0	0	0	19	14	2	0	10	0	2	0	0	10	225	120
1110031206	超级新手皮甲+6	0	4	6	1	3	1100000	83	为新手准备的超级装备	1800	0	0	0	0	1	60	45	0	0	0	20	15	2	0	10	0	2	0	0	10	230	120
1110031207	超级新手皮甲+7	0	4	6	1	3	1100000	83	为新手准备的超级装备	1900	0	0	0	0	1	63	48	0	0	0	21	16	2	0	10	0	2	0	0	10	235	120
1110031208	超级新手皮甲+8	0	4	7	1	3	1100000	83	为新手准备的超级装备	2000	0	0	0	0	1	66	51	0	0	0	22	17	2	0	10	0	2	0	0	10	240	120
1110031209	超级新手皮甲+9	0	4	7	1	3	1100000	83	为新手准备的超级装备	2100	0	0	0	0	1	69	54	0	0	0	23	18	2	0	10	0	2	0	0	10	245	120
1110031210	超级新手皮甲+10	0	4	8	1	3	1100000	83	为新手准备的超级装备	0	0	0	0	0	1	72	57	0	0	0	24	19	2	0	10	0	2	0	0	10	250	120
1110031300	超级小强皮甲	36	7	0	2	3	8800000	660	为小强准备的超级装备	3000	0	0	0	0	1	93	56	0	0	0	31	18	2	0	10	0	2	0	0	10	350	210
1110031301	超级小强皮甲+1	36	7	0	2	3	8800000	660	为小强准备的超级装备	3500	0	0	0	0	1	97	60	0	0	0	32	20	2	0	10	0	2	0	0	10	355	210
1110031302	超级小强皮甲+2	36	7	0	2	3	8800000	660	为小强准备的超级装备	4000	0	0	0	0	1	101	64	0	0	0	33	21	2	0	10	0	2	0	0	10	360	210
1110031303	超级小强皮甲+3	36	7	5	2	3	8800000	660	为小强准备的超级装备	4500	0	0	0	0	1	105	68	0	0	0	35	22	2	0	10	0	2	0	0	10	365	210
1110031304	超级小强皮甲+4	36	7	5	2	3	8800000	660	为小强准备的超级装备	5000	0	0	0	0	1	109	72	0	0	0	36	24	2	0	10	0	2	0	0	10	370	210
1110031305	超级小强皮甲+5	36	7	6	2	3	8800000	660	为小强准备的超级装备	5500	0	0	0	0	1	113	76	0	0	0	37	25	2	0	10	0	2	0	0	10	375	210
1110031306	超级小强皮甲+6	36	7	6	2	3	8800000	660	为小强准备的超级装备	6000	0	0	0	0	1	117	80	0	0	0	39	26	2	0	10	0	2	0	0	10	380	210
1110031307	超级小强皮甲+7	36	7	6	2	3	8800000	660	为小强准备的超级装备	6500	0	0	0	0	1	121	84	0	0	0	40	28	2	0	10	0	2	0	0	10	385	210
1110031308	超级小强皮甲+8	36	7	7	2	3	8800000	660	为小强准备的超级装备	7000	0	0	0	0	1	125	88	0	0	0	41	29	2	0	10	0	2	0	0	10	390	210
1110031309	超级小强皮甲+9	36	7	7	2	3	8800000	660	为小强准备的超级装备	7500	0	0	0	0	1	129	92	0	0	0	43	30	2	0	10	0	2	0	0	10	395	210
1110031310	超级小强皮甲+10	36	7	8	2	3	8800000	660	为小强准备的超级装备	0	0	0	0	0	1	133	96	0	0	0	44	32	2	0	10	0	2	0	0	10	400	210
1110031400	超级专业皮甲	60	10	0	3	3	32000000	2400	为专业人士准备的超级装备	10000	0	0	0	0	1	153	86	0	0	0	51	28	2	0	10	0	2	0	0	10	500	300
1110031401	超级专业皮甲+1	60	10	0	3	3	32000000	2400	为专业人士准备的超级装备	11000	0	0	0	0	1	157	90	0	0	0	52	30	2	0	10	0	2	0	0	10	505	300
1110031402	超级专业皮甲+2	60	10	0	3	3	32000000	2400	为专业人士准备的超级装备	12000	0	0	0	0	1	161	94	0	0	0	53	31	2	0	10	0	2	0	0	10	510	300
1110031403	超级专业皮甲+3	60	10	5	3	3	32000000	2400	为专业人士准备的超级装备	13000	0	0	0	0	1	165	98	0	0	0	55	32	2	0	10	0	2	0	0	10	515	300
1110031404	超级专业皮甲+4	60	10	5	3	3	32000000	2400	为专业人士准备的超级装备	14000	0	0	0	0	1	169	102	0	0	0	56	34	2	0	10	0	2	0	0	10	520	300
1110031405	超级专业皮甲+5	60	10	6	3	3	32000000	2400	为专业人士准备的超级装备	15000	0	0	0	0	1	173	106	0	0	0	57	35	2	0	10	0	2	0	0	10	525	300
1110031406	超级专业皮甲+6	60	10	6	3	3	32000000	2400	为专业人士准备的超级装备	16000	0	0	0	0	1	177	110	0	0	0	59	36	2	0	10	0	2	0	0	10	530	300
1110031407	超级专业皮甲+7	60	10	6	3	3	32000000	2400	为专业人士准备的超级装备	17000	0	0	0	0	1	181	114	0	0	0	60	38	2	0	10	0	2	0	0	10	535	300
1110031408	超级专业皮甲+8	60	10	7	3	3	32000000	2400	为专业人士准备的超级装备	18000	0	0	0	0	1	185	118	0	0	0	61	39	2	0	10	0	2	0	0	10	540	300
1110031409	超级专业皮甲+9	60	10	7	3	3	32000000	2400	为专业人士准备的超级装备	19000	0	0	0	0	1	189	122	0	0	0	63	40	2	0	10	0	2	0	0	10	545	300
1110031410	超级专业皮甲+10	60	10	8	3	3	32000000	2400	为专业人士准备的超级装备	0	0	0	0	0	1	193	126	0	0	0	64	42	2	0	10	0	2	0	0	10	550	300
1110031500	超级噬魂皮甲	96	11	0	3	3	52000000	3900	恶魔的贡品	20000	0	0	0	0	1	213	114	0	0	0	71	38	2	0	10	0	2	0	0	10	600	390
1110031501	超级噬魂皮甲+1	96	11	0	3	3	52000000	3900	恶魔的贡品	21000	0	0	0	0	1	217	118	0	0	0	73	40	2	0	10	0	2	0	0	10	605	390
1110031502	超级噬魂皮甲+2	96	11	0	3	3	52000000	3900	恶魔的贡品	22000	0	0	0	0	1	221	122	0	0	0	75	42	2	0	10	0	2	0	0	10	610	390
1110031503	超级噬魂皮甲+3	96	11	5	3	3	52000000	3900	恶魔的贡品	23000	0	0	0	0	1	225	126	0	0	0	77	44	2	0	10	0	2	0	0	10	615	390
1110031504	超级噬魂皮甲+4	96	11	5	3	3	52000000	3900	恶魔的贡品	24000	0	0	0	0	1	229	130	0	0	0	79	46	2	0	10	0	2	0	0	10	620	390
1110031505	超级噬魂皮甲+5	96	11	6	3	3	52000000	3900	恶魔的贡品	25000	0	0	0	0	1	233	134	0	0	0	81	48	2	0	10	0	2	0	0	10	625	390
1110031506	超级噬魂皮甲+6	96	11	6	3	3	52000000	3900	恶魔的贡品	26000	0	0	0	0	1	237	138	0	0	0	83	50	2	0	10	0	2	0	0	10	630	390
1110031507	超级噬魂皮甲+7	96	11	6	3	3	52000000	3900	恶魔的贡品	27000	0	0	0	0	1	241	142	0	0	0	85	52	2	0	10	0	2	0	0	10	635	390
1110031508	超级噬魂皮甲+8	96	11	7	3	3	52000000	3900	恶魔的贡品	28000	0	0	0	0	1	245	146	0	0	0	87	54	2	0	10	0	2	0	0	10	640	390
1110031509	超级噬魂皮甲+9	96	11	7	3	3	52000000	3900	恶魔的贡品	29000	0	0	0	0	1	249	150	0	0	0	89	56	2	0	10	0	2	0	0	10	645	390
1110031510	超级噬魂皮甲+10	96	11	8	3	3	52000000	3900	恶魔的贡品	0	0	0	0	0	1	253	154	0	0	0	91	58	2	0	10	0	2	0	0	10	650	390
1110031600	超级化神皮甲	120	12	0	3	3	70000000	5250	上帝的恩赐	30000	0	0	0	0	1	275	142	0	0	0	98	52	2	0	10	0	2	0	0	10	700	480
1110031601	超级化神皮甲+1	120	12	0	3	3	70000000	5250	上帝的恩赐	31000	0	0	0	0	1	279	146	0	0	0	100	54	2	0	10	0	2	0	0	10	705	480
1110031602	超级化神皮甲+2	120	12	0	3	3	70000000	5250	上帝的恩赐	32000	0	0	0	0	1	283	150	0	0	0	102	56	2	0	10	0	2	0	0	10	710	480
1110031603	超级化神皮甲+3	120	12	5	3	3	70000000	5250	上帝的恩赐	33000	0	0	0	0	1	287	154	0	0	0	104	58	2	0	10	0	2	0	0	10	715	480
1110031604	超级化神皮甲+4	120	12	5	3	3	70000000	5250	上帝的恩赐	34000	0	0	0	0	1	291	158	0	0	0	106	60	2	0	10	0	2	0	0	10	720	480
1110031605	超级化神皮甲+5	120	12	6	3	3	70000000	5250	上帝的恩赐	35000	0	0	0	0	1	295	162	0	0	0	108	62	2	0	10	0	2	0	0	10	725	480
1110031606	超级化神皮甲+6	120	12	6	3	3	70000000	5250	上帝的恩赐	36000	0	0	0	0	1	299	166	0	0	0	110	64	2	0	10	0	2	0	0	10	730	480
1110031607	超级化神皮甲+7	120	12	6	3	3	70000000	5250	上帝的恩赐	37000	0	0	0	0	1	303	170	0	0	0	112	66	2	0	10	0	2	0	0	10	735	480
1110031608	超级化神皮甲+8	120	12	7	3	3	70000000	5250	上帝的恩赐	38000	0	0	0	0	1	307	174	0	0	0	114	68	2	0	10	0	2	0	0	10	740	480
1110031609	超级化神皮甲+9	120	12	7	3	3	70000000	5250	上帝的恩赐	39000	0	0	0	0	1	311	178	0	0	0	116	70	2	0	10	0	2	0	0	10	745	480
1110031610	超级化神皮甲+10	120	12	8	3	3	70000000	5250	上帝的恩赐	0	0	0	0	0	1	315	182	0	0	0	118	72	2	0	10	0	2	0	0	10	750	480
