编号	名字	等级需求	光影等级	图标	品质	金币	元宝	描述	升等费用	精炼几率	精炼费用	升级费用	种族要求	装备类型	物理防御	魔法防御	闪避	移动时间增加	格档	附加物理防御	附加魔法防御	物防加成（等级）	物防加成（强壮）	物防加成（敏捷）	物防加成（智慧）	魔防加成（等级）	魔防加成（强壮）	魔防加成（敏捷）	魔防加成（智慧）	附加生命上限	附加魔法上限
id	name	requiredLevel	haloIndex	icon	quality	moneyCost	treasureCost	description	increaseCost	refineRate	refineCost	upgradeCost	requiredRace	eType	physicalDefense	magicDefense	evadingAbility	stepTime	withstandingRate	extraPhysicalDefense	extraMagicDefense	pdLevelFactor	pdStrengthFactor	pdDexterityFactor	pdWisdomFactor	mdLevelFactor	mdStrengthFactor	mdDexterityFactor	mdWisdomFactor	lifeRaised	manaRaised
1138000200	轻型小盾·游侠	12	0	1	0	500	0	一般士兵所用的盾牌	500	0	0	0	0	4	5	5	0	0	1	0	0	0	0	0	0	0	0	0	0	60	0
1140000201	轻型小盾·游侠+1	12	0	1	0	500	0	一般士兵所用的盾牌	600	0	0	0	0	4	7	7	0	0	1	0	0	0	0	0	0	0	0	0	0	65	0
1140000202	轻型小盾·游侠+2	12	0	1	0	500	0	一般士兵所用的盾牌	700	0	0	0	0	4	9	9	0	0	1	0	0	0	0	0	0	0	0	0	0	70	0
1140000203	轻型小盾·游侠+3	12	0	1	0	500	0	一般士兵所用的盾牌	800	10000	500	0	0	4	11	11	0	0	1	0	0	0	0	0	0	0	0	0	0	75	0
1140000204	轻型小盾·游侠+4	12	0	1	0	500	0	一般士兵所用的盾牌	900	10000	500	0	0	4	13	13	0	0	1	0	0	0	0	0	0	0	0	0	0	80	0
1140000205	轻型小盾·游侠+5	12	0	1	0	500	0	一般士兵所用的盾牌	1000	10000	500	0	0	4	15	15	0	0	1	0	0	0	0	0	0	0	0	0	0	85	0
1140000206	轻型小盾·游侠+6	12	0	1	0	500	0	一般士兵所用的盾牌	1100	10000	500	0	0	4	17	17	0	0	1	0	0	0	0	0	0	0	0	0	0	90	0
1140000207	轻型小盾·游侠+7	12	0	1	0	500	0	一般士兵所用的盾牌	1200	10000	500	0	0	4	19	19	0	0	1	0	0	0	0	0	0	0	0	0	0	95	0
1140000208	轻型小盾·游侠+8	12	0	1	0	500	0	一般士兵所用的盾牌	1300	10000	500	0	0	4	21	21	0	0	1	0	0	0	0	0	0	0	0	0	0	100	0
1140000209	轻型小盾·游侠+9	12	0	1	0	500	0	一般士兵所用的盾牌	1400	10000	500	0	0	4	23	23	0	0	1	0	0	0	0	0	0	0	0	0	0	105	0
1140000210	轻型小盾·游侠+10	12	0	1	0	500	0	一般士兵所用的盾牌	0	10000	500	0	0	4	25	25	0	0	1	0	0	0	0	0	0	0	0	0	0	110	0
1140010200	精品轻型小盾·游侠	12	0	1	1	500	0	一般士兵所用的盾牌	500	0	0	0	0	4	5	5	0	0	1	1	1	0	0	0	0	0	0	0	0	60	0
1140010201	精品轻型小盾·游侠+1	12	0	1	1	500	0	一般士兵所用的盾牌	600	0	0	0	0	4	7	7	0	0	1	2	2	0	0	0	0	0	0	0	0	65	0
1140010202	精品轻型小盾·游侠+2	12	0	1	1	500	0	一般士兵所用的盾牌	700	0	0	0	0	4	9	9	0	0	1	3	3	0	0	0	0	0	0	0	0	70	0
1140010203	精品轻型小盾·游侠+3	12	1	1	1	500	0	一般士兵所用的盾牌	800	0	0	0	0	4	11	11	0	0	1	3	3	0	0	0	0	0	0	0	0	75	0
1140010204	精品轻型小盾·游侠+4	12	1	1	1	500	0	一般士兵所用的盾牌	900	5000	1000	0	0	4	13	13	0	0	1	4	4	0	0	0	0	0	0	0	0	80	0
1140010205	精品轻型小盾·游侠+5	12	2	1	1	500	0	一般士兵所用的盾牌	1000	6000	1000	0	0	4	15	15	0	0	1	5	5	0	0	0	0	0	0	0	0	85	0
1140010206	精品轻型小盾·游侠+6	12	2	1	1	500	0	一般士兵所用的盾牌	1100	7000	1000	0	0	4	17	17	0	0	1	5	5	0	0	0	0	0	0	0	0	90	0
1140010207	精品轻型小盾·游侠+7	12	2	1	1	500	0	一般士兵所用的盾牌	1200	8000	1000	0	0	4	19	19	0	0	1	6	6	0	0	0	0	0	0	0	0	95	0
1140010208	精品轻型小盾·游侠+8	12	3	1	1	500	0	一般士兵所用的盾牌	1300	9000	1000	0	0	4	21	21	0	0	1	7	7	0	0	0	0	0	0	0	0	100	0
1140010209	精品轻型小盾·游侠+9	12	3	1	1	500	0	一般士兵所用的盾牌	1400	10000	1000	0	0	4	23	23	0	0	1	7	7	0	0	0	0	0	0	0	0	105	0
1140010210	精品轻型小盾·游侠+10	12	4	1	1	500	0	一般士兵所用的盾牌	0	10000	1000	0	0	4	25	25	0	0	1	8	8	0	0	0	0	0	0	0	0	110	0
1140020200	极品轻型小盾·游侠	12	0	1	2	500	0	一般士兵所用的盾牌	500	0	0	0	0	4	5	5	0	0	1	1	1	2	0	0	0	0	0	0	0	60	0
1140020201	极品轻型小盾·游侠+1	12	0	1	2	500	0	一般士兵所用的盾牌	600	0	0	0	0	4	7	7	0	0	1	2	2	2	0	0	0	0	0	0	0	65	0
1140020202	极品轻型小盾·游侠+2	12	0	1	2	500	0	一般士兵所用的盾牌	700	0	0	0	0	4	9	9	0	0	1	3	3	2	0	0	0	0	0	0	0	70	0
1140020203	极品轻型小盾·游侠+3	12	2	1	2	500	0	一般士兵所用的盾牌	800	0	0	0	0	4	11	11	0	0	1	3	3	2	0	0	0	0	0	0	0	75	0
1140020204	极品轻型小盾·游侠+4	12	2	1	2	500	0	一般士兵所用的盾牌	900	0	0	0	0	4	13	13	0	0	1	4	4	2	0	0	0	0	0	0	0	80	0
1140020205	极品轻型小盾·游侠+5	12	3	1	2	500	0	一般士兵所用的盾牌	1000	2500	1500	0	0	4	15	15	0	0	1	5	5	2	0	0	0	0	0	0	0	85	0
1140020206	极品轻型小盾·游侠+6	12	3	1	2	500	0	一般士兵所用的盾牌	1100	3500	1500	0	0	4	17	17	0	0	1	5	5	2	0	0	0	0	0	0	0	90	0
1140020207	极品轻型小盾·游侠+7	12	3	1	2	500	0	一般士兵所用的盾牌	1200	4500	1500	0	0	4	19	19	0	0	1	6	6	2	0	0	0	0	0	0	0	95	0
1140020208	极品轻型小盾·游侠+8	12	4	1	2	500	0	一般士兵所用的盾牌	1300	5500	1500	0	0	4	21	21	0	0	1	7	7	2	0	0	0	0	0	0	0	100	0
1140020209	极品轻型小盾·游侠+9	12	4	1	2	500	0	一般士兵所用的盾牌	1400	7000	1500	0	0	4	23	23	0	0	1	7	7	2	0	0	0	0	0	0	0	105	0
1140020210	极品轻型小盾·游侠+10	12	5	1	2	500	0	一般士兵所用的盾牌	0	10000	1500	0	0	4	25	25	0	0	1	8	8	2	0	0	0	0	0	0	0	110	0
1140030200	完美轻型小盾·游侠	12	0	1	3	84000	0	一般士兵所用的盾牌	500	0	0	33	0	4	5	5	0	0	1	1	1	2	10	0	0	0	0	0	0	160	60
1140030201	完美轻型小盾·游侠+1	12	0	1	3	84000	0	一般士兵所用的盾牌	600	0	0	33	0	4	7	7	0	0	1	2	2	2	10	0	0	0	0	0	0	165	60
1140030202	完美轻型小盾·游侠+2	12	0	1	3	84000	0	一般士兵所用的盾牌	700	0	0	33	0	4	9	9	0	0	1	3	3	2	10	0	0	0	0	0	0	170	60
1140030203	完美轻型小盾·游侠+3	12	3	1	3	84000	0	一般士兵所用的盾牌	800	0	0	33	0	4	11	11	0	0	1	3	3	2	10	0	0	0	0	0	0	175	60
1140030204	完美轻型小盾·游侠+4	12	3	1	3	84000	0	一般士兵所用的盾牌	900	0	0	33	0	4	13	13	0	0	1	4	4	2	10	0	0	0	0	0	0	180	60
1140030205	完美轻型小盾·游侠+5	12	4	1	3	84000	0	一般士兵所用的盾牌	1000	0	0	33	0	4	15	15	0	0	1	5	5	2	10	0	0	0	0	0	0	185	60
1140030206	完美轻型小盾·游侠+6	12	4	1	3	84000	0	一般士兵所用的盾牌	1100	0	0	33	0	4	17	17	0	0	1	5	5	2	10	0	0	0	0	0	0	190	60
1140030207	完美轻型小盾·游侠+7	12	4	1	3	84000	0	一般士兵所用的盾牌	1200	1000	2000	33	0	4	19	19	0	0	1	6	6	2	10	0	0	0	0	0	0	195	60
1140030208	完美轻型小盾·游侠+8	12	5	1	3	84000	0	一般士兵所用的盾牌	1300	1100	2000	33	0	4	21	21	0	0	1	7	7	2	10	0	0	0	0	0	0	200	60
1140030209	完美轻型小盾·游侠+9	12	5	1	3	84000	0	一般士兵所用的盾牌	1400	1200	2000	33	0	4	23	23	0	0	1	7	7	2	10	0	0	0	0	0	0	205	60
1140030210	完美轻型小盾·游侠+10	12	6	1	3	84000	0	一般士兵所用的盾牌	0	1300	2000	33	0	4	25	25	0	0	1	8	8	2	10	0	0	0	0	0	0	210	60
1140040200	神品轻型小盾·游侠	12	0	1	4	140000	0	一般士兵所用的盾牌	500	0	0	56	0	4	5	5	0	0	1	1	1	2	10	10	10	0	0	0	0	160	60
1140040201	神品轻型小盾·游侠+1	12	0	1	4	140000	0	一般士兵所用的盾牌	600	0	0	56	0	4	7	7	0	0	1	2	2	2	10	10	10	0	0	0	0	165	60
1140040202	神品轻型小盾·游侠+2	12	0	1	4	140000	0	一般士兵所用的盾牌	700	0	0	56	0	4	9	9	0	0	1	3	3	2	10	10	10	0	0	0	0	170	60
1140040203	神品轻型小盾·游侠+3	12	4	1	4	140000	0	一般士兵所用的盾牌	800	0	0	56	0	4	11	11	0	0	1	3	3	2	10	10	10	0	0	0	0	175	60
1140040204	神品轻型小盾·游侠+4	12	4	1	4	140000	0	一般士兵所用的盾牌	900	0	0	56	0	4	13	13	0	0	1	4	4	2	10	10	10	0	0	0	0	180	60
1140040205	神品轻型小盾·游侠+5	12	5	1	4	140000	0	一般士兵所用的盾牌	1000	0	0	56	0	4	15	15	0	0	1	5	5	2	10	10	10	0	0	0	0	185	60
1140040206	神品轻型小盾·游侠+6	12	5	1	4	140000	0	一般士兵所用的盾牌	1100	0	0	56	0	4	17	17	0	0	1	5	5	2	10	10	10	0	0	0	0	190	60
1140040207	神品轻型小盾·游侠+7	12	5	1	4	140000	0	一般士兵所用的盾牌	1200	0	0	56	0	4	19	19	0	0	1	6	6	2	10	10	10	0	0	0	0	195	60
1140040208	神品轻型小盾·游侠+8	12	6	1	4	140000	0	一般士兵所用的盾牌	1300	0	0	56	0	4	21	21	0	0	1	7	7	2	10	10	10	0	0	0	0	200	60
1140040209	神品轻型小盾·游侠+9	12	6	1	4	140000	0	一般士兵所用的盾牌	1400	0	0	56	0	4	23	23	0	0	1	7	7	2	10	10	10	0	0	0	0	205	60
1140040210	神品轻型小盾·游侠+10	12	7	1	4	140000	0	一般士兵所用的盾牌	0	0	0	56	0	4	25	25	0	0	1	8	8	2	10	10	10	0	0	0	0	210	60
1140000300	玄铁盾·游侠	24	0	2	0	750	0	玄铁打造而成的盾牌	800	0	0	0	0	4	10	10	0	0	4	0	0	0	0	0	0	0	0	0	0	90	0
1140000301	玄铁盾·游侠+1	24	0	2	0	750	0	玄铁打造而成的盾牌	900	0	0	0	0	4	13	13	0	0	4	0	0	0	0	0	0	0	0	0	0	95	0
1140000302	玄铁盾·游侠+2	24	0	2	0	750	0	玄铁打造而成的盾牌	1000	0	0	0	0	4	16	16	0	0	4	0	0	0	0	0	0	0	0	0	0	100	0
1140000303	玄铁盾·游侠+3	24	0	2	0	750	0	玄铁打造而成的盾牌	1100	10000	1500	0	0	4	19	19	0	0	4	0	0	0	0	0	0	0	0	0	0	105	0
1140000304	玄铁盾·游侠+4	24	0	2	0	750	0	玄铁打造而成的盾牌	1200	10000	1500	0	0	4	22	22	0	0	4	0	0	0	0	0	0	0	0	0	0	110	0
1140000305	玄铁盾·游侠+5	24	0	2	0	750	0	玄铁打造而成的盾牌	1300	10000	1500	0	0	4	25	25	0	0	4	0	0	0	0	0	0	0	0	0	0	115	0
1140000306	玄铁盾·游侠+6	24	0	2	0	750	0	玄铁打造而成的盾牌	1400	10000	1500	0	0	4	28	28	0	0	4	0	0	0	0	0	0	0	0	0	0	120	0
1140000307	玄铁盾·游侠+7	24	0	2	0	750	0	玄铁打造而成的盾牌	1500	10000	1500	0	0	4	31	31	0	0	4	0	0	0	0	0	0	0	0	0	0	125	0
1140000308	玄铁盾·游侠+8	24	0	2	0	750	0	玄铁打造而成的盾牌	1600	10000	1500	0	0	4	34	34	0	0	4	0	0	0	0	0	0	0	0	0	0	130	0
1140000309	玄铁盾·游侠+9	24	0	2	0	750	0	玄铁打造而成的盾牌	1700	10000	1500	0	0	4	37	37	0	0	4	0	0	0	0	0	0	0	0	0	0	135	0
1140000310	玄铁盾·游侠+10	24	0	2	0	750	0	玄铁打造而成的盾牌	0	10000	1500	0	0	4	40	40	0	0	4	0	0	0	0	0	0	0	0	0	0	140	0
1140010300	精品玄铁盾·游侠	24	0	2	1	750	0	玄铁打造而成的盾牌	800	0	0	0	0	4	10	10	0	0	4	3	3	0	0	0	0	0	0	0	0	90	0
1140010301	精品玄铁盾·游侠+1	24	0	2	1	750	0	玄铁打造而成的盾牌	900	0	0	0	0	4	13	13	0	0	4	4	4	0	0	0	0	0	0	0	0	95	0
1140010302	精品玄铁盾·游侠+2	24	0	2	1	750	0	玄铁打造而成的盾牌	1000	0	0	0	0	4	16	16	0	0	4	5	5	0	0	0	0	0	0	0	0	100	0
1140010303	精品玄铁盾·游侠+3	24	1	2	1	750	0	玄铁打造而成的盾牌	1100	0	0	0	0	4	19	19	0	0	4	6	6	0	0	0	0	0	0	0	0	105	0
1140010304	精品玄铁盾·游侠+4	24	1	2	1	750	0	玄铁打造而成的盾牌	1200	5000	2000	0	0	4	22	22	0	0	4	7	7	0	0	0	0	0	0	0	0	110	0
1140010305	精品玄铁盾·游侠+5	24	2	2	1	750	0	玄铁打造而成的盾牌	1300	6000	2000	0	0	4	25	25	0	0	4	8	8	0	0	0	0	0	0	0	0	115	0
1140010306	精品玄铁盾·游侠+6	24	2	2	1	750	0	玄铁打造而成的盾牌	1400	7000	2000	0	0	4	28	28	0	0	4	9	9	0	0	0	0	0	0	0	0	120	0
1140010307	精品玄铁盾·游侠+7	24	2	2	1	750	0	玄铁打造而成的盾牌	1500	8000	2000	0	0	4	31	31	0	0	4	10	10	0	0	0	0	0	0	0	0	125	0
1140010308	精品玄铁盾·游侠+8	24	3	2	1	750	0	玄铁打造而成的盾牌	1600	9000	2000	0	0	4	34	34	0	0	4	11	11	0	0	0	0	0	0	0	0	130	0
1140010309	精品玄铁盾·游侠+9	24	3	2	1	750	0	玄铁打造而成的盾牌	1700	10000	2000	0	0	4	37	37	0	0	4	12	12	0	0	0	0	0	0	0	0	135	0
1140010310	精品玄铁盾·游侠+10	24	4	2	1	750	0	玄铁打造而成的盾牌	0	10000	2000	0	0	4	40	40	0	0	4	13	13	0	0	0	0	0	0	0	0	140	0
1140020300	极品玄铁盾·游侠	24	0	2	2	750	0	玄铁打造而成的盾牌	800	0	0	0	0	4	10	10	0	0	4	3	3	2	0	0	0	0	0	0	0	90	0
1140020301	极品玄铁盾·游侠+1	24	0	2	2	750	0	玄铁打造而成的盾牌	900	0	0	0	0	4	13	13	0	0	4	4	4	2	0	0	0	0	0	0	0	95	0
1140020302	极品玄铁盾·游侠+2	24	0	2	2	750	0	玄铁打造而成的盾牌	1000	0	0	0	0	4	16	16	0	0	4	5	5	2	0	0	0	0	0	0	0	100	0
1140020303	极品玄铁盾·游侠+3	24	2	2	2	750	0	玄铁打造而成的盾牌	1100	0	0	0	0	4	19	19	0	0	4	6	6	2	0	0	0	0	0	0	0	105	0
1140020304	极品玄铁盾·游侠+4	24	2	2	2	750	0	玄铁打造而成的盾牌	1200	0	0	0	0	4	22	22	0	0	4	7	7	2	0	0	0	0	0	0	0	110	0
1140020305	极品玄铁盾·游侠+5	24	3	2	2	750	0	玄铁打造而成的盾牌	1300	2500	2500	0	0	4	25	25	0	0	4	8	8	2	0	0	0	0	0	0	0	115	0
1140020306	极品玄铁盾·游侠+6	24	3	2	2	750	0	玄铁打造而成的盾牌	1400	3500	2500	0	0	4	28	28	0	0	4	9	9	2	0	0	0	0	0	0	0	120	0
1140020307	极品玄铁盾·游侠+7	24	3	2	2	750	0	玄铁打造而成的盾牌	1500	4500	2500	0	0	4	31	31	0	0	4	10	10	2	0	0	0	0	0	0	0	125	0
1140020308	极品玄铁盾·游侠+8	24	4	2	2	750	0	玄铁打造而成的盾牌	1600	5500	2500	0	0	4	34	34	0	0	4	11	11	2	0	0	0	0	0	0	0	130	0
1140020309	极品玄铁盾·游侠+9	24	4	2	2	750	0	玄铁打造而成的盾牌	1700	7000	2500	0	0	4	37	37	0	0	4	12	12	2	0	0	0	0	0	0	0	135	0
1140020310	极品玄铁盾·游侠+10	24	5	2	2	750	0	玄铁打造而成的盾牌	0	10000	2500	0	0	4	40	40	0	0	4	13	13	2	0	0	0	0	0	0	0	140	0
1140030300	完美玄铁盾·游侠	24	0	2	3	168000	0	玄铁打造而成的盾牌	800	0	0	100	0	4	10	10	0	0	4	3	3	2	10	0	0	0	0	0	0	240	90
1140030301	完美玄铁盾·游侠+1	24	0	2	3	168000	0	玄铁打造而成的盾牌	900	0	0	100	0	4	13	13	0	0	4	4	4	2	10	0	0	0	0	0	0	245	90
1140030302	完美玄铁盾·游侠+2	24	0	2	3	168000	0	玄铁打造而成的盾牌	1000	0	0	100	0	4	16	16	0	0	4	5	5	2	10	0	0	0	0	0	0	250	90
1140030303	完美玄铁盾·游侠+3	24	3	2	3	168000	0	玄铁打造而成的盾牌	1100	0	0	100	0	4	19	19	0	0	4	6	6	2	10	0	0	0	0	0	0	255	90
1140030304	完美玄铁盾·游侠+4	24	3	2	3	168000	0	玄铁打造而成的盾牌	1200	0	0	100	0	4	22	22	0	0	4	7	7	2	10	0	0	0	0	0	0	260	90
1140030305	完美玄铁盾·游侠+5	24	4	2	3	168000	0	玄铁打造而成的盾牌	1300	0	0	100	0	4	25	25	0	0	4	8	8	2	10	0	0	0	0	0	0	265	90
1140030306	完美玄铁盾·游侠+6	24	4	2	3	168000	0	玄铁打造而成的盾牌	1400	0	0	100	0	4	28	28	0	0	4	9	9	2	10	0	0	0	0	0	0	270	90
1140030307	完美玄铁盾·游侠+7	24	4	2	3	168000	0	玄铁打造而成的盾牌	1500	1000	3000	100	0	4	31	31	0	0	4	10	10	2	10	0	0	0	0	0	0	275	90
1140030308	完美玄铁盾·游侠+8	24	5	2	3	168000	0	玄铁打造而成的盾牌	1600	2000	3000	100	0	4	34	34	0	0	4	11	11	2	10	0	0	0	0	0	0	280	90
1140030309	完美玄铁盾·游侠+9	24	5	2	3	168000	0	玄铁打造而成的盾牌	1700	3000	3000	100	0	4	37	37	0	0	4	12	12	2	10	0	0	0	0	0	0	285	90
1140030310	完美玄铁盾·游侠+10	24	6	2	3	168000	0	玄铁打造而成的盾牌	0	4000	3000	100	0	4	40	40	0	0	4	13	13	2	10	0	0	0	0	0	0	290	90
1140040300	神品玄铁盾·游侠	24	0	2	4	280000	0	玄铁打造而成的盾牌	800	0	0	168	0	4	10	10	0	0	4	3	3	2	10	10	10	0	0	0	0	240	90
1140040301	神品玄铁盾·游侠+1	24	0	2	4	280000	0	玄铁打造而成的盾牌	900	0	0	168	0	4	13	13	0	0	4	4	4	2	10	10	10	0	0	0	0	245	90
1140040302	神品玄铁盾·游侠+2	24	0	2	4	280000	0	玄铁打造而成的盾牌	1000	0	0	168	0	4	16	16	0	0	4	5	5	2	10	10	10	0	0	0	0	250	90
1140040303	神品玄铁盾·游侠+3	24	4	2	4	280000	0	玄铁打造而成的盾牌	1100	0	0	168	0	4	19	19	0	0	4	6	6	2	10	10	10	0	0	0	0	255	90
1140040304	神品玄铁盾·游侠+4	24	4	2	4	280000	0	玄铁打造而成的盾牌	1200	0	0	168	0	4	22	22	0	0	4	7	7	2	10	10	10	0	0	0	0	260	90
1140040305	神品玄铁盾·游侠+5	24	5	2	4	280000	0	玄铁打造而成的盾牌	1300	0	0	168	0	4	25	25	0	0	4	8	8	2	10	10	10	0	0	0	0	265	90
1140040306	神品玄铁盾·游侠+6	24	5	2	4	280000	0	玄铁打造而成的盾牌	1400	0	0	168	0	4	28	28	0	0	4	9	9	2	10	10	10	0	0	0	0	270	90
1140040307	神品玄铁盾·游侠+7	24	5	2	4	280000	0	玄铁打造而成的盾牌	1500	0	0	168	0	4	31	31	0	0	4	10	10	2	10	10	10	0	0	0	0	275	90
1140040308	神品玄铁盾·游侠+8	24	6	2	4	280000	0	玄铁打造而成的盾牌	1600	0	0	168	0	4	34	34	0	0	4	11	11	2	10	10	10	0	0	0	0	280	90
1140040309	神品玄铁盾·游侠+9	24	6	2	4	280000	0	玄铁打造而成的盾牌	1700	0	0	168	0	4	37	37	0	0	4	12	12	2	10	10	10	0	0	0	0	285	90
1140040310	神品玄铁盾·游侠+10	24	7	2	4	280000	0	玄铁打造而成的盾牌	0	0	0	168	0	4	40	40	0	0	4	13	13	2	10	10	10	0	0	0	0	290	90
1140000400	尚武盾·游侠	36	0	3	0	937	0	战将比武时所穿的盾牌	1200	0	0	0	0	4	16	16	0	0	7	0	0	0	0	0	0	0	0	0	0	115	0
1140000401	尚武盾·游侠+1	36	0	3	0	937	0	战将比武时所穿的盾牌	1300	0	0	0	0	4	19	19	0	0	7	0	0	0	0	0	0	0	0	0	0	120	0
1140000402	尚武盾·游侠+2	36	0	3	0	937	0	战将比武时所穿的盾牌	1400	0	3000	0	0	4	22	22	0	0	7	0	0	0	0	0	0	0	0	0	0	125	0
1140000403	尚武盾·游侠+3	36	0	3	0	937	0	战将比武时所穿的盾牌	1500	10000	3000	0	0	4	25	25	0	0	7	0	0	0	0	0	0	0	0	0	0	130	0
1140000404	尚武盾·游侠+4	36	0	3	0	937	0	战将比武时所穿的盾牌	1600	10000	3000	0	0	4	28	28	0	0	7	0	0	0	0	0	0	0	0	0	0	135	0
1140000405	尚武盾·游侠+5	36	0	3	0	937	0	战将比武时所穿的盾牌	1700	10000	3000	0	0	4	31	31	0	0	7	0	0	0	0	0	0	0	0	0	0	140	0
1140000406	尚武盾·游侠+6	36	0	3	0	937	0	战将比武时所穿的盾牌	1800	10000	3000	0	0	4	34	34	0	0	7	0	0	0	0	0	0	0	0	0	0	145	0
1140000407	尚武盾·游侠+7	36	0	3	0	937	0	战将比武时所穿的盾牌	1900	10000	3000	0	0	4	37	37	0	0	7	0	0	0	0	0	0	0	0	0	0	150	0
1140000408	尚武盾·游侠+8	36	0	3	0	937	0	战将比武时所穿的盾牌	2000	10000	3000	0	0	4	40	40	0	0	7	0	0	0	0	0	0	0	0	0	0	155	0
1140000409	尚武盾·游侠+9	36	0	3	0	937	0	战将比武时所穿的盾牌	2100	10000	3000	0	0	4	43	43	0	0	7	0	0	0	0	0	0	0	0	0	0	160	0
1140000410	尚武盾·游侠+10	36	0	3	0	937	0	战将比武时所穿的盾牌	0	10000	3000	0	0	4	46	46	0	0	7	0	0	0	0	0	0	0	0	0	0	165	0
1140010400	精品尚武盾·游侠	36	0	3	1	1125	0	战将比武时所穿的盾牌	1200	0	0	0	0	4	16	16	0	0	7	5	5	0	0	0	0	0	0	0	0	115	0
1140010401	精品尚武盾·游侠+1	36	0	3	1	1125	0	战将比武时所穿的盾牌	1300	0	0	0	0	4	19	19	0	0	7	6	6	0	0	0	0	0	0	0	0	120	0
1140010402	精品尚武盾·游侠+2	36	0	3	1	1125	0	战将比武时所穿的盾牌	1400	0	0	0	0	4	22	22	0	0	7	7	7	0	0	0	0	0	0	0	0	125	0
1140010403	精品尚武盾·游侠+3	36	1	3	1	1125	0	战将比武时所穿的盾牌	1500	0	0	0	0	4	25	25	0	0	7	8	8	0	0	0	0	0	0	0	0	130	0
1140010404	精品尚武盾·游侠+4	36	1	3	1	1125	0	战将比武时所穿的盾牌	1600	5000	4000	0	0	4	28	28	0	0	7	9	9	0	0	0	0	0	0	0	0	135	0
1140010405	精品尚武盾·游侠+5	36	2	3	1	1125	0	战将比武时所穿的盾牌	1700	6000	4000	0	0	4	31	31	0	0	7	10	10	0	0	0	0	0	0	0	0	140	0
1140010406	精品尚武盾·游侠+6	36	2	3	1	1125	0	战将比武时所穿的盾牌	1800	7000	4000	0	0	4	34	34	0	0	7	11	11	0	0	0	0	0	0	0	0	145	0
1140010407	精品尚武盾·游侠+7	36	2	3	1	1125	0	战将比武时所穿的盾牌	1900	8000	4000	0	0	4	37	37	0	0	7	12	12	0	0	0	0	0	0	0	0	150	0
1140010408	精品尚武盾·游侠+8	36	3	3	1	1125	0	战将比武时所穿的盾牌	2000	9000	4000	0	0	4	40	40	0	0	7	13	13	0	0	0	0	0	0	0	0	155	0
1140010409	精品尚武盾·游侠+9	36	3	3	1	1125	0	战将比武时所穿的盾牌	2100	10000	4000	0	0	4	43	43	0	0	7	14	14	0	0	0	0	0	0	0	0	160	0
1140010410	精品尚武盾·游侠+10	36	4	3	1	1125	0	战将比武时所穿的盾牌	0	10000	4000	0	0	4	46	46	0	0	7	15	15	0	0	0	0	0	0	0	0	165	0
1140020400	极品尚武盾·游侠	36	0	3	2	1125	0	战将比武时所穿的盾牌	1200	0	0	0	0	4	16	16	0	0	7	5	5	2	0	0	0	0	0	0	0	115	0
1140020401	极品尚武盾·游侠+1	36	0	3	2	1125	0	战将比武时所穿的盾牌	1300	0	0	0	0	4	19	19	0	0	7	6	6	2	0	0	0	0	0	0	0	120	0
1140020402	极品尚武盾·游侠+2	36	0	3	2	1125	0	战将比武时所穿的盾牌	1400	0	0	0	0	4	22	22	0	0	7	7	7	2	0	0	0	0	0	0	0	125	0
1140020403	极品尚武盾·游侠+3	36	2	3	2	1125	0	战将比武时所穿的盾牌	1500	0	0	0	0	4	25	25	0	0	7	8	8	2	0	0	0	0	0	0	0	130	0
1140020404	极品尚武盾·游侠+4	36	2	3	2	1125	0	战将比武时所穿的盾牌	1600	0	0	0	0	4	28	28	0	0	7	9	9	2	0	0	0	0	0	0	0	135	0
1140020405	极品尚武盾·游侠+5	36	3	3	2	1125	0	战将比武时所穿的盾牌	1700	1000	5000	0	0	4	31	31	0	0	7	10	10	2	0	0	0	0	0	0	0	140	0
1140020406	极品尚武盾·游侠+6	36	3	3	2	1125	0	战将比武时所穿的盾牌	1800	2000	5000	0	0	4	34	34	0	0	7	11	11	2	0	0	0	0	0	0	0	145	0
1140020407	极品尚武盾·游侠+7	36	3	3	2	1125	0	战将比武时所穿的盾牌	1900	3500	5000	0	0	4	37	37	0	0	7	12	12	2	0	0	0	0	0	0	0	150	0
1140020408	极品尚武盾·游侠+8	36	4	3	2	1125	0	战将比武时所穿的盾牌	2000	5000	5000	0	0	4	40	40	0	0	7	13	13	2	0	0	0	0	0	0	0	155	0
1140020409	极品尚武盾·游侠+9	36	4	3	2	1125	0	战将比武时所穿的盾牌	2100	7000	5000	0	0	4	43	43	0	0	7	14	14	2	0	0	0	0	0	0	0	160	0
1140020410	极品尚武盾·游侠+10	36	5	3	2	1125	0	战将比武时所穿的盾牌	0	10000	5000	0	0	4	46	46	0	0	7	15	15	2	0	0	0	0	0	0	0	165	0
1140030400	完美尚武盾·游侠	36	0	3	3	420000	0	战将比武时所穿的盾牌	1200	0	0	100	0	4	16	16	0	0	7	5	5	2	10	0	0	0	0	0	0	315	120
1140030401	完美尚武盾·游侠+1	36	0	3	3	420000	0	战将比武时所穿的盾牌	1300	0	0	100	0	4	19	19	0	0	7	6	6	2	10	0	0	0	0	0	0	320	120
1140030402	完美尚武盾·游侠+2	36	0	3	3	420000	0	战将比武时所穿的盾牌	1400	0	0	100	0	4	22	22	0	0	7	7	7	2	10	0	0	0	0	0	0	325	120
1140030403	完美尚武盾·游侠+3	36	3	3	3	420000	0	战将比武时所穿的盾牌	1500	0	0	100	0	4	25	25	0	0	7	8	8	2	10	0	0	0	0	0	0	330	120
1140030404	完美尚武盾·游侠+4	36	3	3	3	420000	0	战将比武时所穿的盾牌	1600	0	0	100	0	4	28	28	0	0	7	9	9	2	10	0	0	0	0	0	0	335	120
1140030405	完美尚武盾·游侠+5	36	4	3	3	420000	0	战将比武时所穿的盾牌	1700	0	0	100	0	4	31	31	0	0	7	10	10	2	10	0	0	0	0	0	0	340	120
1140030406	完美尚武盾·游侠+6	36	4	3	3	420000	0	战将比武时所穿的盾牌	1800	0	0	100	0	4	34	34	0	0	7	11	11	2	10	0	0	0	0	0	0	345	120
1140030407	完美尚武盾·游侠+7	36	4	3	3	420000	0	战将比武时所穿的盾牌	1900	1000	6000	100	0	4	37	37	0	0	7	12	12	2	10	0	0	0	0	0	0	350	120
1140030408	完美尚武盾·游侠+8	36	5	3	3	420000	0	战将比武时所穿的盾牌	2000	2000	6000	100	0	4	40	40	0	0	7	13	13	2	10	0	0	0	0	0	0	355	120
1140030409	完美尚武盾·游侠+9	36	5	3	3	420000	0	战将比武时所穿的盾牌	2100	3000	6000	100	0	4	43	43	0	0	7	14	14	2	10	0	0	0	0	0	0	360	120
1140030410	完美尚武盾·游侠+10	36	6	3	3	420000	0	战将比武时所穿的盾牌	0	4000	6000	100	0	4	46	46	0	0	7	15	15	2	10	0	0	0	0	0	0	365	120
1140040400	神品尚武盾·游侠	36	0	3	4	700000	0	战将比武时所穿的盾牌	1200	0	0	168	0	4	16	16	0	0	7	5	5	2	10	10	10	0	0	0	0	315	120
1140040401	神品尚武盾·游侠+1	36	0	3	4	700000	0	战将比武时所穿的盾牌	1300	0	0	168	0	4	19	19	0	0	7	6	6	2	10	10	10	0	0	0	0	320	120
1140040402	神品尚武盾·游侠+2	36	0	3	4	700000	0	战将比武时所穿的盾牌	1400	0	0	168	0	4	22	22	0	0	7	7	7	2	10	10	10	0	0	0	0	325	120
1140040403	神品尚武盾·游侠+3	36	4	3	4	700000	0	战将比武时所穿的盾牌	1500	0	0	168	0	4	25	25	0	0	7	8	8	2	10	10	10	0	0	0	0	330	120
1140040404	神品尚武盾·游侠+4	36	4	3	4	700000	0	战将比武时所穿的盾牌	1600	0	0	168	0	4	28	28	0	0	7	9	9	2	10	10	10	0	0	0	0	335	120
1140040405	神品尚武盾·游侠+5	36	5	3	4	700000	0	战将比武时所穿的盾牌	1700	0	0	168	0	4	31	31	0	0	7	10	10	2	10	10	10	0	0	0	0	340	120
1140040406	神品尚武盾·游侠+6	36	5	3	4	700000	0	战将比武时所穿的盾牌	1800	0	0	168	0	4	34	34	0	0	7	11	11	2	10	10	10	0	0	0	0	345	120
1140040407	神品尚武盾·游侠+7	36	5	3	4	700000	0	战将比武时所穿的盾牌	1900	0	0	168	0	4	37	37	0	0	7	12	12	2	10	10	10	0	0	0	0	350	120
1140040408	神品尚武盾·游侠+8	36	6	3	4	700000	0	战将比武时所穿的盾牌	2000	0	0	168	0	4	40	40	0	0	7	13	13	2	10	10	10	0	0	0	0	355	120
1140040409	神品尚武盾·游侠+9	36	6	3	4	700000	0	战将比武时所穿的盾牌	2100	0	0	168	0	4	43	43	0	0	7	14	14	2	10	10	10	0	0	0	0	360	120
1140040410	神品尚武盾·游侠+10	36	7	3	4	700000	0	战将比武时所穿的盾牌	0	0	0	168	0	4	46	46	0	0	7	15	15	2	10	10	10	0	0	0	0	365	120
1140000500	光芒之盾·游侠	48	0	4	0	1406	0	散发出点点光芒的盾牌	1600	0	0	0	0	4	23	23	0	0	9	0	0	0	0	0	0	0	0	0	0	140	0
1140000501	光芒之盾·游侠+1	48	0	4	0	1406	0	散发出点点光芒的盾牌	1800	0	0	0	0	4	26	26	0	0	9	0	0	0	0	0	0	0	0	0	0	145	0
1140000502	光芒之盾·游侠+2	48	0	4	0	1406	0	散发出点点光芒的盾牌	2000	0	0	0	0	4	29	29	0	0	9	0	0	0	0	0	0	0	0	0	0	150	0
1140000503	光芒之盾·游侠+3	48	0	4	0	1406	0	散发出点点光芒的盾牌	2200	9000	5000	0	0	4	32	32	0	0	9	0	0	0	0	0	0	0	0	0	0	155	0
1140000504	光芒之盾·游侠+4	48	0	4	0	1406	0	散发出点点光芒的盾牌	2400	10000	5000	0	0	4	35	35	0	0	9	0	0	0	0	0	0	0	0	0	0	160	0
1140000505	光芒之盾·游侠+5	48	0	4	0	1406	0	散发出点点光芒的盾牌	2600	10000	5000	0	0	4	38	38	0	0	9	0	0	0	0	0	0	0	0	0	0	165	0
1140000506	光芒之盾·游侠+6	48	0	4	0	1406	0	散发出点点光芒的盾牌	2800	10000	5000	0	0	4	41	41	0	0	9	0	0	0	0	0	0	0	0	0	0	170	0
1140000507	光芒之盾·游侠+7	48	0	4	0	1406	0	散发出点点光芒的盾牌	3000	10000	5000	0	0	4	44	44	0	0	9	0	0	0	0	0	0	0	0	0	0	175	0
1140000508	光芒之盾·游侠+8	48	0	4	0	1406	0	散发出点点光芒的盾牌	3200	10000	5000	0	0	4	47	47	0	0	9	0	0	0	0	0	0	0	0	0	0	180	0
1140000509	光芒之盾·游侠+9	48	0	4	0	1406	0	散发出点点光芒的盾牌	3400	10000	5000	0	0	4	50	50	0	0	9	0	0	0	0	0	0	0	0	0	0	185	0
1140000510	光芒之盾·游侠+10	48	0	4	0	1406	0	散发出点点光芒的盾牌	0	10000	5000	0	0	4	53	53	0	0	9	0	0	0	0	0	0	0	0	0	0	190	0
1140010500	精品光芒之盾·游侠	48	0	4	1	1406	0	散发出点点光芒的盾牌	1600	0	0	0	0	4	23	23	0	0	9	7	7	0	0	0	0	0	0	0	0	140	0
1140010501	精品光芒之盾·游侠+1	48	0	4	1	1406	0	散发出点点光芒的盾牌	1800	0	0	0	0	4	26	26	0	0	9	8	8	0	0	0	0	0	0	0	0	145	0
1140010502	精品光芒之盾·游侠+2	48	0	4	1	1406	0	散发出点点光芒的盾牌	2000	0	0	0	0	4	29	29	0	0	9	9	9	0	0	0	0	0	0	0	0	150	0
1140010503	精品光芒之盾·游侠+3	48	1	4	1	1406	0	散发出点点光芒的盾牌	2200	0	0	0	0	4	32	32	0	0	9	10	10	0	0	0	0	0	0	0	0	155	0
1140010504	精品光芒之盾·游侠+4	48	1	4	1	1406	0	散发出点点光芒的盾牌	2400	1000	6000	0	0	4	35	35	0	0	9	11	11	0	0	0	0	0	0	0	0	160	0
1140010505	精品光芒之盾·游侠+5	48	2	4	1	1406	0	散发出点点光芒的盾牌	2600	3000	6000	0	0	4	38	38	0	0	9	12	12	0	0	0	0	0	0	0	0	165	0
1140010506	精品光芒之盾·游侠+6	48	2	4	1	1406	0	散发出点点光芒的盾牌	2800	5000	6000	0	0	4	41	41	0	0	9	13	13	0	0	0	0	0	0	0	0	170	0
1140010507	精品光芒之盾·游侠+7	48	2	4	1	1406	0	散发出点点光芒的盾牌	3000	7000	6000	0	0	4	44	44	0	0	9	14	14	0	0	0	0	0	0	0	0	175	0
1140010508	精品光芒之盾·游侠+8	48	3	4	1	1406	0	散发出点点光芒的盾牌	3200	8000	6000	0	0	4	47	47	0	0	9	15	15	0	0	0	0	0	0	0	0	180	0
1140010509	精品光芒之盾·游侠+9	48	3	4	1	1406	0	散发出点点光芒的盾牌	3400	9000	6000	0	0	4	50	50	0	0	9	16	16	0	0	0	0	0	0	0	0	185	0
1140010510	精品光芒之盾·游侠+10	48	4	4	1	1406	0	散发出点点光芒的盾牌	0	10000	6000	0	0	4	53	53	0	0	9	17	17	0	0	0	0	0	0	0	0	190	0
1140020500	极品光芒之盾·游侠	48	0	4	2	1406	0	散发出点点光芒的盾牌	1600	0	0	0	0	4	23	23	0	0	9	7	7	2	0	0	0	0	0	0	0	140	0
1140020501	极品光芒之盾·游侠+1	48	0	4	2	1406	0	散发出点点光芒的盾牌	1800	0	0	0	0	4	26	26	0	0	9	8	8	2	0	0	0	0	0	0	0	145	0
1140020502	极品光芒之盾·游侠+2	48	0	4	2	1406	0	散发出点点光芒的盾牌	2000	0	0	0	0	4	29	29	0	0	9	9	9	2	0	0	0	0	0	0	0	150	0
1140020503	极品光芒之盾·游侠+3	48	2	4	2	1406	0	散发出点点光芒的盾牌	2200	0	0	0	0	4	32	32	0	0	9	10	10	2	0	0	0	0	0	0	0	155	0
1140020504	极品光芒之盾·游侠+4	48	2	4	2	1406	0	散发出点点光芒的盾牌	2400	0	0	0	0	4	35	35	0	0	9	11	11	2	0	0	0	0	0	0	0	160	0
1140020505	极品光芒之盾·游侠+5	48	3	4	2	1406	0	散发出点点光芒的盾牌	2600	1000	7000	0	0	4	38	38	0	0	9	12	12	2	0	0	0	0	0	0	0	165	0
1140020506	极品光芒之盾·游侠+6	48	3	4	2	1406	0	散发出点点光芒的盾牌	2800	2000	7000	0	0	4	41	41	0	0	9	13	13	2	0	0	0	0	0	0	0	170	0
1140020507	极品光芒之盾·游侠+7	48	3	4	2	1406	0	散发出点点光芒的盾牌	3000	3000	7000	0	0	4	44	44	0	0	9	14	14	2	0	0	0	0	0	0	0	175	0
1140020508	极品光芒之盾·游侠+8	48	4	4	2	1406	0	散发出点点光芒的盾牌	3200	4000	7000	0	0	4	47	47	0	0	9	15	15	2	0	0	0	0	0	0	0	180	0
1140020509	极品光芒之盾·游侠+9	48	4	4	2	1406	0	散发出点点光芒的盾牌	3400	5000	7000	0	0	4	50	50	0	0	9	16	16	2	0	0	0	0	0	0	0	185	0
1140020510	极品光芒之盾·游侠+10	48	5	4	2	1406	0	散发出点点光芒的盾牌	0	6000	7000	0	0	4	53	53	0	0	9	17	17	2	0	0	0	0	0	0	0	190	0
1140030500	完美光芒之盾·游侠	48	0	4	3	672000	0	散发出点点光芒的盾牌	1600	0	0	134	0	4	23	23	0	0	9	7	7	2	10	0	0	0	0	0	0	390	150
1140030501	完美光芒之盾·游侠+1	48	0	4	3	672000	0	散发出点点光芒的盾牌	1800	0	0	134	0	4	26	26	0	0	9	8	8	2	10	0	0	0	0	0	0	395	150
1140030502	完美光芒之盾·游侠+2	48	0	4	3	672000	0	散发出点点光芒的盾牌	2000	0	0	134	0	4	29	29	0	0	9	9	9	2	10	0	0	0	0	0	0	400	150
1140030503	完美光芒之盾·游侠+3	48	3	4	3	672000	0	散发出点点光芒的盾牌	2200	0	0	134	0	4	32	32	0	0	9	10	10	2	10	0	0	0	0	0	0	405	150
1140030504	完美光芒之盾·游侠+4	48	3	4	3	672000	0	散发出点点光芒的盾牌	2400	0	0	134	0	4	35	35	0	0	9	11	11	2	10	0	0	0	0	0	0	410	150
1140030505	完美光芒之盾·游侠+5	48	4	4	3	672000	0	散发出点点光芒的盾牌	2600	0	0	134	0	4	38	38	0	0	9	12	12	2	10	0	0	0	0	0	0	415	150
1140030506	完美光芒之盾·游侠+6	48	4	4	3	672000	0	散发出点点光芒的盾牌	2800	0	0	134	0	4	41	41	0	0	9	13	13	2	10	0	0	0	0	0	0	420	150
1140030507	完美光芒之盾·游侠+7	48	4	4	3	672000	0	散发出点点光芒的盾牌	3000	100	8000	134	0	4	44	44	0	0	9	14	14	2	10	0	0	0	0	0	0	425	150
1140030508	完美光芒之盾·游侠+8	48	5	4	3	672000	0	散发出点点光芒的盾牌	3200	600	8000	134	0	4	47	47	0	0	9	15	15	2	10	0	0	0	0	0	0	430	150
1140030509	完美光芒之盾·游侠+9	48	5	4	3	672000	0	散发出点点光芒的盾牌	3400	1100	8000	134	0	4	50	50	0	0	9	16	16	2	10	0	0	0	0	0	0	435	150
1140030510	完美光芒之盾·游侠+10	48	6	4	3	672000	0	散发出点点光芒的盾牌	0	1600	8000	134	0	4	53	53	0	0	9	17	17	2	10	0	0	0	0	0	0	440	150
1140040500	神品光芒之盾·游侠	48	0	4	4	1120000	0	散发出点点光芒的盾牌	1600	0	0	224	0	4	23	23	0	0	9	7	7	2	10	10	10	0	0	0	0	390	150
1140040501	神品光芒之盾·游侠+1	48	0	4	4	1120000	0	散发出点点光芒的盾牌	1800	0	0	224	0	4	26	26	0	0	9	8	8	2	10	10	10	0	0	0	0	395	150
1140040502	神品光芒之盾·游侠+2	48	0	4	4	1120000	0	散发出点点光芒的盾牌	2000	0	0	224	0	4	29	29	0	0	9	9	9	2	10	10	10	0	0	0	0	400	150
1140040503	神品光芒之盾·游侠+3	48	4	4	4	1120000	0	散发出点点光芒的盾牌	2200	0	0	224	0	4	32	32	0	0	9	10	10	2	10	10	10	0	0	0	0	405	150
1140040504	神品光芒之盾·游侠+4	48	4	4	4	1120000	0	散发出点点光芒的盾牌	2400	0	0	224	0	4	35	35	0	0	9	11	11	2	10	10	10	0	0	0	0	410	150
1140040505	神品光芒之盾·游侠+5	48	5	4	4	1120000	0	散发出点点光芒的盾牌	2600	0	0	224	0	4	38	38	0	0	9	12	12	2	10	10	10	0	0	0	0	415	150
1140040506	神品光芒之盾·游侠+6	48	5	4	4	1120000	0	散发出点点光芒的盾牌	2800	0	0	224	0	4	41	41	0	0	9	13	13	2	10	10	10	0	0	0	0	420	150
1140040507	神品光芒之盾·游侠+7	48	5	4	4	1120000	0	散发出点点光芒的盾牌	3000	0	0	224	0	4	44	44	0	0	9	14	14	2	10	10	10	0	0	0	0	425	150
1140040508	神品光芒之盾·游侠+8	48	6	4	4	1120000	0	散发出点点光芒的盾牌	3200	0	0	224	0	4	47	47	0	0	9	15	15	2	10	10	10	0	0	0	0	430	150
1140040509	神品光芒之盾·游侠+9	48	6	4	4	1120000	0	散发出点点光芒的盾牌	3400	0	0	224	0	4	50	50	0	0	9	16	16	2	10	10	10	0	0	0	0	435	150
1140040510	神品光芒之盾·游侠+10	48	7	4	4	1120000	0	散发出点点光芒的盾牌	0	0	0	224	0	4	53	53	0	0	9	17	17	2	10	10	10	0	0	0	0	440	150
1140000600	烈焰之盾·游侠	60	0	5	0	2109	0	火红色的盾牌犹如烈焰	2200	0	0	0	0	4	30	30	0	0	12	0	0	0	0	0	0	0	0	0	0	170	0
1140000601	烈焰之盾·游侠+1	60	0	5	0	2109	0	火红色的盾牌犹如烈焰	2400	0	0	0	0	4	34	34	0	0	12	0	0	0	0	0	0	0	0	0	0	175	0
1140000602	烈焰之盾·游侠+2	60	0	5	0	2109	0	火红色的盾牌犹如烈焰	2600	0	0	0	0	4	38	38	0	0	12	0	0	0	0	0	0	0	0	0	0	180	0
1140000603	烈焰之盾·游侠+3	60	0	5	0	2109	0	火红色的盾牌犹如烈焰	2800	9000	7000	0	0	4	42	42	0	0	12	0	0	0	0	0	0	0	0	0	0	185	0
1140000604	烈焰之盾·游侠+4	60	0	5	0	2109	0	火红色的盾牌犹如烈焰	3000	10000	7000	0	0	4	46	46	0	0	12	0	0	0	0	0	0	0	0	0	0	190	0
1140000605	烈焰之盾·游侠+5	60	0	5	0	2109	0	火红色的盾牌犹如烈焰	3200	10000	7000	0	0	4	50	50	0	0	12	0	0	0	0	0	0	0	0	0	0	195	0
1140000606	烈焰之盾·游侠+6	60	0	5	0	2109	0	火红色的盾牌犹如烈焰	3400	10000	7000	0	0	4	54	54	0	0	12	0	0	0	0	0	0	0	0	0	0	200	0
1140000607	烈焰之盾·游侠+7	60	0	5	0	2109	0	火红色的盾牌犹如烈焰	3600	10000	7000	0	0	4	58	58	0	0	12	0	0	0	0	0	0	0	0	0	0	205	0
1140000608	烈焰之盾·游侠+8	60	0	5	0	2109	0	火红色的盾牌犹如烈焰	3800	10000	7000	0	0	4	62	62	0	0	12	0	0	0	0	0	0	0	0	0	0	210	0
1140000609	烈焰之盾·游侠+9	60	0	5	0	2109	0	火红色的盾牌犹如烈焰	4000	10000	7000	0	0	4	66	66	0	0	12	0	0	0	0	0	0	0	0	0	0	215	0
1140000610	烈焰之盾·游侠+10	60	0	5	0	2109	0	火红色的盾牌犹如烈焰	0	10000	7000	0	0	4	70	70	0	0	12	0	0	0	0	0	0	0	0	0	0	220	0
1140010600	精品烈焰之盾·游侠	60	0	5	1	2109	0	火红色的盾牌犹如烈焰	2200	0	0	0	0	4	30	30	0	0	12	10	10	0	0	0	0	0	0	0	0	170	0
1140010601	精品烈焰之盾·游侠+1	60	0	5	1	2109	0	火红色的盾牌犹如烈焰	2400	0	0	0	0	4	34	34	0	0	12	11	11	0	0	0	0	0	0	0	0	175	0
1140010602	精品烈焰之盾·游侠+2	60	0	5	1	2109	0	火红色的盾牌犹如烈焰	2600	0	0	0	0	4	38	38	0	0	12	12	12	0	0	0	0	0	0	0	0	180	0
1140010603	精品烈焰之盾·游侠+3	60	1	5	1	2109	0	火红色的盾牌犹如烈焰	2800	0	0	0	0	4	42	42	0	0	12	14	14	0	0	0	0	0	0	0	0	185	0
1140010604	精品烈焰之盾·游侠+4	60	1	5	1	2109	0	火红色的盾牌犹如烈焰	3000	1000	9000	0	0	4	46	46	0	0	12	15	15	0	0	0	0	0	0	0	0	190	0
1140010605	精品烈焰之盾·游侠+5	60	2	5	1	2109	0	火红色的盾牌犹如烈焰	3200	3000	9000	0	0	4	50	50	0	0	12	16	16	0	0	0	0	0	0	0	0	195	0
1140010606	精品烈焰之盾·游侠+6	60	2	5	1	2109	0	火红色的盾牌犹如烈焰	3400	5000	9000	0	0	4	54	54	0	0	12	18	18	0	0	0	0	0	0	0	0	200	0
1140010607	精品烈焰之盾·游侠+7	60	2	5	1	2109	0	火红色的盾牌犹如烈焰	3600	7000	9000	0	0	4	58	58	0	0	12	19	19	0	0	0	0	0	0	0	0	205	0
1140010608	精品烈焰之盾·游侠+8	60	3	5	1	2109	0	火红色的盾牌犹如烈焰	3800	8000	9000	0	0	4	62	62	0	0	12	20	20	0	0	0	0	0	0	0	0	210	0
1140010609	精品烈焰之盾·游侠+9	60	3	5	1	2109	0	火红色的盾牌犹如烈焰	4000	9000	9000	0	0	4	66	66	0	0	12	22	22	0	0	0	0	0	0	0	0	215	0
1140010610	精品烈焰之盾·游侠+10	60	4	5	1	2109	0	火红色的盾牌犹如烈焰	0	10000	9000	0	0	4	70	70	0	0	12	23	23	0	0	0	0	0	0	0	0	220	0
1140020600	极品烈焰之盾·游侠	60	0	5	2	2109	0	火红色的盾牌犹如烈焰	2200	0	0	0	0	4	30	30	0	0	12	10	10	2	0	0	0	0	0	0	0	170	0
1140020601	极品烈焰之盾·游侠+1	60	0	5	2	2109	0	火红色的盾牌犹如烈焰	2400	0	0	0	0	4	34	34	0	0	12	11	11	2	0	0	0	0	0	0	0	175	0
1140020602	极品烈焰之盾·游侠+2	60	0	5	2	2109	0	火红色的盾牌犹如烈焰	2600	0	0	0	0	4	38	38	0	0	12	12	12	2	0	0	0	0	0	0	0	180	0
1140020603	极品烈焰之盾·游侠+3	60	2	5	2	2109	0	火红色的盾牌犹如烈焰	2800	0	0	0	0	4	42	42	0	0	12	14	14	2	0	0	0	0	0	0	0	185	0
1140020604	极品烈焰之盾·游侠+4	60	2	5	2	2109	0	火红色的盾牌犹如烈焰	3000	0	0	0	0	4	46	46	0	0	12	15	15	2	0	0	0	0	0	0	0	190	0
1140020605	极品烈焰之盾·游侠+5	60	3	5	2	2109	0	火红色的盾牌犹如烈焰	3200	1000	11000	0	0	4	50	50	0	0	12	16	16	2	0	0	0	0	0	0	0	195	0
1140020606	极品烈焰之盾·游侠+6	60	3	5	2	2109	0	火红色的盾牌犹如烈焰	3400	2000	11000	0	0	4	54	54	0	0	12	18	18	2	0	0	0	0	0	0	0	200	0
1140020607	极品烈焰之盾·游侠+7	60	3	5	2	2109	0	火红色的盾牌犹如烈焰	3600	3000	11000	0	0	4	58	58	0	0	12	19	19	2	0	0	0	0	0	0	0	205	0
1140020608	极品烈焰之盾·游侠+8	60	4	5	2	2109	0	火红色的盾牌犹如烈焰	3800	4000	11000	0	0	4	62	62	0	0	12	20	20	2	0	0	0	0	0	0	0	210	0
1140020609	极品烈焰之盾·游侠+9	60	4	5	2	2109	0	火红色的盾牌犹如烈焰	4000	5000	11000	0	0	4	66	66	0	0	12	22	22	2	0	0	0	0	0	0	0	215	0
1140020610	极品烈焰之盾·游侠+10	60	5	5	2	2109	0	火红色的盾牌犹如烈焰	0	6000	11000	0	0	4	70	70	0	0	12	23	23	2	0	0	0	0	0	0	0	220	0
1140030600	完美烈焰之盾·游侠	60	0	5	3	1008000	0	火红色的盾牌犹如烈焰	2200	0	0	201	0	4	30	30	0	0	12	10	10	2	10	0	0	0	0	0	0	470	180
1140030601	完美烈焰之盾·游侠+1	60	0	5	3	1008000	0	火红色的盾牌犹如烈焰	2400	0	0	201	0	4	34	34	0	0	12	11	11	2	10	0	0	0	0	0	0	475	180
1140030602	完美烈焰之盾·游侠+2	60	0	5	3	1008000	0	火红色的盾牌犹如烈焰	2600	0	0	201	0	4	38	38	0	0	12	12	12	2	10	0	0	0	0	0	0	480	180
1140030603	完美烈焰之盾·游侠+3	60	3	5	3	1008000	0	火红色的盾牌犹如烈焰	2800	0	0	201	0	4	42	42	0	0	12	14	14	2	10	0	0	0	0	0	0	485	180
1140030604	完美烈焰之盾·游侠+4	60	3	5	3	1008000	0	火红色的盾牌犹如烈焰	3000	0	0	201	0	4	46	46	0	0	12	15	15	2	10	0	0	0	0	0	0	490	180
1140030605	完美烈焰之盾·游侠+5	60	4	5	3	1008000	0	火红色的盾牌犹如烈焰	3200	0	0	201	0	4	50	50	0	0	12	16	16	2	10	0	0	0	0	0	0	495	180
1140030606	完美烈焰之盾·游侠+6	60	4	5	3	1008000	0	火红色的盾牌犹如烈焰	3400	0	0	201	0	4	54	54	0	0	12	18	18	2	10	0	0	0	0	0	0	500	180
1140030607	完美烈焰之盾·游侠+7	60	4	5	3	1008000	0	火红色的盾牌犹如烈焰	3600	100	13000	201	0	4	58	58	0	0	12	19	19	2	10	0	0	0	0	0	0	505	180
1140030608	完美烈焰之盾·游侠+8	60	5	5	3	1008000	0	火红色的盾牌犹如烈焰	3800	200	13000	201	0	4	62	62	0	0	12	20	20	2	10	0	0	0	0	0	0	510	180
1140030609	完美烈焰之盾·游侠+9	60	5	5	3	1008000	0	火红色的盾牌犹如烈焰	4000	300	13000	201	0	4	66	66	0	0	12	22	22	2	10	0	0	0	0	0	0	515	180
1140030610	完美烈焰之盾·游侠+10	60	6	5	3	1008000	0	火红色的盾牌犹如烈焰	0	400	13000	201	0	4	70	70	0	0	12	23	23	2	10	0	0	0	0	0	0	520	180
1140040600	神品烈焰之盾·游侠	60	0	5	4	1680000	0	火红色的盾牌犹如烈焰	2200	0	0	336	0	4	30	30	0	0	12	10	10	2	10	10	10	0	0	0	0	470	180
1140040601	神品烈焰之盾·游侠+1	60	0	5	4	1680000	0	火红色的盾牌犹如烈焰	2400	0	0	336	0	4	34	34	0	0	12	11	11	2	10	10	10	0	0	0	0	475	180
1140040602	神品烈焰之盾·游侠+2	60	0	5	4	1680000	0	火红色的盾牌犹如烈焰	2600	0	0	336	0	4	38	38	0	0	12	12	12	2	10	10	10	0	0	0	0	480	180
1140040603	神品烈焰之盾·游侠+3	60	4	5	4	1680000	0	火红色的盾牌犹如烈焰	2800	0	0	336	0	4	42	42	0	0	12	14	14	2	10	10	10	0	0	0	0	485	180
1140040604	神品烈焰之盾·游侠+4	60	4	5	4	1680000	0	火红色的盾牌犹如烈焰	3000	0	0	336	0	4	46	46	0	0	12	15	15	2	10	10	10	0	0	0	0	490	180
1140040605	神品烈焰之盾·游侠+5	60	5	5	4	1680000	0	火红色的盾牌犹如烈焰	3200	0	0	336	0	4	50	50	0	0	12	16	16	2	10	10	10	0	0	0	0	495	180
1140040606	神品烈焰之盾·游侠+6	60	5	5	4	1680000	0	火红色的盾牌犹如烈焰	3400	0	0	336	0	4	54	54	0	0	12	18	18	2	10	10	10	0	0	0	0	500	180
1140040607	神品烈焰之盾·游侠+7	60	5	5	4	1680000	0	火红色的盾牌犹如烈焰	3600	0	0	336	0	4	58	58	0	0	12	19	19	2	10	10	10	0	0	0	0	505	180
1140040608	神品烈焰之盾·游侠+8	60	6	5	4	1680000	0	火红色的盾牌犹如烈焰	3800	0	0	336	0	4	62	62	0	0	12	20	20	2	10	10	10	0	0	0	0	510	180
1140040609	神品烈焰之盾·游侠+9	60	6	5	4	1680000	0	火红色的盾牌犹如烈焰	4000	0	0	336	0	4	66	66	0	0	12	22	22	2	10	10	10	0	0	0	0	515	180
1140040610	神品烈焰之盾·游侠+10	60	7	5	4	1680000	0	火红色的盾牌犹如烈焰	0	0	0	336	0	4	70	70	0	0	12	23	23	2	10	10	10	0	0	0	0	520	180
1140000700	胜利之盾·游侠	72	0	6	0	2531	0	能够带来胜利的盾牌	3000	0	0	0	0	4	37	37	0	0	13	0	0	0	0	0	0	0	0	0	0	200	0
1140000701	胜利之盾·游侠+1	72	0	6	0	2531	0	能够带来胜利的盾牌	3500	0	0	0	0	4	41	41	0	0	13	0	0	0	0	0	0	0	0	0	0	205	0
1140000702	胜利之盾·游侠+2	72	0	6	0	2531	0	能够带来胜利的盾牌	4000	0	0	0	0	4	45	45	0	0	13	0	0	0	0	0	0	0	0	0	0	210	0
1140000703	胜利之盾·游侠+3	72	0	6	0	2531	0	能够带来胜利的盾牌	4500	7500	11000	0	0	4	49	49	0	0	13	0	0	0	0	0	0	0	0	0	0	215	0
1140000704	胜利之盾·游侠+4	72	0	6	0	2531	0	能够带来胜利的盾牌	5000	8500	11000	0	0	4	53	53	0	0	13	0	0	0	0	0	0	0	0	0	0	220	0
1140000705	胜利之盾·游侠+5	72	0	6	0	2531	0	能够带来胜利的盾牌	5500	9500	11000	0	0	4	57	57	0	0	13	0	0	0	0	0	0	0	0	0	0	225	0
1140000706	胜利之盾·游侠+6	72	0	6	0	2531	0	能够带来胜利的盾牌	6000	10000	11000	0	0	4	61	61	0	0	13	0	0	0	0	0	0	0	0	0	0	230	0
1140000707	胜利之盾·游侠+7	72	0	6	0	2531	0	能够带来胜利的盾牌	6500	10000	11000	0	0	4	65	65	0	0	13	0	0	0	0	0	0	0	0	0	0	235	0
1140000708	胜利之盾·游侠+8	72	0	6	0	2531	0	能够带来胜利的盾牌	7000	10000	11000	0	0	4	69	69	0	0	13	0	0	0	0	0	0	0	0	0	0	240	0
1140000709	胜利之盾·游侠+9	72	0	6	0	2531	0	能够带来胜利的盾牌	7500	10000	11000	0	0	4	73	73	0	0	13	0	0	0	0	0	0	0	0	0	0	245	0
1140000710	胜利之盾·游侠+10	72	0	6	0	2531	0	能够带来胜利的盾牌	0	10000	11000	0	0	4	77	77	0	0	13	0	0	0	0	0	0	0	0	0	0	250	0
1140010700	精品胜利之盾·游侠	72	0	6	1	2531	0	能够带来胜利的盾牌	3000	0	0	0	0	4	37	37	0	0	13	12	12	0	0	0	0	0	0	0	0	200	0
1140010701	精品胜利之盾·游侠+1	72	0	6	1	2531	0	能够带来胜利的盾牌	3500	0	0	0	0	4	41	41	0	0	13	13	13	0	0	0	0	0	0	0	0	205	0
1140010702	精品胜利之盾·游侠+2	72	0	6	1	2531	0	能够带来胜利的盾牌	4000	0	0	0	0	4	45	45	0	0	13	15	15	0	0	0	0	0	0	0	0	210	0
1140010703	精品胜利之盾·游侠+3	72	1	6	1	2531	0	能够带来胜利的盾牌	4500	0	0	0	0	4	49	49	0	0	13	16	16	0	0	0	0	0	0	0	0	215	0
1140010704	精品胜利之盾·游侠+4	72	1	6	1	2531	0	能够带来胜利的盾牌	5000	1000	13000	0	0	4	53	53	0	0	13	17	17	0	0	0	0	0	0	0	0	220	0
1140010705	精品胜利之盾·游侠+5	72	2	6	1	2531	0	能够带来胜利的盾牌	5500	3000	13000	0	0	4	57	57	0	0	13	19	19	0	0	0	0	0	0	0	0	225	0
1140010706	精品胜利之盾·游侠+6	72	2	6	1	2531	0	能够带来胜利的盾牌	6000	5000	13000	0	0	4	61	61	0	0	13	20	20	0	0	0	0	0	0	0	0	230	0
1140010707	精品胜利之盾·游侠+7	72	2	6	1	2531	0	能够带来胜利的盾牌	6500	7000	13000	0	0	4	65	65	0	0	13	21	21	0	0	0	0	0	0	0	0	235	0
1140010708	精品胜利之盾·游侠+8	72	3	6	1	2531	0	能够带来胜利的盾牌	7000	8000	13000	0	0	4	69	69	0	0	13	23	23	0	0	0	0	0	0	0	0	240	0
1140010709	精品胜利之盾·游侠+9	72	3	6	1	2531	0	能够带来胜利的盾牌	7500	9000	13000	0	0	4	73	73	0	0	13	24	24	0	0	0	0	0	0	0	0	245	0
1140010710	精品胜利之盾·游侠+10	72	4	6	1	2531	0	能够带来胜利的盾牌	0	10000	13000	0	0	4	77	77	0	0	13	25	25	0	0	0	0	0	0	0	0	250	0
1140020700	极品胜利之盾·游侠	72	0	6	2	2531	0	能够带来胜利的盾牌	3000	0	0	0	0	4	37	37	0	0	13	12	12	2	0	0	0	0	0	0	0	200	0
1140020701	极品胜利之盾·游侠+1	72	0	6	2	2531	0	能够带来胜利的盾牌	3500	0	0	0	0	4	41	41	0	0	13	13	13	2	0	0	0	0	0	0	0	205	0
1140020702	极品胜利之盾·游侠+2	72	0	6	2	2531	0	能够带来胜利的盾牌	4000	0	0	0	0	4	45	45	0	0	13	15	15	2	0	0	0	0	0	0	0	210	0
1140020703	极品胜利之盾·游侠+3	72	2	6	2	2531	0	能够带来胜利的盾牌	4500	0	0	0	0	4	49	49	0	0	13	16	16	2	0	0	0	0	0	0	0	215	0
1140020704	极品胜利之盾·游侠+4	72	2	6	2	2531	0	能够带来胜利的盾牌	5000	0	0	0	0	4	53	53	0	0	13	17	17	2	0	0	0	0	0	0	0	220	0
1140020705	极品胜利之盾·游侠+5	72	3	6	2	2531	0	能够带来胜利的盾牌	5500	500	15000	0	0	4	57	57	0	0	13	19	19	2	0	0	0	0	0	0	0	225	0
1140020706	极品胜利之盾·游侠+6	72	3	6	2	2531	0	能够带来胜利的盾牌	6000	700	15000	0	0	4	61	61	0	0	13	20	20	2	0	0	0	0	0	0	0	230	0
1140020707	极品胜利之盾·游侠+7	72	3	6	2	2531	0	能够带来胜利的盾牌	6500	900	15000	0	0	4	65	65	0	0	13	21	21	2	0	0	0	0	0	0	0	235	0
1140020708	极品胜利之盾·游侠+8	72	4	6	2	2531	0	能够带来胜利的盾牌	7000	1100	15000	0	0	4	69	69	0	0	13	23	23	2	0	0	0	0	0	0	0	240	0
1140020709	极品胜利之盾·游侠+9	72	4	6	2	2531	0	能够带来胜利的盾牌	7500	1300	15000	0	0	4	73	73	0	0	13	24	24	2	0	0	0	0	0	0	0	245	0
1140020710	极品胜利之盾·游侠+10	72	5	6	2	2531	0	能够带来胜利的盾牌	0	1500	15000	0	0	4	77	77	0	0	13	25	25	2	0	0	0	0	0	0	0	250	0
1140030700	完美胜利之盾·游侠	72	0	6	3	1512000	0	能够带来胜利的盾牌	3000	0	0	268	0	4	37	37	0	0	13	12	12	2	10	0	0	0	0	0	0	550	210
1140030701	完美胜利之盾·游侠+1	72	0	6	3	1512000	0	能够带来胜利的盾牌	3500	0	0	268	0	4	41	41	0	0	13	13	13	2	10	0	0	0	0	0	0	555	210
1140030702	完美胜利之盾·游侠+2	72	0	6	3	1512000	0	能够带来胜利的盾牌	4000	0	0	268	0	4	45	45	0	0	13	15	15	2	10	0	0	0	0	0	0	560	210
1140030703	完美胜利之盾·游侠+3	72	3	6	3	1512000	0	能够带来胜利的盾牌	4500	0	0	268	0	4	49	49	0	0	13	16	16	2	10	0	0	0	0	0	0	565	210
1140030704	完美胜利之盾·游侠+4	72	3	6	3	1512000	0	能够带来胜利的盾牌	5000	0	0	268	0	4	53	53	0	0	13	17	17	2	10	0	0	0	0	0	0	570	210
1140030705	完美胜利之盾·游侠+5	72	4	6	3	1512000	0	能够带来胜利的盾牌	5500	0	0	268	0	4	57	57	0	0	13	19	19	2	10	0	0	0	0	0	0	575	210
1140030706	完美胜利之盾·游侠+6	72	4	6	3	1512000	0	能够带来胜利的盾牌	6000	0	0	268	0	4	61	61	0	0	13	20	20	2	10	0	0	0	0	0	0	580	210
1140030707	完美胜利之盾·游侠+7	72	4	6	3	1512000	0	能够带来胜利的盾牌	6500	50	17000	268	0	4	65	65	0	0	13	21	21	2	10	0	0	0	0	0	0	585	210
1140030708	完美胜利之盾·游侠+8	72	5	6	3	1512000	0	能够带来胜利的盾牌	7000	150	17000	268	0	4	69	69	0	0	13	23	23	2	10	0	0	0	0	0	0	590	210
1140030709	完美胜利之盾·游侠+9	72	5	6	3	1512000	0	能够带来胜利的盾牌	7500	250	17000	268	0	4	73	73	0	0	13	24	24	2	10	0	0	0	0	0	0	595	210
1140030710	完美胜利之盾·游侠+10	72	6	6	3	1512000	0	能够带来胜利的盾牌	0	350	17000	268	0	4	77	77	0	0	13	25	25	2	10	0	0	0	0	0	0	600	210
1140040700	神品胜利之盾·游侠	72	0	6	4	2520000	0	能够带来胜利的盾牌	3000	0	0	448	0	4	37	37	0	0	13	12	12	2	10	10	10	0	0	0	0	550	210
1140040701	神品胜利之盾·游侠+1	72	0	6	4	2520000	0	能够带来胜利的盾牌	3500	0	0	448	0	4	41	41	0	0	13	13	13	2	10	10	10	0	0	0	0	555	210
1140040702	神品胜利之盾·游侠+2	72	0	6	4	2520000	0	能够带来胜利的盾牌	4000	0	0	448	0	4	45	45	0	0	13	15	15	2	10	10	10	0	0	0	0	560	210
1140040703	神品胜利之盾·游侠+3	72	4	6	4	2520000	0	能够带来胜利的盾牌	4500	0	0	448	0	4	49	49	0	0	13	16	16	2	10	10	10	0	0	0	0	565	210
1140040704	神品胜利之盾·游侠+4	72	4	6	4	2520000	0	能够带来胜利的盾牌	5000	0	0	448	0	4	53	53	0	0	13	17	17	2	10	10	10	0	0	0	0	570	210
1140040705	神品胜利之盾·游侠+5	72	5	6	4	2520000	0	能够带来胜利的盾牌	5500	0	0	448	0	4	57	57	0	0	13	19	19	2	10	10	10	0	0	0	0	575	210
1140040706	神品胜利之盾·游侠+6	72	5	6	4	2520000	0	能够带来胜利的盾牌	6000	0	0	448	0	4	61	61	0	0	13	20	20	2	10	10	10	0	0	0	0	580	210
1140040707	神品胜利之盾·游侠+7	72	5	6	4	2520000	0	能够带来胜利的盾牌	6500	0	0	448	0	4	65	65	0	0	13	21	21	2	10	10	10	0	0	0	0	585	210
1140040708	神品胜利之盾·游侠+8	72	6	6	4	2520000	0	能够带来胜利的盾牌	7000	0	0	448	0	4	69	69	0	0	13	23	23	2	10	10	10	0	0	0	0	590	210
1140040709	神品胜利之盾·游侠+9	72	6	6	4	2520000	0	能够带来胜利的盾牌	7500	0	0	448	0	4	73	73	0	0	13	24	24	2	10	10	10	0	0	0	0	595	210
1140040710	神品胜利之盾·游侠+10	72	7	6	4	2520000	0	能够带来胜利的盾牌	0	0	0	448	0	4	77	77	0	0	13	25	25	2	10	10	10	0	0	0	0	600	210
1140000800	狂暴之盾·游侠	84	0	7	0	3796	0	穿着会显示出狂暴一面的盾牌	4500	0	0	0	0	4	45	45	0	0	16	0	0	0	0	0	0	0	0	0	0	225	0
1140000801	狂暴之盾·游侠+1	84	0	7	0	3796	0	穿着会显示出狂暴一面的盾牌	5000	0	0	0	0	4	49	49	0	0	16	0	0	0	0	0	0	0	0	0	0	230	0
1140000802	狂暴之盾·游侠+2	84	0	7	0	3796	0	穿着会显示出狂暴一面的盾牌	5500	0	0	0	0	4	53	53	0	0	16	0	0	0	0	0	0	0	0	0	0	235	0
1140000803	狂暴之盾·游侠+3	84	0	7	0	3796	0	穿着会显示出狂暴一面的盾牌	6000	7500	15000	0	0	4	57	57	0	0	16	0	0	0	0	0	0	0	0	0	0	240	0
1140000804	狂暴之盾·游侠+4	84	0	7	0	3796	0	穿着会显示出狂暴一面的盾牌	6500	8500	15000	0	0	4	61	61	0	0	16	0	0	0	0	0	0	0	0	0	0	245	0
1140000805	狂暴之盾·游侠+5	84	0	7	0	3796	0	穿着会显示出狂暴一面的盾牌	7000	9500	15000	0	0	4	65	65	0	0	16	0	0	0	0	0	0	0	0	0	0	250	0
1140000806	狂暴之盾·游侠+6	84	0	7	0	3796	0	穿着会显示出狂暴一面的盾牌	7500	10000	15000	0	0	4	69	69	0	0	16	0	0	0	0	0	0	0	0	0	0	255	0
1140000807	狂暴之盾·游侠+7	84	0	7	0	3796	0	穿着会显示出狂暴一面的盾牌	8000	10000	15000	0	0	4	73	73	0	0	16	0	0	0	0	0	0	0	0	0	0	260	0
1140000808	狂暴之盾·游侠+8	84	0	7	0	3796	0	穿着会显示出狂暴一面的盾牌	8500	10000	15000	0	0	4	77	77	0	0	16	0	0	0	0	0	0	0	0	0	0	265	0
1140000809	狂暴之盾·游侠+9	84	0	7	0	3796	0	穿着会显示出狂暴一面的盾牌	9000	10000	15000	0	0	4	81	81	0	0	16	0	0	0	0	0	0	0	0	0	0	270	0
1140000810	狂暴之盾·游侠+10	84	0	7	0	3796	0	穿着会显示出狂暴一面的盾牌	0	10000	15000	0	0	4	85	85	0	0	16	0	0	0	0	0	0	0	0	0	0	275	0
1140010800	精品狂暴之盾·游侠	84	0	7	1	3796	0	穿着会显示出狂暴一面的盾牌	4500	0	0	0	0	4	45	45	0	0	16	15	15	0	0	0	0	0	0	0	0	225	0
1140010801	精品狂暴之盾·游侠+1	84	0	7	1	3796	0	穿着会显示出狂暴一面的盾牌	5000	0	0	0	0	4	49	49	0	0	16	16	16	0	0	0	0	0	0	0	0	230	0
1140010802	精品狂暴之盾·游侠+2	84	0	7	1	3796	0	穿着会显示出狂暴一面的盾牌	5500	0	0	0	0	4	53	53	0	0	16	17	17	0	0	0	0	0	0	0	0	235	0
1140010803	精品狂暴之盾·游侠+3	84	1	7	1	3796	0	穿着会显示出狂暴一面的盾牌	6000	0	0	0	0	4	57	57	0	0	16	19	19	0	0	0	0	0	0	0	0	240	0
1140010804	精品狂暴之盾·游侠+4	84	1	7	1	3796	0	穿着会显示出狂暴一面的盾牌	6500	1000	18000	0	0	4	61	61	0	0	16	20	20	0	0	0	0	0	0	0	0	245	0
1140010805	精品狂暴之盾·游侠+5	84	2	7	1	3796	0	穿着会显示出狂暴一面的盾牌	7000	2000	18000	0	0	4	65	65	0	0	16	21	21	0	0	0	0	0	0	0	0	250	0
1140010806	精品狂暴之盾·游侠+6	84	2	7	1	3796	0	穿着会显示出狂暴一面的盾牌	7500	3000	18000	0	0	4	69	69	0	0	16	23	23	0	0	0	0	0	0	0	0	255	0
1140010807	精品狂暴之盾·游侠+7	84	2	7	1	3796	0	穿着会显示出狂暴一面的盾牌	8000	4000	18000	0	0	4	73	73	0	0	16	24	24	0	0	0	0	0	0	0	0	260	0
1140010808	精品狂暴之盾·游侠+8	84	3	7	1	3796	0	穿着会显示出狂暴一面的盾牌	8500	6000	18000	0	0	4	77	77	0	0	16	25	25	0	0	0	0	0	0	0	0	265	0
1140010809	精品狂暴之盾·游侠+9	84	3	7	1	3796	0	穿着会显示出狂暴一面的盾牌	9000	8000	18000	0	0	4	81	81	0	0	16	27	27	0	0	0	0	0	0	0	0	270	0
1140010810	精品狂暴之盾·游侠+10	84	4	7	1	3796	0	穿着会显示出狂暴一面的盾牌	0	10000	18000	0	0	4	85	85	0	0	16	28	28	0	0	0	0	0	0	0	0	275	0
1140020800	极品狂暴之盾·游侠	84	0	7	2	3796	0	穿着会显示出狂暴一面的盾牌	4500	0	0	0	0	4	45	45	0	0	16	15	15	2	0	0	0	0	0	0	0	225	0
1140020801	极品狂暴之盾·游侠+1	84	0	7	2	3796	0	穿着会显示出狂暴一面的盾牌	5000	0	0	0	0	4	49	49	0	0	16	16	16	2	0	0	0	0	0	0	0	230	0
1140020802	极品狂暴之盾·游侠+2	84	0	7	2	3796	0	穿着会显示出狂暴一面的盾牌	5500	0	0	0	0	4	53	53	0	0	16	17	17	2	0	0	0	0	0	0	0	235	0
1140020803	极品狂暴之盾·游侠+3	84	2	7	2	3796	0	穿着会显示出狂暴一面的盾牌	6000	0	0	0	0	4	57	57	0	0	16	19	19	2	0	0	0	0	0	0	0	240	0
1140020804	极品狂暴之盾·游侠+4	84	2	7	2	3796	0	穿着会显示出狂暴一面的盾牌	6500	0	0	0	0	4	61	61	0	0	16	20	20	2	0	0	0	0	0	0	0	245	0
1140020805	极品狂暴之盾·游侠+5	84	3	7	2	3796	0	穿着会显示出狂暴一面的盾牌	7000	500	21000	0	0	4	65	65	0	0	16	21	21	2	0	0	0	0	0	0	0	250	0
1140020806	极品狂暴之盾·游侠+6	84	3	7	2	3796	0	穿着会显示出狂暴一面的盾牌	7500	700	21000	0	0	4	69	69	0	0	16	23	23	2	0	0	0	0	0	0	0	255	0
1140020807	极品狂暴之盾·游侠+7	84	3	7	2	3796	0	穿着会显示出狂暴一面的盾牌	8000	900	21000	0	0	4	73	73	0	0	16	24	24	2	0	0	0	0	0	0	0	260	0
1140020808	极品狂暴之盾·游侠+8	84	4	7	2	3796	0	穿着会显示出狂暴一面的盾牌	8500	1100	21000	0	0	4	77	77	0	0	16	25	25	2	0	0	0	0	0	0	0	265	0
1140020809	极品狂暴之盾·游侠+9	84	4	7	2	3796	0	穿着会显示出狂暴一面的盾牌	9000	1300	21000	0	0	4	81	81	0	0	16	27	27	2	0	0	0	0	0	0	0	270	0
1140020810	极品狂暴之盾·游侠+10	84	5	7	2	3796	0	穿着会显示出狂暴一面的盾牌	0	1500	21000	0	0	4	85	85	0	0	16	28	28	2	0	0	0	0	0	0	0	275	0
1140030800	完美狂暴之盾·游侠	84	0	7	3	2184000	0	穿着会显示出狂暴一面的盾牌	4500	0	0	336	0	4	45	45	0	0	16	15	15	2	10	0	0	0	0	0	0	625	240
1140030801	完美狂暴之盾·游侠+1	84	0	7	3	2184000	0	穿着会显示出狂暴一面的盾牌	5000	0	0	336	0	4	49	49	0	0	16	16	16	2	10	0	0	0	0	0	0	630	240
1140030802	完美狂暴之盾·游侠+2	84	0	7	3	2184000	0	穿着会显示出狂暴一面的盾牌	5500	0	0	336	0	4	53	53	0	0	16	17	17	2	10	0	0	0	0	0	0	635	240
1140030803	完美狂暴之盾·游侠+3	84	3	7	3	2184000	0	穿着会显示出狂暴一面的盾牌	6000	0	0	336	0	4	57	57	0	0	16	19	19	2	10	0	0	0	0	0	0	640	240
1140030804	完美狂暴之盾·游侠+4	84	3	7	3	2184000	0	穿着会显示出狂暴一面的盾牌	6500	0	0	336	0	4	61	61	0	0	16	20	20	2	10	0	0	0	0	0	0	645	240
1140030805	完美狂暴之盾·游侠+5	84	4	7	3	2184000	0	穿着会显示出狂暴一面的盾牌	7000	0	0	336	0	4	65	65	0	0	16	21	21	2	10	0	0	0	0	0	0	650	240
1140030806	完美狂暴之盾·游侠+6	84	4	7	3	2184000	0	穿着会显示出狂暴一面的盾牌	7500	0	0	336	0	4	69	69	0	0	16	23	23	2	10	0	0	0	0	0	0	655	240
1140030807	完美狂暴之盾·游侠+7	84	4	7	3	2184000	0	穿着会显示出狂暴一面的盾牌	8000	50	24000	336	0	4	73	73	0	0	16	24	24	2	10	0	0	0	0	0	0	660	240
1140030808	完美狂暴之盾·游侠+8	84	5	7	3	2184000	0	穿着会显示出狂暴一面的盾牌	8500	150	24000	336	0	4	77	77	0	0	16	25	25	2	10	0	0	0	0	0	0	665	240
1140030809	完美狂暴之盾·游侠+9	84	5	7	3	2184000	0	穿着会显示出狂暴一面的盾牌	9000	250	24000	336	0	4	81	81	0	0	16	27	27	2	10	0	0	0	0	0	0	670	240
1140030810	完美狂暴之盾·游侠+10	84	6	7	3	2184000	0	穿着会显示出狂暴一面的盾牌	0	350	24000	336	0	4	85	85	0	0	16	28	28	2	10	0	0	0	0	0	0	675	240
1140040800	神品狂暴之盾·游侠	84	0	7	4	3640000	0	穿着会显示出狂暴一面的盾牌	4500	0	0	560	0	4	45	45	0	0	16	15	15	2	10	10	10	0	0	0	0	625	240
1140040801	神品狂暴之盾·游侠+1	84	0	7	4	3640000	0	穿着会显示出狂暴一面的盾牌	5000	0	0	560	0	4	49	49	0	0	16	16	16	2	10	10	10	0	0	0	0	630	240
1140040802	神品狂暴之盾·游侠+2	84	0	7	4	3640000	0	穿着会显示出狂暴一面的盾牌	5500	0	0	560	0	4	53	53	0	0	16	17	17	2	10	10	10	0	0	0	0	635	240
1140040803	神品狂暴之盾·游侠+3	84	4	7	4	3640000	0	穿着会显示出狂暴一面的盾牌	6000	0	0	560	0	4	57	57	0	0	16	19	19	2	10	10	10	0	0	0	0	640	240
1140040804	神品狂暴之盾·游侠+4	84	4	7	4	3640000	0	穿着会显示出狂暴一面的盾牌	6500	0	0	560	0	4	61	61	0	0	16	20	20	2	10	10	10	0	0	0	0	645	240
1140040805	神品狂暴之盾·游侠+5	84	5	7	4	3640000	0	穿着会显示出狂暴一面的盾牌	7000	0	0	560	0	4	65	65	0	0	16	21	21	2	10	10	10	0	0	0	0	650	240
1140040806	神品狂暴之盾·游侠+6	84	5	7	4	3640000	0	穿着会显示出狂暴一面的盾牌	7500	0	0	560	0	4	69	69	0	0	16	23	23	2	10	10	10	0	0	0	0	655	240
1140040807	神品狂暴之盾·游侠+7	84	5	7	4	3640000	0	穿着会显示出狂暴一面的盾牌	8000	0	0	560	0	4	73	73	0	0	16	24	24	2	10	10	10	0	0	0	0	660	240
1140040808	神品狂暴之盾·游侠+8	84	6	7	4	3640000	0	穿着会显示出狂暴一面的盾牌	8500	0	0	560	0	4	77	77	0	0	16	25	25	2	10	10	10	0	0	0	0	665	240
1140040809	神品狂暴之盾·游侠+9	84	6	7	4	3640000	0	穿着会显示出狂暴一面的盾牌	9000	0	0	560	0	4	81	81	0	0	16	27	27	2	10	10	10	0	0	0	0	670	240
1140040810	神品狂暴之盾·游侠+10	84	7	7	4	3640000	0	穿着会显示出狂暴一面的盾牌	0	0	0	560	0	4	85	85	0	0	16	28	28	2	10	10	10	0	0	0	0	675	240
1140000900	力量之盾·游侠	96	0	8	0	5695	0	战神赋予战士强大力量的盾牌	6000	0	0	0	0	4	55	55	0	0	19	0	0	0	0	0	0	0	0	0	0	250	0
1140000901	力量之盾·游侠+1	96	0	8	0	5695	0	战神赋予战士强大力量的盾牌	7000	0	0	0	0	4	59	59	0	0	19	0	0	0	0	0	0	0	0	0	0	255	0
1140000902	力量之盾·游侠+2	96	0	8	0	5695	0	战神赋予战士强大力量的盾牌	8000	0	0	0	0	4	63	63	0	0	19	0	0	0	0	0	0	0	0	0	0	260	0
1140000903	力量之盾·游侠+3	96	0	8	0	5695	0	战神赋予战士强大力量的盾牌	9000	6000	21000	0	0	4	67	67	0	0	19	0	0	0	0	0	0	0	0	0	0	265	0
1140000904	力量之盾·游侠+4	96	0	8	0	5695	0	战神赋予战士强大力量的盾牌	10000	7000	21000	0	0	4	71	71	0	0	19	0	0	0	0	0	0	0	0	0	0	270	0
1140000905	力量之盾·游侠+5	96	0	8	0	5695	0	战神赋予战士强大力量的盾牌	11000	8000	21000	0	0	4	75	75	0	0	19	0	0	0	0	0	0	0	0	0	0	275	0
1140000906	力量之盾·游侠+6	96	0	8	0	5695	0	战神赋予战士强大力量的盾牌	12000	9000	21000	0	0	4	79	79	0	0	19	0	0	0	0	0	0	0	0	0	0	280	0
1140000907	力量之盾·游侠+7	96	0	8	0	5695	0	战神赋予战士强大力量的盾牌	13000	10000	21000	0	0	4	83	83	0	0	19	0	0	0	0	0	0	0	0	0	0	285	0
1140000908	力量之盾·游侠+8	96	0	8	0	5695	0	战神赋予战士强大力量的盾牌	14000	10000	21000	0	0	4	87	87	0	0	19	0	0	0	0	0	0	0	0	0	0	290	0
1140000909	力量之盾·游侠+9	96	0	8	0	5695	0	战神赋予战士强大力量的盾牌	15000	10000	21000	0	0	4	91	91	0	0	19	0	0	0	0	0	0	0	0	0	0	295	0
1140000910	力量之盾·游侠+10	96	0	8	0	5695	0	战神赋予战士强大力量的盾牌	0	10000	21000	0	0	4	95	95	0	0	19	0	0	0	0	0	0	0	0	0	0	300	0
1140010900	精品力量之盾·游侠	96	0	8	1	5695	0	战神赋予战士强大力量的盾牌	6000	0	0	0	0	4	55	55	0	0	19	18	18	0	0	0	0	0	0	0	0	250	0
1140010901	精品力量之盾·游侠+1	96	0	8	1	5695	0	战神赋予战士强大力量的盾牌	7000	0	0	0	0	4	59	59	0	0	19	19	19	0	0	0	0	0	0	0	0	255	0
1140010902	精品力量之盾·游侠+2	96	0	8	1	5695	0	战神赋予战士强大力量的盾牌	8000	0	0	0	0	4	63	63	0	0	19	21	21	0	0	0	0	0	0	0	0	260	0
1140010903	精品力量之盾·游侠+3	96	1	8	1	5695	0	战神赋予战士强大力量的盾牌	9000	0	0	0	0	4	67	67	0	0	19	22	22	0	0	0	0	0	0	0	0	265	0
1140010904	精品力量之盾·游侠+4	96	1	8	1	5695	0	战神赋予战士强大力量的盾牌	10000	1000	24000	0	0	4	71	71	0	0	19	23	23	0	0	0	0	0	0	0	0	270	0
1140010905	精品力量之盾·游侠+5	96	2	8	1	5695	0	战神赋予战士强大力量的盾牌	11000	2000	24000	0	0	4	75	75	0	0	19	25	25	0	0	0	0	0	0	0	0	275	0
1140010906	精品力量之盾·游侠+6	96	2	8	1	5695	0	战神赋予战士强大力量的盾牌	12000	3000	24000	0	0	4	79	79	0	0	19	26	26	0	0	0	0	0	0	0	0	280	0
1140010907	精品力量之盾·游侠+7	96	2	8	1	5695	0	战神赋予战士强大力量的盾牌	13000	4000	24000	0	0	4	83	83	0	0	19	27	27	0	0	0	0	0	0	0	0	285	0
1140010908	精品力量之盾·游侠+8	96	3	8	1	5695	0	战神赋予战士强大力量的盾牌	14000	6000	24000	0	0	4	87	87	0	0	19	29	29	0	0	0	0	0	0	0	0	290	0
1140010909	精品力量之盾·游侠+9	96	3	8	1	5695	0	战神赋予战士强大力量的盾牌	15000	8000	24000	0	0	4	91	91	0	0	19	30	30	0	0	0	0	0	0	0	0	295	0
1140010910	精品力量之盾·游侠+10	96	4	8	1	5695	0	战神赋予战士强大力量的盾牌	0	10000	24000	0	0	4	95	95	0	0	19	31	31	0	0	0	0	0	0	0	0	300	0
1140020900	极品力量之盾·游侠	96	0	8	2	5695	0	战神赋予战士强大力量的盾牌	6000	0	0	0	0	4	55	55	0	0	19	18	18	2	0	0	0	0	0	0	0	250	0
1140020901	极品力量之盾·游侠+1	96	0	8	2	5695	0	战神赋予战士强大力量的盾牌	7000	0	0	0	0	4	59	59	0	0	19	19	19	2	0	0	0	0	0	0	0	255	0
1140020902	极品力量之盾·游侠+2	96	0	8	2	5695	0	战神赋予战士强大力量的盾牌	8000	0	0	0	0	4	63	63	0	0	19	21	21	2	0	0	0	0	0	0	0	260	0
1140020903	极品力量之盾·游侠+3	96	2	8	2	5695	0	战神赋予战士强大力量的盾牌	9000	0	0	0	0	4	67	67	0	0	19	22	22	2	0	0	0	0	0	0	0	265	0
1140020904	极品力量之盾·游侠+4	96	2	8	2	5695	0	战神赋予战士强大力量的盾牌	10000	0	0	0	0	4	71	71	0	0	19	23	23	2	0	0	0	0	0	0	0	270	0
1140020905	极品力量之盾·游侠+5	96	3	8	2	5695	0	战神赋予战士强大力量的盾牌	11000	200	27000	0	0	4	75	75	0	0	19	25	25	2	0	0	0	0	0	0	0	275	0
1140020906	极品力量之盾·游侠+6	96	3	8	2	5695	0	战神赋予战士强大力量的盾牌	12000	400	27000	0	0	4	79	79	0	0	19	26	26	2	0	0	0	0	0	0	0	280	0
1140020907	极品力量之盾·游侠+7	96	3	8	2	5695	0	战神赋予战士强大力量的盾牌	13000	600	27000	0	0	4	83	83	0	0	19	27	27	2	0	0	0	0	0	0	0	285	0
1140020908	极品力量之盾·游侠+8	96	4	8	2	5695	0	战神赋予战士强大力量的盾牌	14000	800	27000	0	0	4	87	87	0	0	19	29	29	2	0	0	0	0	0	0	0	290	0
1140020909	极品力量之盾·游侠+9	96	4	8	2	5695	0	战神赋予战士强大力量的盾牌	15000	1000	27000	0	0	4	91	91	0	0	19	30	30	2	0	0	0	0	0	0	0	295	0
1140020910	极品力量之盾·游侠+10	96	5	8	2	5695	0	战神赋予战士强大力量的盾牌	0	1200	27000	0	0	4	95	95	0	0	19	31	31	2	0	0	0	0	0	0	0	300	0
1140030900	完美力量之盾·游侠	96	0	8	3	3024000	0	战神赋予战士强大力量的盾牌	6000	0	0	403	0	4	55	55	0	0	19	18	18	2	10	0	0	0	0	0	0	700	270
1140030901	完美力量之盾·游侠+1	96	0	8	3	3024000	0	战神赋予战士强大力量的盾牌	7000	0	0	403	0	4	59	59	0	0	19	19	19	2	10	0	0	0	0	0	0	705	270
1140030902	完美力量之盾·游侠+2	96	0	8	3	3024000	0	战神赋予战士强大力量的盾牌	8000	0	0	403	0	4	63	63	0	0	19	21	21	2	10	0	0	0	0	0	0	710	270
1140030903	完美力量之盾·游侠+3	96	3	8	3	3024000	0	战神赋予战士强大力量的盾牌	9000	0	0	403	0	4	67	67	0	0	19	22	22	2	10	0	0	0	0	0	0	715	270
1140030904	完美力量之盾·游侠+4	96	3	8	3	3024000	0	战神赋予战士强大力量的盾牌	10000	0	0	403	0	4	71	71	0	0	19	23	23	2	10	0	0	0	0	0	0	720	270
1140030905	完美力量之盾·游侠+5	96	4	8	3	3024000	0	战神赋予战士强大力量的盾牌	11000	0	0	403	0	4	75	75	0	0	19	25	25	2	10	0	0	0	0	0	0	725	270
1140030906	完美力量之盾·游侠+6	96	4	8	3	3024000	0	战神赋予战士强大力量的盾牌	12000	0	0	403	0	4	79	79	0	0	19	26	26	2	10	0	0	0	0	0	0	730	270
1140030907	完美力量之盾·游侠+7	96	4	8	3	3024000	0	战神赋予战士强大力量的盾牌	13000	70	30000	403	0	4	83	83	0	0	19	27	27	2	10	0	0	0	0	0	0	735	270
1140030908	完美力量之盾·游侠+8	96	5	8	3	3024000	0	战神赋予战士强大力量的盾牌	14000	170	30000	403	0	4	87	87	0	0	19	29	29	2	10	0	0	0	0	0	0	740	270
1140030909	完美力量之盾·游侠+9	96	5	8	3	3024000	0	战神赋予战士强大力量的盾牌	15000	270	30000	403	0	4	91	91	0	0	19	30	30	2	10	0	0	0	0	0	0	745	270
1140030910	完美力量之盾·游侠+10	96	6	8	3	3024000	0	战神赋予战士强大力量的盾牌	0	370	30000	403	0	4	95	95	0	0	19	31	31	2	10	0	0	0	0	0	0	750	270
1140040900	神品力量之盾·游侠	96	0	8	4	5040000	0	战神赋予战士强大力量的盾牌	6000	0	0	672	0	4	55	55	0	0	19	18	18	2	10	10	10	0	0	0	0	700	270
1140040901	神品力量之盾·游侠+1	96	0	8	4	5040000	0	战神赋予战士强大力量的盾牌	7000	0	0	672	0	4	59	59	0	0	19	19	19	2	10	10	10	0	0	0	0	705	270
1140040902	神品力量之盾·游侠+2	96	0	8	4	5040000	0	战神赋予战士强大力量的盾牌	8000	0	0	672	0	4	63	63	0	0	19	21	21	2	10	10	10	0	0	0	0	710	270
1140040903	神品力量之盾·游侠+3	96	4	8	4	5040000	0	战神赋予战士强大力量的盾牌	9000	0	0	672	0	4	67	67	0	0	19	22	22	2	10	10	10	0	0	0	0	715	270
1140040904	神品力量之盾·游侠+4	96	4	8	4	5040000	0	战神赋予战士强大力量的盾牌	10000	0	0	672	0	4	71	71	0	0	19	23	23	2	10	10	10	0	0	0	0	720	270
1140040905	神品力量之盾·游侠+5	96	5	8	4	5040000	0	战神赋予战士强大力量的盾牌	11000	0	0	672	0	4	75	75	0	0	19	25	25	2	10	10	10	0	0	0	0	725	270
1140040906	神品力量之盾·游侠+6	96	5	8	4	5040000	0	战神赋予战士强大力量的盾牌	12000	0	0	672	0	4	79	79	0	0	19	26	26	2	10	10	10	0	0	0	0	730	270
1140040907	神品力量之盾·游侠+7	96	5	8	4	5040000	0	战神赋予战士强大力量的盾牌	13000	0	0	672	0	4	83	83	0	0	19	27	27	2	10	10	10	0	0	0	0	735	270
1140040908	神品力量之盾·游侠+8	96	6	8	4	5040000	0	战神赋予战士强大力量的盾牌	14000	0	0	672	0	4	87	87	0	0	19	29	29	2	10	10	10	0	0	0	0	740	270
1140040909	神品力量之盾·游侠+9	96	6	8	4	5040000	0	战神赋予战士强大力量的盾牌	15000	0	0	672	0	4	91	91	0	0	19	30	30	2	10	10	10	0	0	0	0	745	270
1140040910	神品力量之盾·游侠+10	96	7	8	4	5040000	0	战神赋予战士强大力量的盾牌	0	0	0	672	0	4	95	95	0	0	19	31	31	2	10	10	10	0	0	0	0	750	270
1140001000	鬼泣之盾·游侠	108	0	9	0	10678	0	具有死亡气息的盾牌	10000	0	0	0	0	4	66	66	0	0	24	0	0	0	0	0	0	0	0	0	0	280	0
1140001001	鬼泣之盾·游侠+1	108	0	9	0	10678	0	具有死亡气息的盾牌	11000	0	0	0	0	4	70	70	0	0	24	0	0	0	0	0	0	0	0	0	0	285	0
1140001002	鬼泣之盾·游侠+2	108	0	9	0	10678	0	具有死亡气息的盾牌	12000	0	0	0	0	4	74	74	0	0	24	0	0	0	0	0	0	0	0	0	0	290	0
1140001003	鬼泣之盾·游侠+3	108	0	9	0	10678	0	具有死亡气息的盾牌	13000	6000	27000	0	0	4	78	78	0	0	24	0	0	0	0	0	0	0	0	0	0	295	0
1140001004	鬼泣之盾·游侠+4	108	0	9	0	10678	0	具有死亡气息的盾牌	14000	6500	27000	0	0	4	82	82	0	0	24	0	0	0	0	0	0	0	0	0	0	300	0
1140001005	鬼泣之盾·游侠+5	108	0	9	0	10678	0	具有死亡气息的盾牌	15000	7000	27000	0	0	4	86	86	0	0	24	0	0	0	0	0	0	0	0	0	0	305	0
1140001006	鬼泣之盾·游侠+6	108	0	9	0	10678	0	具有死亡气息的盾牌	16000	7500	27000	0	0	4	90	90	0	0	24	0	0	0	0	0	0	0	0	0	0	310	0
1140001007	鬼泣之盾·游侠+7	108	0	9	0	10678	0	具有死亡气息的盾牌	17000	8000	27000	0	0	4	94	94	0	0	24	0	0	0	0	0	0	0	0	0	0	315	0
1140001008	鬼泣之盾·游侠+8	108	0	9	0	10678	0	具有死亡气息的盾牌	18000	8500	27000	0	0	4	98	98	0	0	24	0	0	0	0	0	0	0	0	0	0	320	0
1140001009	鬼泣之盾·游侠+9	108	0	9	0	10678	0	具有死亡气息的盾牌	19000	9000	27000	0	0	4	102	102	0	0	24	0	0	0	0	0	0	0	0	0	0	325	0
1140001010	鬼泣之盾·游侠+10	108	0	9	0	10678	0	具有死亡气息的盾牌	0	9500	27000	0	0	4	106	106	0	0	24	0	0	0	0	0	0	0	0	0	0	330	0
1140011000	精品鬼泣之盾·游侠	108	0	9	1	10678	0	具有死亡气息的盾牌	10000	0	0	0	0	4	66	66	0	0	24	22	22	0	0	0	0	0	0	0	0	280	0
1140011001	精品鬼泣之盾·游侠+1	108	0	9	1	10678	0	具有死亡气息的盾牌	11000	0	0	0	0	4	70	70	0	0	24	23	23	0	0	0	0	0	0	0	0	285	0
1140011002	精品鬼泣之盾·游侠+2	108	0	9	1	10678	0	具有死亡气息的盾牌	12000	0	0	0	0	4	74	74	0	0	24	24	24	0	0	0	0	0	0	0	0	290	0
1140011003	精品鬼泣之盾·游侠+3	108	1	9	1	10678	0	具有死亡气息的盾牌	13000	0	0	0	0	4	78	78	0	0	24	26	26	0	0	0	0	0	0	0	0	295	0
1140011004	精品鬼泣之盾·游侠+4	108	1	9	1	10678	0	具有死亡气息的盾牌	14000	1000	31000	0	0	4	82	82	0	0	24	27	27	0	0	0	0	0	0	0	0	300	0
1140011005	精品鬼泣之盾·游侠+5	108	2	9	1	10678	0	具有死亡气息的盾牌	15000	2000	31000	0	0	4	86	86	0	0	24	28	28	0	0	0	0	0	0	0	0	305	0
1140011006	精品鬼泣之盾·游侠+6	108	2	9	1	10678	0	具有死亡气息的盾牌	16000	3000	31000	0	0	4	90	90	0	0	24	30	30	0	0	0	0	0	0	0	0	310	0
1140011007	精品鬼泣之盾·游侠+7	108	2	9	1	10678	0	具有死亡气息的盾牌	17000	4000	31000	0	0	4	94	94	0	0	24	31	31	0	0	0	0	0	0	0	0	315	0
1140011008	精品鬼泣之盾·游侠+8	108	3	9	1	10678	0	具有死亡气息的盾牌	18000	6000	31000	0	0	4	98	98	0	0	24	32	32	0	0	0	0	0	0	0	0	320	0
1140011009	精品鬼泣之盾·游侠+9	108	3	9	1	10678	0	具有死亡气息的盾牌	19000	8000	31000	0	0	4	102	102	0	0	24	34	34	0	0	0	0	0	0	0	0	325	0
1140011010	精品鬼泣之盾·游侠+10	108	4	9	1	10678	0	具有死亡气息的盾牌	0	10000	31000	0	0	4	106	106	0	0	24	35	35	0	0	0	0	0	0	0	0	330	0
1140021000	极品鬼泣之盾·游侠	108	0	9	2	10678	0	具有死亡气息的盾牌	10000	0	0	0	0	4	66	66	0	0	24	22	22	2	0	0	0	0	0	0	0	280	0
1140021001	极品鬼泣之盾·游侠+1	108	0	9	2	10678	0	具有死亡气息的盾牌	11000	0	0	0	0	4	70	70	0	0	24	23	23	2	0	0	0	0	0	0	0	285	0
1140021002	极品鬼泣之盾·游侠+2	108	0	9	2	10678	0	具有死亡气息的盾牌	12000	0	0	0	0	4	74	74	0	0	24	24	24	2	0	0	0	0	0	0	0	290	0
1140021003	极品鬼泣之盾·游侠+3	108	2	9	2	10678	0	具有死亡气息的盾牌	13000	0	0	0	0	4	78	78	0	0	24	26	26	2	0	0	0	0	0	0	0	295	0
1140021004	极品鬼泣之盾·游侠+4	108	2	9	2	10678	0	具有死亡气息的盾牌	14000	0	0	0	0	4	82	82	0	0	24	27	27	2	0	0	0	0	0	0	0	300	0
1140021005	极品鬼泣之盾·游侠+5	108	3	9	2	10678	0	具有死亡气息的盾牌	15000	200	35000	0	0	4	86	86	0	0	24	28	28	2	0	0	0	0	0	0	0	305	0
1140021006	极品鬼泣之盾·游侠+6	108	3	9	2	10678	0	具有死亡气息的盾牌	16000	400	35000	0	0	4	90	90	0	0	24	30	30	2	0	0	0	0	0	0	0	310	0
1140021007	极品鬼泣之盾·游侠+7	108	3	9	2	10678	0	具有死亡气息的盾牌	17000	600	35000	0	0	4	94	94	0	0	24	31	31	2	0	0	0	0	0	0	0	315	0
1140021008	极品鬼泣之盾·游侠+8	108	4	9	2	10678	0	具有死亡气息的盾牌	18000	800	35000	0	0	4	98	98	0	0	24	32	32	2	0	0	0	0	0	0	0	320	0
1140021009	极品鬼泣之盾·游侠+9	108	4	9	2	10678	0	具有死亡气息的盾牌	19000	1000	35000	0	0	4	102	102	0	0	24	34	34	2	0	0	0	0	0	0	0	325	0
1140021010	极品鬼泣之盾·游侠+10	108	5	9	2	10678	0	具有死亡气息的盾牌	0	1200	35000	0	0	4	106	106	0	0	24	35	35	2	0	0	0	0	0	0	0	330	0
1140031000	完美鬼泣之盾·游侠	108	0	9	3	4032000	0	具有死亡气息的盾牌	10000	0	0	470	0	4	66	66	0	0	24	22	22	2	10	0	0	0	0	0	0	780	300
1140031001	完美鬼泣之盾·游侠+1	108	0	9	3	4032000	0	具有死亡气息的盾牌	11000	0	0	470	0	4	70	70	0	0	24	23	23	2	10	0	0	0	0	0	0	785	300
1140031002	完美鬼泣之盾·游侠+2	108	0	9	3	4032000	0	具有死亡气息的盾牌	12000	0	0	470	0	4	74	74	0	0	24	24	24	2	10	0	0	0	0	0	0	790	300
1140031003	完美鬼泣之盾·游侠+3	108	3	9	3	4032000	0	具有死亡气息的盾牌	13000	0	0	470	0	4	78	78	0	0	24	26	26	2	10	0	0	0	0	0	0	795	300
1140031004	完美鬼泣之盾·游侠+4	108	3	9	3	4032000	0	具有死亡气息的盾牌	14000	0	0	470	0	4	82	82	0	0	24	27	27	2	10	0	0	0	0	0	0	800	300
1140031005	完美鬼泣之盾·游侠+5	108	4	9	3	4032000	0	具有死亡气息的盾牌	15000	0	0	470	0	4	86	86	0	0	24	28	28	2	10	0	0	0	0	0	0	805	300
1140031006	完美鬼泣之盾·游侠+6	108	4	9	3	4032000	0	具有死亡气息的盾牌	16000	0	0	470	0	4	90	90	0	0	24	30	30	2	10	0	0	0	0	0	0	810	300
1140031007	完美鬼泣之盾·游侠+7	108	4	9	3	4032000	0	具有死亡气息的盾牌	17000	70	39000	470	0	4	94	94	0	0	24	31	31	2	10	0	0	0	0	0	0	815	300
1140031008	完美鬼泣之盾·游侠+8	108	5	9	3	4032000	0	具有死亡气息的盾牌	18000	170	39000	470	0	4	98	98	0	0	24	32	32	2	10	0	0	0	0	0	0	820	300
1140031009	完美鬼泣之盾·游侠+9	108	5	9	3	4032000	0	具有死亡气息的盾牌	19000	270	39000	470	0	4	102	102	0	0	24	34	34	2	10	0	0	0	0	0	0	825	300
1140031010	完美鬼泣之盾·游侠+10	108	6	9	3	4032000	0	具有死亡气息的盾牌	0	370	39000	470	0	4	106	106	0	0	24	35	35	2	10	0	0	0	0	0	0	830	300
1140041000	神品鬼泣之盾·游侠	108	0	9	4	6720000	0	具有死亡气息的盾牌	10000	0	0	784	0	4	66	66	0	0	24	22	22	2	10	10	10	0	0	0	0	780	300
1140041001	神品鬼泣之盾·游侠+1	108	0	9	4	6720000	0	具有死亡气息的盾牌	11000	0	0	784	0	4	70	70	0	0	24	23	23	2	10	10	10	0	0	0	0	785	300
1140041002	神品鬼泣之盾·游侠+2	108	0	9	4	6720000	0	具有死亡气息的盾牌	12000	0	0	784	0	4	74	74	0	0	24	24	24	2	10	10	10	0	0	0	0	790	300
1140041003	神品鬼泣之盾·游侠+3	108	4	9	4	6720000	0	具有死亡气息的盾牌	13000	0	0	784	0	4	78	78	0	0	24	26	26	2	10	10	10	0	0	0	0	795	300
1140041004	神品鬼泣之盾·游侠+4	108	4	9	4	6720000	0	具有死亡气息的盾牌	14000	0	0	784	0	4	82	82	0	0	24	27	27	2	10	10	10	0	0	0	0	800	300
1140041005	神品鬼泣之盾·游侠+5	108	5	9	4	6720000	0	具有死亡气息的盾牌	15000	0	0	784	0	4	86	86	0	0	24	28	28	2	10	10	10	0	0	0	0	805	300
1140041006	神品鬼泣之盾·游侠+6	108	5	9	4	6720000	0	具有死亡气息的盾牌	16000	0	0	784	0	4	90	90	0	0	24	30	30	2	10	10	10	0	0	0	0	810	300
1140041007	神品鬼泣之盾·游侠+7	108	5	9	4	6720000	0	具有死亡气息的盾牌	17000	0	0	784	0	4	94	94	0	0	24	31	31	2	10	10	10	0	0	0	0	815	300
1140041008	神品鬼泣之盾·游侠+8	108	6	9	4	6720000	0	具有死亡气息的盾牌	18000	0	0	784	0	4	98	98	0	0	24	32	32	2	10	10	10	0	0	0	0	820	300
1140041009	神品鬼泣之盾·游侠+9	108	6	9	4	6720000	0	具有死亡气息的盾牌	19000	0	0	784	0	4	102	102	0	0	24	34	34	2	10	10	10	0	0	0	0	825	300
1140041010	神品鬼泣之盾·游侠+10	108	7	9	4	6720000	0	具有死亡气息的盾牌	0	0	0	784	0	4	106	106	0	0	24	35	35	2	10	10	10	0	0	0	0	830	300
1140001100	毁灭之盾·游侠	120	0	10	0	19221	0	具有毁灭力量的盾牌	15000	0	0	0	0	4	78	78	0	0	28	0	0	0	0	0	0	0	0	0	0	305	0
1140001101	毁灭之盾·游侠+1	120	0	10	0	19221	0	具有毁灭力量的盾牌	17000	0	0	0	0	4	83	83	0	0	28	0	0	0	0	0	0	0	0	0	0	310	0
1140001102	毁灭之盾·游侠+2	120	0	10	0	19221	0	具有毁灭力量的盾牌	19000	0	0	0	0	4	88	88	0	0	28	0	0	0	0	0	0	0	0	0	0	315	0
1140001103	毁灭之盾·游侠+3	120	0	10	0	19221	0	具有毁灭力量的盾牌	21000	5000	35000	0	0	4	93	93	0	0	28	0	0	0	0	0	0	0	0	0	0	320	0
1140001104	毁灭之盾·游侠+4	120	0	10	0	19221	0	具有毁灭力量的盾牌	23000	5500	35000	0	0	4	98	98	0	0	28	0	0	0	0	0	0	0	0	0	0	325	0
1140001105	毁灭之盾·游侠+5	120	0	10	0	19221	0	具有毁灭力量的盾牌	25000	6000	35000	0	0	4	103	103	0	0	28	0	0	0	0	0	0	0	0	0	0	330	0
1140001106	毁灭之盾·游侠+6	120	0	10	0	19221	0	具有毁灭力量的盾牌	27000	6500	35000	0	0	4	108	108	0	0	28	0	0	0	0	0	0	0	0	0	0	335	0
1140001107	毁灭之盾·游侠+7	120	0	10	0	19221	0	具有毁灭力量的盾牌	29000	7000	35000	0	0	4	113	113	0	0	28	0	0	0	0	0	0	0	0	0	0	340	0
1140001108	毁灭之盾·游侠+8	120	0	10	0	19221	0	具有毁灭力量的盾牌	31000	7500	35000	0	0	4	118	118	0	0	28	0	0	0	0	0	0	0	0	0	0	345	0
1140001109	毁灭之盾·游侠+9	120	0	10	0	19221	0	具有毁灭力量的盾牌	33000	8000	35000	0	0	4	123	123	0	0	28	0	0	0	0	0	0	0	0	0	0	350	0
1140001110	毁灭之盾·游侠+10	120	0	10	0	19221	0	具有毁灭力量的盾牌	0	8500	35000	0	0	4	128	128	0	0	28	0	0	0	0	0	0	0	0	0	0	355	0
1140011100	精品毁灭之盾·游侠	120	0	10	1	19221	0	具有毁灭力量的盾牌	15000	0	0	0	0	4	78	78	0	0	28	26	26	0	0	0	0	0	0	0	0	305	0
1140011101	精品毁灭之盾·游侠+1	120	0	10	1	19221	0	具有毁灭力量的盾牌	17000	0	0	0	0	4	83	83	0	0	28	27	27	0	0	0	0	0	0	0	0	310	0
1140011102	精品毁灭之盾·游侠+2	120	0	10	1	19221	0	具有毁灭力量的盾牌	19000	0	0	0	0	4	88	88	0	0	28	29	29	0	0	0	0	0	0	0	0	315	0
1140011103	精品毁灭之盾·游侠+3	120	1	10	1	19221	0	具有毁灭力量的盾牌	21000	0	0	0	0	4	93	93	0	0	28	31	31	0	0	0	0	0	0	0	0	320	0
1140011104	精品毁灭之盾·游侠+4	120	1	10	1	19221	0	具有毁灭力量的盾牌	23000	1000	40000	0	0	4	98	98	0	0	28	32	32	0	0	0	0	0	0	0	0	325	0
1140011105	精品毁灭之盾·游侠+5	120	2	10	1	19221	0	具有毁灭力量的盾牌	25000	2000	40000	0	0	4	103	103	0	0	28	34	34	0	0	0	0	0	0	0	0	330	0
1140011106	精品毁灭之盾·游侠+6	120	2	10	1	19221	0	具有毁灭力量的盾牌	27000	3000	40000	0	0	4	108	108	0	0	28	36	36	0	0	0	0	0	0	0	0	335	0
1140011107	精品毁灭之盾·游侠+7	120	2	10	1	19221	0	具有毁灭力量的盾牌	29000	4000	40000	0	0	4	113	113	0	0	28	37	37	0	0	0	0	0	0	0	0	340	0
1140011108	精品毁灭之盾·游侠+8	120	3	10	1	19221	0	具有毁灭力量的盾牌	31000	6000	40000	0	0	4	118	118	0	0	28	39	39	0	0	0	0	0	0	0	0	345	0
1140011109	精品毁灭之盾·游侠+9	120	3	10	1	19221	0	具有毁灭力量的盾牌	33000	8000	40000	0	0	4	123	123	0	0	28	41	41	0	0	0	0	0	0	0	0	350	0
1140011110	精品毁灭之盾·游侠+10	120	4	10	1	19221	0	具有毁灭力量的盾牌	0	10000	40000	0	0	4	128	128	0	0	28	42	42	0	0	0	0	0	0	0	0	355	0
1140021100	极品毁灭之盾·游侠	120	0	10	2	19221	0	具有毁灭力量的盾牌	15000	0	0	0	0	4	78	78	0	0	28	26	26	2	0	0	0	0	0	0	0	305	0
1140021101	极品毁灭之盾·游侠+1	120	0	10	2	19221	0	具有毁灭力量的盾牌	17000	0	0	0	0	4	83	83	0	0	28	27	27	2	0	0	0	0	0	0	0	310	0
1140021102	极品毁灭之盾·游侠+2	120	0	10	2	19221	0	具有毁灭力量的盾牌	19000	0	0	0	0	4	88	88	0	0	28	29	29	2	0	0	0	0	0	0	0	315	0
1140021103	极品毁灭之盾·游侠+3	120	2	10	2	19221	0	具有毁灭力量的盾牌	21000	0	0	0	0	4	93	93	0	0	28	31	31	2	0	0	0	0	0	0	0	320	0
1140021104	极品毁灭之盾·游侠+4	120	2	10	2	19221	0	具有毁灭力量的盾牌	23000	0	0	0	0	4	98	98	0	0	28	32	32	2	0	0	0	0	0	0	0	325	0
1140021105	极品毁灭之盾·游侠+5	120	3	10	2	19221	0	具有毁灭力量的盾牌	25000	100	50000	0	0	4	103	103	0	0	28	34	34	2	0	0	0	0	0	0	0	330	0
1140021106	极品毁灭之盾·游侠+6	120	3	10	2	19221	0	具有毁灭力量的盾牌	27000	300	50000	0	0	4	108	108	0	0	28	36	36	2	0	0	0	0	0	0	0	335	0
1140021107	极品毁灭之盾·游侠+7	120	3	10	2	19221	0	具有毁灭力量的盾牌	29000	500	50000	0	0	4	113	113	0	0	28	37	37	2	0	0	0	0	0	0	0	340	0
1140021108	极品毁灭之盾·游侠+8	120	4	10	2	19221	0	具有毁灭力量的盾牌	31000	700	50000	0	0	4	118	118	0	0	28	39	39	2	0	0	0	0	0	0	0	345	0
1140021109	极品毁灭之盾·游侠+9	120	4	10	2	19221	0	具有毁灭力量的盾牌	33000	900	50000	0	0	4	123	123	0	0	28	41	41	2	0	0	0	0	0	0	0	350	0
1140021110	极品毁灭之盾·游侠+10	120	5	10	2	19221	0	具有毁灭力量的盾牌	0	1100	50000	0	0	4	128	128	0	0	28	42	42	2	0	0	0	0	0	0	0	355	0
1140031100	完美毁灭之盾·游侠	120	0	10	3	5208000	0	具有毁灭力量的盾牌	15000	0	0	0	0	4	78	78	0	0	28	26	26	2	10	0	0	0	0	0	0	855	330
1140031101	完美毁灭之盾·游侠+1	120	0	10	3	5208000	0	具有毁灭力量的盾牌	17000	0	0	0	0	4	83	83	0	0	28	27	27	2	10	0	0	0	0	0	0	860	330
1140031102	完美毁灭之盾·游侠+2	120	0	10	3	5208000	0	具有毁灭力量的盾牌	19000	0	0	0	0	4	88	88	0	0	28	29	29	2	10	0	0	0	0	0	0	865	330
1140031103	完美毁灭之盾·游侠+3	120	3	10	3	5208000	0	具有毁灭力量的盾牌	21000	0	0	0	0	4	93	93	0	0	28	31	31	2	10	0	0	0	0	0	0	870	330
1140031104	完美毁灭之盾·游侠+4	120	3	10	3	5208000	0	具有毁灭力量的盾牌	23000	0	0	0	0	4	98	98	0	0	28	32	32	2	10	0	0	0	0	0	0	875	330
1140031105	完美毁灭之盾·游侠+5	120	4	10	3	5208000	0	具有毁灭力量的盾牌	25000	0	0	0	0	4	103	103	0	0	28	34	34	2	10	0	0	0	0	0	0	880	330
1140031106	完美毁灭之盾·游侠+6	120	4	10	3	5208000	0	具有毁灭力量的盾牌	27000	0	0	0	0	4	108	108	0	0	28	36	36	2	10	0	0	0	0	0	0	885	330
1140031107	完美毁灭之盾·游侠+7	120	4	10	3	5208000	0	具有毁灭力量的盾牌	29000	70	60000	0	0	4	113	113	0	0	28	37	37	2	10	0	0	0	0	0	0	890	330
1140031108	完美毁灭之盾·游侠+8	120	5	10	3	5208000	0	具有毁灭力量的盾牌	31000	170	60000	0	0	4	118	118	0	0	28	39	39	2	10	0	0	0	0	0	0	895	330
1140031109	完美毁灭之盾·游侠+9	120	5	10	3	5208000	0	具有毁灭力量的盾牌	33000	270	60000	0	0	4	123	123	0	0	28	41	41	2	10	0	0	0	0	0	0	900	330
1140031110	完美毁灭之盾·游侠+10	120	6	10	3	5208000	0	具有毁灭力量的盾牌	0	370	60000	0	0	4	128	128	0	0	28	42	42	2	10	0	0	0	0	0	0	905	330
1140041100	神品毁灭之盾·游侠	120	0	10	4	8680000	0	具有毁灭力量的盾牌	15000	0	0	0	0	4	78	78	0	0	28	26	26	2	10	10	10	0	0	0	0	855	330
1140041101	神品毁灭之盾·游侠+1	120	0	10	4	8680000	0	具有毁灭力量的盾牌	17000	0	0	0	0	4	83	83	0	0	28	27	27	2	10	10	10	0	0	0	0	860	330
1140041102	神品毁灭之盾·游侠+2	120	0	10	4	8680000	0	具有毁灭力量的盾牌	19000	0	0	0	0	4	88	88	0	0	28	29	29	2	10	10	10	0	0	0	0	865	330
1140041103	神品毁灭之盾·游侠+3	120	4	10	4	8680000	0	具有毁灭力量的盾牌	21000	0	0	0	0	4	93	93	0	0	28	31	31	2	10	10	10	0	0	0	0	870	330
1140041104	神品毁灭之盾·游侠+4	120	4	10	4	8680000	0	具有毁灭力量的盾牌	23000	0	0	0	0	4	98	98	0	0	28	32	32	2	10	10	10	0	0	0	0	875	330
1140041105	神品毁灭之盾·游侠+5	120	5	10	4	8680000	0	具有毁灭力量的盾牌	25000	0	0	0	0	4	103	103	0	0	28	34	34	2	10	10	10	0	0	0	0	880	330
1140041106	神品毁灭之盾·游侠+6	120	5	10	4	8680000	0	具有毁灭力量的盾牌	27000	0	0	0	0	4	108	108	0	0	28	36	36	2	10	10	10	0	0	0	0	885	330
1140041107	神品毁灭之盾·游侠+7	120	5	10	4	8680000	0	具有毁灭力量的盾牌	29000	0	0	0	0	4	113	113	0	0	28	37	37	2	10	10	10	0	0	0	0	890	330
1140041108	神品毁灭之盾·游侠+8	120	6	10	4	8680000	0	具有毁灭力量的盾牌	31000	0	0	0	0	4	118	118	0	0	28	39	39	2	10	10	10	0	0	0	0	895	330
1140041109	神品毁灭之盾·游侠+9	120	6	10	4	8680000	0	具有毁灭力量的盾牌	33000	0	0	0	0	4	123	123	0	0	28	41	41	2	10	10	10	0	0	0	0	900	330
1140041110	神品毁灭之盾·游侠+10	120	7	10	4	8680000	0	具有毁灭力量的盾牌	0	0	0	0	0	4	128	128	0	0	28	42	42	2	10	10	10	0	0	0	0	905	330
1140031200	超级新手盾·游侠	0	0	3	3	770000	58	为新手准备的超级装备	1200	0	0	0	0	4	16	16	0	0	7	5	5	2	10	0	0	0	0	0	0	315	120
1140031201	超级新手盾·游侠+1	0	0	3	3	770000	58	为新手准备的超级装备	1300	0	0	0	0	4	19	19	0	0	7	6	6	2	10	0	0	0	0	0	0	320	120
1140031202	超级新手盾·游侠+2	0	0	3	3	770000	58	为新手准备的超级装备	1400	0	0	0	0	4	22	22	0	0	7	7	7	2	10	0	0	0	0	0	0	325	120
1140031203	超级新手盾·游侠+3	0	5	3	3	770000	58	为新手准备的超级装备	1500	0	0	0	0	4	25	25	0	0	7	8	8	2	10	0	0	0	0	0	0	330	120
1140031204	超级新手盾·游侠+4	0	5	3	3	770000	58	为新手准备的超级装备	1600	0	0	0	0	4	28	28	0	0	7	9	9	2	10	0	0	0	0	0	0	335	120
1140031205	超级新手盾·游侠+5	0	6	3	3	770000	58	为新手准备的超级装备	1700	0	0	0	0	4	31	31	0	0	7	10	10	2	10	0	0	0	0	0	0	340	120
1140031206	超级新手盾·游侠+6	0	6	3	3	770000	58	为新手准备的超级装备	1800	0	0	0	0	4	34	34	0	0	7	11	11	2	10	0	0	0	0	0	0	345	120
1140031207	超级新手盾·游侠+7	0	6	3	3	770000	58	为新手准备的超级装备	1900	0	0	0	0	4	37	37	0	0	7	12	12	2	10	0	0	0	0	0	0	350	120
1140031208	超级新手盾·游侠+8	0	7	3	3	770000	58	为新手准备的超级装备	2000	0	0	0	0	4	40	40	0	0	7	13	13	2	10	0	0	0	0	0	0	355	120
1140031209	超级新手盾·游侠+9	0	7	3	3	770000	58	为新手准备的超级装备	2100	0	0	0	0	4	43	43	0	0	7	14	14	2	10	0	0	0	0	0	0	360	120
1140031210	超级新手盾·游侠+10	0	8	3	3	770000	58	为新手准备的超级装备	0	0	0	0	0	4	46	46	0	0	7	15	15	2	10	0	0	0	0	0	0	365	120
1140031300	超级小强之盾·游侠	36	0	6	3	6160000	462	为小强准备的超级装备	3000	0	0	0	0	4	37	37	0	0	13	12	12	2	10	0	0	0	0	0	0	550	210
1140031301	超级小强之盾·游侠+1	36	0	6	3	6160000	462	为小强准备的超级装备	3500	0	0	0	0	4	41	41	0	0	13	13	13	2	10	0	0	0	0	0	0	555	210
1140031302	超级小强之盾·游侠+2	36	0	6	3	6160000	462	为小强准备的超级装备	4000	0	0	0	0	4	45	45	0	0	13	15	15	2	10	0	0	0	0	0	0	560	210
1140031303	超级小强之盾·游侠+3	36	5	6	3	6160000	462	为小强准备的超级装备	4500	0	0	0	0	4	49	49	0	0	13	16	16	2	10	0	0	0	0	0	0	565	210
1140031304	超级小强之盾·游侠+4	36	5	6	3	6160000	462	为小强准备的超级装备	5000	0	0	0	0	4	53	53	0	0	13	17	17	2	10	0	0	0	0	0	0	570	210
1140031305	超级小强之盾·游侠+5	36	6	6	3	6160000	462	为小强准备的超级装备	5500	0	0	0	0	4	57	57	0	0	13	19	19	2	10	0	0	0	0	0	0	575	210
1140031306	超级小强之盾·游侠+6	36	6	6	3	6160000	462	为小强准备的超级装备	6000	0	0	0	0	4	61	61	0	0	13	20	20	2	10	0	0	0	0	0	0	580	210
1140031307	超级小强之盾·游侠+7	36	6	6	3	6160000	462	为小强准备的超级装备	6500	0	0	0	0	4	65	65	0	0	13	21	21	2	10	0	0	0	0	0	0	585	210
1140031308	超级小强之盾·游侠+8	36	7	6	3	6160000	462	为小强准备的超级装备	7000	0	0	0	0	4	69	69	0	0	13	23	23	2	10	0	0	0	0	0	0	590	210
1140031309	超级小强之盾·游侠+9	36	7	6	3	6160000	462	为小强准备的超级装备	7500	0	0	0	0	4	73	73	0	0	13	24	24	2	10	0	0	0	0	0	0	595	210
1140031310	超级小强之盾·游侠+10	36	8	6	3	6160000	462	为小强准备的超级装备	0	0	0	0	0	4	77	77	0	0	13	25	25	2	10	0	0	0	0	0	0	600	210
1140031400	超级专业之盾·游侠	60	0	9	3	22000000	1650	为专业人士准备的超级装备	10000	0	0	0	0	4	66	66	0	0	24	22	22	2	10	0	0	0	0	0	0	780	300
1140031401	超级专业之盾·游侠+1	60	0	9	3	22000000	1650	为专业人士准备的超级装备	11000	0	0	0	0	4	70	70	0	0	24	23	23	2	10	0	0	0	0	0	0	785	300
1140031402	超级专业之盾·游侠+2	60	0	9	3	22000000	1650	为专业人士准备的超级装备	12000	0	0	0	0	4	74	74	0	0	24	24	24	2	10	0	0	0	0	0	0	790	300
1140031403	超级专业之盾·游侠+3	60	5	9	3	22000000	1650	为专业人士准备的超级装备	13000	0	0	0	0	4	78	78	0	0	24	26	26	2	10	0	0	0	0	0	0	795	300
1140031404	超级专业之盾·游侠+4	60	5	9	3	22000000	1650	为专业人士准备的超级装备	14000	0	0	0	0	4	82	82	0	0	24	27	27	2	10	0	0	0	0	0	0	800	300
1140031405	超级专业之盾·游侠+5	60	6	9	3	22000000	1650	为专业人士准备的超级装备	15000	0	0	0	0	4	86	86	0	0	24	28	28	2	10	0	0	0	0	0	0	805	300
1140031406	超级专业之盾·游侠+6	60	6	9	3	22000000	1650	为专业人士准备的超级装备	16000	0	0	0	0	4	90	90	0	0	24	30	30	2	10	0	0	0	0	0	0	810	300
1140031407	超级专业之盾·游侠+7	60	6	9	3	22000000	1650	为专业人士准备的超级装备	17000	0	0	0	0	4	94	94	0	0	24	31	31	2	10	0	0	0	0	0	0	815	300
1140031408	超级专业之盾·游侠+8	60	7	9	3	22000000	1650	为专业人士准备的超级装备	18000	0	0	0	0	4	98	98	0	0	24	32	32	2	10	0	0	0	0	0	0	820	300
1140031409	超级专业之盾·游侠+9	60	7	9	3	22000000	1650	为专业人士准备的超级装备	19000	0	0	0	0	4	102	102	0	0	24	34	34	2	10	0	0	0	0	0	0	825	300
1140031410	超级专业之盾·游侠+10	60	8	9	3	22000000	1650	为专业人士准备的超级装备	0	0	0	0	0	4	106	106	0	0	24	35	35	2	10	0	0	0	0	0	0	830	300
1140031500	超级噬魂之盾·游侠	96	0	10	3	42000000	3150	恶魔的贡品	20000	0	0	0	0	4	94	94	0	0	24	31	31	2	10	0	0	0	0	0	0	1010	390
1140031501	超级噬魂之盾·游侠+1	96	0	10	3	42000000	3150	恶魔的贡品	21000	0	0	0	0	4	98	98	0	0	24	33	33	2	10	0	0	0	0	0	0	1015	390
1140031502	超级噬魂之盾·游侠+2	96	0	10	3	42000000	3150	恶魔的贡品	22000	0	0	0	0	4	102	102	0	0	24	35	35	2	10	0	0	0	0	0	0	1020	390
1140031503	超级噬魂之盾·游侠+3	96	5	10	3	42000000	3150	恶魔的贡品	23000	0	0	0	0	4	106	106	0	0	24	37	37	2	10	0	0	0	0	0	0	1025	390
1140031504	超级噬魂之盾·游侠+4	96	5	10	3	42000000	3150	恶魔的贡品	24000	0	0	0	0	4	110	110	0	0	24	39	39	2	10	0	0	0	0	0	0	1030	390
1140031505	超级噬魂之盾·游侠+5	96	6	10	3	42000000	3150	恶魔的贡品	25000	0	0	0	0	4	114	114	0	0	24	41	41	2	10	0	0	0	0	0	0	1035	390
1140031506	超级噬魂之盾·游侠+6	96	6	10	3	42000000	3150	恶魔的贡品	26000	0	0	0	0	4	118	118	0	0	24	43	43	2	10	0	0	0	0	0	0	1040	390
1140031507	超级噬魂之盾·游侠+7	96	6	10	3	42000000	3150	恶魔的贡品	27000	0	0	0	0	4	122	122	0	0	24	45	45	2	10	0	0	0	0	0	0	1045	390
1140031508	超级噬魂之盾·游侠+8	96	7	10	3	42000000	3150	恶魔的贡品	28000	0	0	0	0	4	126	126	0	0	24	47	47	2	10	0	0	0	0	0	0	1050	390
1140031509	超级噬魂之盾·游侠+9	96	7	10	3	42000000	3150	恶魔的贡品	29000	0	0	0	0	4	130	130	0	0	24	49	49	2	10	0	0	0	0	0	0	1055	390
1140031510	超级噬魂之盾·游侠+10	96	8	10	3	42000000	3150	恶魔的贡品	0	0	0	0	0	4	134	134	0	0	24	51	51	2	10	0	0	0	0	0	0	1060	390
1140031512	超级化神之盾·游侠	120	0	11	3	60000000	4500	上帝的恩赐	30000	0	0	0	0	4	122	122	0	0	25	45	45	2	10	0	0	0	0	0	0	1240	480
1140031600	超级化神之盾·游侠+1	120	0	11	3	60000000	4500	上帝的恩赐	31000	0	0	0	0	4	124	124	0	0	25	47	47	2	10	0	0	0	0	0	0	1245	480
1140031601	超级化神之盾·游侠+2	120	0	11	3	60000000	4500	上帝的恩赐	32000	0	0	0	0	4	126	126	0	0	25	49	49	2	10	0	0	0	0	0	0	1250	480
1140031602	超级化神之盾·游侠+3	120	5	11	3	60000000	4500	上帝的恩赐	33000	0	0	0	0	4	128	128	0	0	25	51	51	2	10	0	0	0	0	0	0	1255	480
1140031603	超级化神之盾·游侠+4	120	5	11	3	60000000	4500	上帝的恩赐	34000	0	0	0	0	4	130	130	0	0	25	53	53	2	10	0	0	0	0	0	0	1260	480
1140031604	超级化神之盾·游侠+5	120	6	11	3	60000000	4500	上帝的恩赐	35000	0	0	0	0	4	132	132	0	0	25	55	55	2	10	0	0	0	0	0	0	1265	480
1140031605	超级化神之盾·游侠+6	120	6	11	3	60000000	4500	上帝的恩赐	36000	0	0	0	0	4	134	134	0	0	25	57	57	2	10	0	0	0	0	0	0	1270	480
1140031606	超级化神之盾·游侠+7	120	6	11	3	60000000	4500	上帝的恩赐	37000	0	0	0	0	4	136	136	0	0	25	59	59	2	10	0	0	0	0	0	0	1275	480
1140031607	超级化神之盾·游侠+8	120	7	11	3	60000000	4500	上帝的恩赐	38000	0	0	0	0	4	138	138	0	0	25	61	61	2	10	0	0	0	0	0	0	1280	480
1140031608	超级化神之盾·游侠+9	120	7	11	3	60000000	4500	上帝的恩赐	39000	0	0	0	0	4	140	140	0	0	25	63	63	2	10	0	0	0	0	0	0	1285	480
1140031609	超级化神之盾·游侠+10	120	8	11	3	60000000	4500	上帝的恩赐	0	0	0	0	0	4	142	142	0	0	25	65	65	2	10	0	0	0	0	0	0	1290	480
