编号	名字	等级需求	光影等级	图标	品质	金币	元宝	描述	升等费用	精炼几率	精炼费用	升级费用	种族要求	装备类型	物理防御	魔法防御	闪避	移动时间增加	格档	附加物理防御	附加魔法防御	物防加成（等级）	物防加成（强壮）	物防加成（敏捷）	物防加成（智慧）	魔防加成（等级）	魔防加成（强壮）	魔防加成（敏捷）	魔防加成（智慧）	附加生命上限	附加魔法上限
id	name	requiredLevel	haloIndex	icon	quality	moneyCost	treasureCost	description	increaseCost	refineRate	refineCost	upgradeCost	requiredRace	eType	physicalDefense	magicDefense	evadingAbility	stepTime	withstandingRate	extraPhysicalDefense	extraMagicDefense	pdLevelFactor	pdStrengthFactor	pdDexterityFactor	pdWisdomFactor	mdLevelFactor	mdStrengthFactor	mdDexterityFactor	mdWisdomFactor	lifeRaised	manaRaised
1131000100	粗布鞋	0	0	1	0	9	0	很普通的布制鞋子	0	0	0	0	1	3	1	1	2	-300	0	0	0	0	0	0	0	0	0	0	0	0	0
1131000101	粗布鞋+1	0	0	1	0	9	0	很普通的布制鞋子	0	0	0	0	1	3	3	3	3	-300	0	0	0	0	0	0	0	0	0	0	0	0	0
1131000102	粗布鞋+2	0	0	1	0	9	0	很普通的布制鞋子	0	0	0	0	1	3	5	5	4	-300	0	0	0	0	0	0	0	0	0	0	0	0	0
1131000103	粗布鞋+3	0	0	1	0	9	0	很普通的布制鞋子	0	0	0	0	1	3	7	7	5	-300	0	0	0	0	0	0	0	0	0	0	0	0	0
1131000104	粗布鞋+4	0	0	1	0	9	0	很普通的布制鞋子	0	0	0	0	1	3	9	9	6	-300	0	0	0	0	0	0	0	0	0	0	0	0	0
1131000105	粗布鞋+5	0	0	1	0	9	0	很普通的布制鞋子	0	0	0	0	1	3	11	11	7	-300	0	0	0	0	0	0	0	0	0	0	0	0	0
1131000106	粗布鞋+6	0	0	1	0	9	0	很普通的布制鞋子	0	0	0	0	1	3	13	13	8	-300	0	0	0	0	0	0	0	0	0	0	0	0	0
1131000107	粗布鞋+7	0	0	1	0	9	0	很普通的布制鞋子	0	0	0	0	1	3	15	15	9	-300	0	0	0	0	0	0	0	0	0	0	0	0	0
1131000108	粗布鞋+8	0	0	1	0	9	0	很普通的布制鞋子	0	0	0	0	1	3	17	17	10	-300	0	0	0	0	0	0	0	0	0	0	0	0	0
1131000109	粗布鞋+9	0	0	1	0	9	0	很普通的布制鞋子	0	0	0	0	1	3	19	19	11	-300	0	0	0	0	0	0	0	0	0	0	0	0	0
1131000110	粗布鞋+10	0	0	1	0	9	0	很普通的布制鞋子	0	0	0	0	1	3	21	21	12	-300	0	0	0	0	0	0	0	0	0	0	0	0	0
1131000200	兽皮鞋	12	0	2	0	500	0	动物皮所制成的鞋子	500	0	0	0	1	3	4	5	3	-300	0	0	0	0	0	0	0	0	0	0	0	0	0
1131000201	兽皮鞋+1	12	0	2	0	500	0	动物皮所制成的鞋子	600	0	0	0	1	3	6	7	4	-300	0	0	0	0	0	0	0	0	0	0	0	0	0
1131000202	兽皮鞋+2	12	0	2	0	500	0	动物皮所制成的鞋子	700	0	0	0	1	3	8	9	5	-300	0	0	0	0	0	0	0	0	0	0	0	0	0
1131000203	兽皮鞋+3	12	0	2	0	500	0	动物皮所制成的鞋子	800	10000	500	0	1	3	10	11	6	-300	0	0	0	0	0	0	0	0	0	0	0	0	0
1131000204	兽皮鞋+4	12	0	2	0	500	0	动物皮所制成的鞋子	900	10000	500	0	1	3	12	13	7	-300	0	0	0	0	0	0	0	0	0	0	0	0	0
1131000205	兽皮鞋+5	12	0	2	0	500	0	动物皮所制成的鞋子	1000	10000	500	0	1	3	14	15	8	-300	0	0	0	0	0	0	0	0	0	0	0	0	0
1131000206	兽皮鞋+6	12	0	2	0	500	0	动物皮所制成的鞋子	1100	10000	500	0	1	3	16	17	9	-300	0	0	0	0	0	0	0	0	0	0	0	0	0
1131000207	兽皮鞋+7	12	0	2	0	500	0	动物皮所制成的鞋子	1200	10000	500	0	1	3	18	19	10	-300	0	0	0	0	0	0	0	0	0	0	0	0	0
1131000208	兽皮鞋+8	12	0	2	0	500	0	动物皮所制成的鞋子	1300	10000	500	0	1	3	20	21	11	-300	0	0	0	0	0	0	0	0	0	0	0	0	0
1131000209	兽皮鞋+9	12	0	2	0	500	0	动物皮所制成的鞋子	1400	10000	500	0	1	3	22	23	12	-300	0	0	0	0	0	0	0	0	0	0	0	0	0
1131000210	兽皮鞋+10	12	0	2	0	500	0	动物皮所制成的鞋子	0	10000	500	0	1	3	24	25	13	-300	0	0	0	0	0	0	0	0	0	0	0	0	0
1131010200	精品兽皮鞋	12	0	2	1	500	0	动物皮所制成的鞋子	500	0	0	0	1	3	4	5	3	-300	0	1	1	0	0	0	0	0	0	0	0	0	0
1131010201	精品兽皮鞋+1	12	0	2	1	500	0	动物皮所制成的鞋子	600	0	0	0	1	3	6	7	4	-300	0	2	2	0	0	0	0	0	0	0	0	0	0
1131010202	精品兽皮鞋+2	12	0	2	1	500	0	动物皮所制成的鞋子	700	0	0	0	1	3	8	9	5	-300	0	2	3	0	0	0	0	0	0	0	0	0	0
1131010203	精品兽皮鞋+3	12	1	2	1	500	0	动物皮所制成的鞋子	800	0	0	0	1	3	10	11	6	-300	0	3	3	0	0	0	0	0	0	0	0	0	0
1131010204	精品兽皮鞋+4	12	1	2	1	500	0	动物皮所制成的鞋子	900	5000	1000	0	1	3	12	13	7	-300	0	4	4	0	0	0	0	0	0	0	0	0	0
1131010205	精品兽皮鞋+5	12	2	2	1	500	0	动物皮所制成的鞋子	1000	6000	1000	0	1	3	14	15	8	-300	0	4	5	0	0	0	0	0	0	0	0	0	0
1131010206	精品兽皮鞋+6	12	2	2	1	500	0	动物皮所制成的鞋子	1100	7000	1000	0	1	3	16	17	9	-300	0	5	5	0	0	0	0	0	0	0	0	0	0
1131010207	精品兽皮鞋+7	12	2	2	1	500	0	动物皮所制成的鞋子	1200	8000	1000	0	1	3	18	19	10	-300	0	6	6	0	0	0	0	0	0	0	0	0	0
1131010208	精品兽皮鞋+8	12	3	2	1	500	0	动物皮所制成的鞋子	1300	9000	1000	0	1	3	20	21	11	-300	0	6	7	0	0	0	0	0	0	0	0	0	0
1131010209	精品兽皮鞋+9	12	3	2	1	500	0	动物皮所制成的鞋子	1400	10000	1000	0	1	3	22	23	12	-300	0	7	7	0	0	0	0	0	0	0	0	0	0
1131010210	精品兽皮鞋+10	12	4	2	1	500	0	动物皮所制成的鞋子	0	10000	1000	0	1	3	24	25	13	-300	0	8	8	0	0	0	0	0	0	0	0	0	0
1131020200	极品兽皮鞋	12	0	2	2	500	0	动物皮所制成的鞋子	500	0	0	0	1	3	4	5	3	-300	0	1	1	2	0	0	0	2	0	0	0	0	0
1131020201	极品兽皮鞋+1	12	0	2	2	500	0	动物皮所制成的鞋子	600	0	0	0	1	3	6	7	4	-300	0	2	2	2	0	0	0	2	0	0	0	0	0
1131020202	极品兽皮鞋+2	12	0	2	2	500	0	动物皮所制成的鞋子	700	0	0	0	1	3	8	9	5	-300	0	2	3	2	0	0	0	2	0	0	0	0	0
1131020203	极品兽皮鞋+3	12	2	2	2	500	0	动物皮所制成的鞋子	800	0	0	0	1	3	10	11	6	-300	0	3	3	2	0	0	0	2	0	0	0	0	0
1131020204	极品兽皮鞋+4	12	2	2	2	500	0	动物皮所制成的鞋子	900	0	0	0	1	3	12	13	7	-300	0	4	4	2	0	0	0	2	0	0	0	0	0
1131020205	极品兽皮鞋+5	12	3	2	2	500	0	动物皮所制成的鞋子	1000	2500	1500	0	1	3	14	15	8	-300	0	4	5	2	0	0	0	2	0	0	0	0	0
1131020206	极品兽皮鞋+6	12	3	2	2	500	0	动物皮所制成的鞋子	1100	3500	1500	0	1	3	16	17	9	-300	0	5	5	2	0	0	0	2	0	0	0	0	0
1131020207	极品兽皮鞋+7	12	3	2	2	500	0	动物皮所制成的鞋子	1200	4500	1500	0	1	3	18	19	10	-300	0	6	6	2	0	0	0	2	0	0	0	0	0
1131020208	极品兽皮鞋+8	12	4	2	2	500	0	动物皮所制成的鞋子	1300	5500	1500	0	1	3	20	21	11	-300	0	6	7	2	0	0	0	2	0	0	0	0	0
1131020209	极品兽皮鞋+9	12	4	2	2	500	0	动物皮所制成的鞋子	1400	7000	1500	0	1	3	22	23	12	-300	0	7	7	2	0	0	0	2	0	0	0	0	0
1131020210	极品兽皮鞋+10	12	5	2	2	500	0	动物皮所制成的鞋子	0	10000	1500	0	1	3	24	25	13	-300	0	8	8	2	0	0	0	2	0	0	0	0	0
1131030200	完美兽皮鞋	12	0	2	3	84000	17	动物皮所制成的鞋子	500	0	0	33	1	3	4	5	3	-300	0	1	1	2	0	0	10	2	0	0	10	30	50
1131030201	完美兽皮鞋+1	12	0	2	3	84000	17	动物皮所制成的鞋子	600	0	0	33	1	3	6	7	4	-300	0	2	2	2	0	0	10	2	0	0	10	35	50
1131030202	完美兽皮鞋+2	12	0	2	3	84000	17	动物皮所制成的鞋子	700	0	0	33	1	3	8	9	5	-300	0	2	3	2	0	0	10	2	0	0	10	40	50
1131030203	完美兽皮鞋+3	12	3	2	3	84000	17	动物皮所制成的鞋子	800	0	0	33	1	3	10	11	6	-300	0	3	3	2	0	0	10	2	0	0	10	45	50
1131030204	完美兽皮鞋+4	12	3	2	3	84000	17	动物皮所制成的鞋子	900	0	0	33	1	3	12	13	7	-300	0	4	4	2	0	0	10	2	0	0	10	50	50
1131030205	完美兽皮鞋+5	12	4	2	3	84000	17	动物皮所制成的鞋子	1000	0	0	33	1	3	14	15	8	-300	0	4	5	2	0	0	10	2	0	0	10	55	50
1131030206	完美兽皮鞋+6	12	4	2	3	84000	17	动物皮所制成的鞋子	1100	0	0	33	1	3	16	17	9	-300	0	5	5	2	0	0	10	2	0	0	10	60	50
1131030207	完美兽皮鞋+7	12	4	2	3	84000	17	动物皮所制成的鞋子	1200	1000	2000	33	1	3	18	19	10	-300	0	6	6	2	0	0	10	2	0	0	10	65	50
1131030208	完美兽皮鞋+8	12	5	2	3	84000	17	动物皮所制成的鞋子	1300	1100	2000	33	1	3	20	21	11	-300	0	6	7	2	0	0	10	2	0	0	10	70	50
1131030209	完美兽皮鞋+9	12	5	2	3	84000	17	动物皮所制成的鞋子	1400	1200	2000	33	1	3	22	23	12	-300	0	7	7	2	0	0	10	2	0	0	10	75	50
1131030210	完美兽皮鞋+10	12	6	2	3	84000	17	动物皮所制成的鞋子	0	1300	2000	33	1	3	24	25	13	-300	0	8	8	2	0	0	10	2	0	0	10	80	50
1131040200	神品兽皮鞋	12	0	2	4	140000	28	动物皮所制成的鞋子	500	0	0	56	1	3	4	5	3	-300	0	1	1	2	10	10	10	2	10	10	10	30	50
1131040201	神品兽皮鞋+1	12	0	2	4	140000	28	动物皮所制成的鞋子	600	0	0	56	1	3	6	7	4	-300	0	2	2	2	10	10	10	2	10	10	10	35	50
1131040202	神品兽皮鞋+2	12	0	2	4	140000	28	动物皮所制成的鞋子	700	0	0	56	1	3	8	9	5	-300	0	2	3	2	10	10	10	2	10	10	10	40	50
1131040203	神品兽皮鞋+3	12	4	2	4	140000	28	动物皮所制成的鞋子	800	0	0	56	1	3	10	11	6	-300	0	3	3	2	10	10	10	2	10	10	10	45	50
1131040204	神品兽皮鞋+4	12	4	2	4	140000	28	动物皮所制成的鞋子	900	0	0	56	1	3	12	13	7	-300	0	4	4	2	10	10	10	2	10	10	10	50	50
1131040205	神品兽皮鞋+5	12	5	2	4	140000	28	动物皮所制成的鞋子	1000	0	0	56	1	3	14	15	8	-300	0	4	5	2	10	10	10	2	10	10	10	55	50
1131040206	神品兽皮鞋+6	12	5	2	4	140000	28	动物皮所制成的鞋子	1100	0	0	56	1	3	16	17	9	-300	0	5	5	2	10	10	10	2	10	10	10	60	50
1131040207	神品兽皮鞋+7	12	5	2	4	140000	28	动物皮所制成的鞋子	1200	0	0	56	1	3	18	19	10	-300	0	6	6	2	10	10	10	2	10	10	10	65	50
1131040208	神品兽皮鞋+8	12	6	2	4	140000	28	动物皮所制成的鞋子	1300	0	0	56	1	3	20	21	11	-300	0	6	7	2	10	10	10	2	10	10	10	70	50
1131040209	神品兽皮鞋+9	12	6	2	4	140000	28	动物皮所制成的鞋子	1400	0	0	56	1	3	22	23	12	-300	0	7	7	2	10	10	10	2	10	10	10	75	50
1131040210	神品兽皮鞋+10	12	7	2	4	140000	28	动物皮所制成的鞋子	0	0	0	56	1	3	24	25	13	-300	0	8	8	2	10	10	10	2	10	10	10	80	50
1131000300	密法鞋	24	0	3	0	750	0	具有神秘特性的鞋子	800	0	0	0	1	3	7	10	5	-300	0	0	0	0	0	0	0	0	0	0	0	0	0
1131000301	密法鞋+1	24	0	3	0	750	0	具有神秘特性的鞋子	900	0	0	0	1	3	10	13	6	-300	0	0	0	0	0	0	0	0	0	0	0	0	0
1131000302	密法鞋+2	24	0	3	0	750	0	具有神秘特性的鞋子	1000	0	0	0	1	3	13	16	7	-300	0	0	0	0	0	0	0	0	0	0	0	0	0
1131000303	密法鞋+3	24	0	3	0	750	0	具有神秘特性的鞋子	1100	10000	1500	0	1	3	16	19	8	-300	0	0	0	0	0	0	0	0	0	0	0	0	0
1131000304	密法鞋+4	24	0	3	0	750	0	具有神秘特性的鞋子	1200	10000	1500	0	1	3	19	22	9	-300	0	0	0	0	0	0	0	0	0	0	0	0	0
1131000305	密法鞋+5	24	0	3	0	750	0	具有神秘特性的鞋子	1300	10000	1500	0	1	3	22	25	10	-300	0	0	0	0	0	0	0	0	0	0	0	0	0
1131000306	密法鞋+6	24	0	3	0	750	0	具有神秘特性的鞋子	1400	10000	1500	0	1	3	25	28	11	-300	0	0	0	0	0	0	0	0	0	0	0	0	0
1131000307	密法鞋+7	24	0	3	0	750	0	具有神秘特性的鞋子	1500	10000	1500	0	1	3	28	31	12	-300	0	0	0	0	0	0	0	0	0	0	0	0	0
1131000308	密法鞋+8	24	0	3	0	750	0	具有神秘特性的鞋子	1600	10000	1500	0	1	3	31	34	13	-300	0	0	0	0	0	0	0	0	0	0	0	0	0
1131000309	密法鞋+9	24	0	3	0	750	0	具有神秘特性的鞋子	1700	10000	1500	0	1	3	34	37	14	-300	0	0	0	0	0	0	0	0	0	0	0	0	0
1131000310	密法鞋+10	24	0	3	0	750	0	具有神秘特性的鞋子	0	10000	1500	0	1	3	37	40	15	-300	0	0	0	0	0	0	0	0	0	0	0	0	0
1131010300	精品密法鞋	24	0	3	1	750	0	具有神秘特性的鞋子	800	0	0	0	1	3	7	10	5	-300	0	2	3	0	0	0	0	0	0	0	0	0	0
1131010301	精品密法鞋+1	24	0	3	1	750	0	具有神秘特性的鞋子	900	0	0	0	1	3	10	13	6	-300	0	3	4	0	0	0	0	0	0	0	0	0	0
1131010302	精品密法鞋+2	24	0	3	1	750	0	具有神秘特性的鞋子	1000	0	0	0	1	3	13	16	7	-300	0	4	5	0	0	0	0	0	0	0	0	0	0
1131010303	精品密法鞋+3	24	1	3	1	750	0	具有神秘特性的鞋子	1100	0	0	0	1	3	16	19	8	-300	0	5	6	0	0	0	0	0	0	0	0	0	0
1131010304	精品密法鞋+4	24	1	3	1	750	0	具有神秘特性的鞋子	1200	5000	2000	0	1	3	19	22	9	-300	0	6	7	0	0	0	0	0	0	0	0	0	0
1131010305	精品密法鞋+5	24	2	3	1	750	0	具有神秘特性的鞋子	1300	6000	2000	0	1	3	22	25	10	-300	0	7	8	0	0	0	0	0	0	0	0	0	0
1131010306	精品密法鞋+6	24	2	3	1	750	0	具有神秘特性的鞋子	1400	7000	2000	0	1	3	25	28	11	-300	0	8	9	0	0	0	0	0	0	0	0	0	0
1131010307	精品密法鞋+7	24	2	3	1	750	0	具有神秘特性的鞋子	1500	8000	2000	0	1	3	28	31	12	-300	0	9	10	0	0	0	0	0	0	0	0	0	0
1131010308	精品密法鞋+8	24	3	3	1	750	0	具有神秘特性的鞋子	1600	9000	2000	0	1	3	31	34	13	-300	0	10	11	0	0	0	0	0	0	0	0	0	0
1131010309	精品密法鞋+9	24	3	3	1	750	0	具有神秘特性的鞋子	1700	10000	2000	0	1	3	34	37	14	-300	0	11	12	0	0	0	0	0	0	0	0	0	0
1131010310	精品密法鞋+10	24	4	3	1	750	0	具有神秘特性的鞋子	0	10000	2000	0	1	3	37	40	15	-300	0	12	13	0	0	0	0	0	0	0	0	0	0
1131020300	极品密法鞋	24	0	3	2	750	0	具有神秘特性的鞋子	800	0	0	0	1	3	7	10	5	-300	0	2	3	2	0	0	0	2	0	0	0	0	0
1131020301	极品密法鞋+1	24	0	3	2	750	0	具有神秘特性的鞋子	900	0	0	0	1	3	10	13	6	-300	0	3	4	2	0	0	0	2	0	0	0	0	0
1131020302	极品密法鞋+2	24	0	3	2	750	0	具有神秘特性的鞋子	1000	0	0	0	1	3	13	16	7	-300	0	4	5	2	0	0	0	2	0	0	0	0	0
1131020303	极品密法鞋+3	24	2	3	2	750	0	具有神秘特性的鞋子	1100	0	0	0	1	3	16	19	8	-300	0	5	6	2	0	0	0	2	0	0	0	0	0
1131020304	极品密法鞋+4	24	2	3	2	750	0	具有神秘特性的鞋子	1200	0	0	0	1	3	19	22	9	-300	0	6	7	2	0	0	0	2	0	0	0	0	0
1131020305	极品密法鞋+5	24	3	3	2	750	0	具有神秘特性的鞋子	1300	2500	2500	0	1	3	22	25	10	-300	0	7	8	2	0	0	0	2	0	0	0	0	0
1131020306	极品密法鞋+6	24	3	3	2	750	0	具有神秘特性的鞋子	1400	3500	2500	0	1	3	25	28	11	-300	0	8	9	2	0	0	0	2	0	0	0	0	0
1131020307	极品密法鞋+7	24	3	3	2	750	0	具有神秘特性的鞋子	1500	4500	2500	0	1	3	28	31	12	-300	0	9	10	2	0	0	0	2	0	0	0	0	0
1131020308	极品密法鞋+8	24	4	3	2	750	0	具有神秘特性的鞋子	1600	5500	2500	0	1	3	31	34	13	-300	0	10	11	2	0	0	0	2	0	0	0	0	0
1131020309	极品密法鞋+9	24	4	3	2	750	0	具有神秘特性的鞋子	1700	7000	2500	0	1	3	34	37	14	-300	0	11	12	2	0	0	0	2	0	0	0	0	0
1131020310	极品密法鞋+10	24	5	3	2	750	0	具有神秘特性的鞋子	0	10000	2500	0	1	3	37	40	15	-300	0	12	13	2	0	0	0	2	0	0	0	0	0
1131030300	完美密法鞋	24	0	3	3	168000	25	具有神秘特性的鞋子	800	0	0	100	1	3	7	10	5	-300	0	2	3	2	0	0	10	2	0	0	10	60	100
1131030301	完美密法鞋+1	24	0	3	3	168000	25	具有神秘特性的鞋子	900	0	0	100	1	3	10	13	6	-300	0	3	4	2	0	0	10	2	0	0	10	65	100
1131030302	完美密法鞋+2	24	0	3	3	168000	25	具有神秘特性的鞋子	1000	0	0	100	1	3	13	16	7	-300	0	4	5	2	0	0	10	2	0	0	10	70	100
1131030303	完美密法鞋+3	24	3	3	3	168000	25	具有神秘特性的鞋子	1100	0	0	100	1	3	16	19	8	-300	0	5	6	2	0	0	10	2	0	0	10	75	100
1131030304	完美密法鞋+4	24	3	3	3	168000	25	具有神秘特性的鞋子	1200	0	0	100	1	3	19	22	9	-300	0	6	7	2	0	0	10	2	0	0	10	80	100
1131030305	完美密法鞋+5	24	4	3	3	168000	25	具有神秘特性的鞋子	1300	0	0	100	1	3	22	25	10	-300	0	7	8	2	0	0	10	2	0	0	10	85	100
1131030306	完美密法鞋+6	24	4	3	3	168000	25	具有神秘特性的鞋子	1400	0	0	100	1	3	25	28	11	-300	0	8	9	2	0	0	10	2	0	0	10	90	100
1131030307	完美密法鞋+7	24	4	3	3	168000	25	具有神秘特性的鞋子	1500	1000	3000	100	1	3	28	31	12	-300	0	9	10	2	0	0	10	2	0	0	10	95	100
1131030308	完美密法鞋+8	24	5	3	3	168000	25	具有神秘特性的鞋子	1600	2000	3000	100	1	3	31	34	13	-300	0	10	11	2	0	0	10	2	0	0	10	100	100
1131030309	完美密法鞋+9	24	5	3	3	168000	25	具有神秘特性的鞋子	1700	3000	3000	100	1	3	34	37	14	-300	0	11	12	2	0	0	10	2	0	0	10	105	100
1131030310	完美密法鞋+10	24	6	3	3	168000	25	具有神秘特性的鞋子	0	4000	3000	100	1	3	37	40	15	-300	0	12	13	2	0	0	10	2	0	0	10	110	100
1131040300	神品密法鞋	24	0	3	4	280000	42	具有神秘特性的鞋子	800	0	0	168	1	3	7	10	5	-300	0	2	3	2	10	10	10	2	10	10	10	60	100
1131040301	神品密法鞋+1	24	0	3	4	280000	42	具有神秘特性的鞋子	900	0	0	168	1	3	10	13	6	-300	0	3	4	2	10	10	10	2	10	10	10	65	100
1131040302	神品密法鞋+2	24	0	3	4	280000	42	具有神秘特性的鞋子	1000	0	0	168	1	3	13	16	7	-300	0	4	5	2	10	10	10	2	10	10	10	70	100
1131040303	神品密法鞋+3	24	4	3	4	280000	42	具有神秘特性的鞋子	1100	0	0	168	1	3	16	19	8	-300	0	5	6	2	10	10	10	2	10	10	10	75	100
1131040304	神品密法鞋+4	24	4	3	4	280000	42	具有神秘特性的鞋子	1200	0	0	168	1	3	19	22	9	-300	0	6	7	2	10	10	10	2	10	10	10	80	100
1131040305	神品密法鞋+5	24	5	3	4	280000	42	具有神秘特性的鞋子	1300	0	0	168	1	3	22	25	10	-300	0	7	8	2	10	10	10	2	10	10	10	85	100
1131040306	神品密法鞋+6	24	5	3	4	280000	42	具有神秘特性的鞋子	1400	0	0	168	1	3	25	28	11	-300	0	8	9	2	10	10	10	2	10	10	10	90	100
1131040307	神品密法鞋+7	24	5	3	4	280000	42	具有神秘特性的鞋子	1500	0	0	168	1	3	28	31	12	-300	0	9	10	2	10	10	10	2	10	10	10	95	100
1131040308	神品密法鞋+8	24	6	3	4	280000	42	具有神秘特性的鞋子	1600	0	0	168	1	3	31	34	13	-300	0	10	11	2	10	10	10	2	10	10	10	100	100
1131040309	神品密法鞋+9	24	6	3	4	280000	42	具有神秘特性的鞋子	1700	0	0	168	1	3	34	37	14	-300	0	11	12	2	10	10	10	2	10	10	10	105	100
1131040310	神品密法鞋+10	24	7	3	4	280000	42	具有神秘特性的鞋子	0	0	0	168	1	3	37	40	15	-300	0	12	13	2	10	10	10	2	10	10	10	110	100
1131000400	繁星鞋	36	0	4	0	1125	0	镶嵌着颗颗宝石的鞋子	1200	0	0	0	1	3	11	17	6	-300	0	0	0	0	0	0	0	0	0	0	0	0	0
1131000401	繁星鞋+1	36	0	4	0	1125	0	镶嵌着颗颗宝石的鞋子	1300	0	0	0	1	3	14	20	7	-300	0	0	0	0	0	0	0	0	0	0	0	0	0
1131000402	繁星鞋+2	36	0	4	0	1125	0	镶嵌着颗颗宝石的鞋子	1400	0	3000	0	1	3	17	23	8	-300	0	0	0	0	0	0	0	0	0	0	0	0	0
1131000403	繁星鞋+3	36	0	4	0	1125	0	镶嵌着颗颗宝石的鞋子	1500	10000	3000	0	1	3	20	26	9	-300	0	0	0	0	0	0	0	0	0	0	0	0	0
1131000404	繁星鞋+4	36	0	4	0	1125	0	镶嵌着颗颗宝石的鞋子	1600	10000	3000	0	1	3	23	29	10	-300	0	0	0	0	0	0	0	0	0	0	0	0	0
1131000405	繁星鞋+5	36	0	4	0	1125	0	镶嵌着颗颗宝石的鞋子	1700	10000	3000	0	1	3	26	32	11	-300	0	0	0	0	0	0	0	0	0	0	0	0	0
1131000406	繁星鞋+6	36	0	4	0	1125	0	镶嵌着颗颗宝石的鞋子	1800	10000	3000	0	1	3	29	35	12	-300	0	0	0	0	0	0	0	0	0	0	0	0	0
1131000407	繁星鞋+7	36	0	4	0	1125	0	镶嵌着颗颗宝石的鞋子	1900	10000	3000	0	1	3	32	38	13	-300	0	0	0	0	0	0	0	0	0	0	0	0	0
1131000408	繁星鞋+8	36	0	4	0	1125	0	镶嵌着颗颗宝石的鞋子	2000	10000	3000	0	1	3	35	41	14	-300	0	0	0	0	0	0	0	0	0	0	0	0	0
1131000409	繁星鞋+9	36	0	4	0	1125	0	镶嵌着颗颗宝石的鞋子	2100	10000	3000	0	1	3	38	44	15	-300	0	0	0	0	0	0	0	0	0	0	0	0	0
1131000410	繁星鞋+10	36	0	4	0	1125	0	镶嵌着颗颗宝石的鞋子	0	10000	3000	0	1	3	41	47	16	-300	0	0	0	0	0	0	0	0	0	0	0	0	0
1131010400	精品繁星鞋	36	0	4	1	1125	0	镶嵌着颗颗宝石的鞋子	1200	0	0	0	1	3	11	17	6	-300	0	3	5	0	0	0	0	0	0	0	0	0	0
1131010401	精品繁星鞋+1	36	0	4	1	1125	0	镶嵌着颗颗宝石的鞋子	1300	0	0	0	1	3	14	20	7	-300	0	4	6	0	0	0	0	0	0	0	0	0	0
1131010402	精品繁星鞋+2	36	0	4	1	1125	0	镶嵌着颗颗宝石的鞋子	1400	0	0	0	1	3	17	23	8	-300	0	5	7	0	0	0	0	0	0	0	0	0	0
1131010403	精品繁星鞋+3	36	1	4	1	1125	0	镶嵌着颗颗宝石的鞋子	1500	0	0	0	1	3	20	26	9	-300	0	6	8	0	0	0	0	0	0	0	0	0	0
1131010404	精品繁星鞋+4	36	1	4	1	1125	0	镶嵌着颗颗宝石的鞋子	1600	5000	4000	0	1	3	23	29	10	-300	0	7	9	0	0	0	0	0	0	0	0	0	0
1131010405	精品繁星鞋+5	36	2	4	1	1125	0	镶嵌着颗颗宝石的鞋子	1700	6000	4000	0	1	3	26	32	11	-300	0	8	10	0	0	0	0	0	0	0	0	0	0
1131010406	精品繁星鞋+6	36	2	4	1	1125	0	镶嵌着颗颗宝石的鞋子	1800	7000	4000	0	1	3	29	35	12	-300	0	9	11	0	0	0	0	0	0	0	0	0	0
1131010407	精品繁星鞋+7	36	2	4	1	1125	0	镶嵌着颗颗宝石的鞋子	1900	8000	4000	0	1	3	32	38	13	-300	0	10	12	0	0	0	0	0	0	0	0	0	0
1131010408	精品繁星鞋+8	36	3	4	1	1125	0	镶嵌着颗颗宝石的鞋子	2000	9000	4000	0	1	3	35	41	14	-300	0	11	13	0	0	0	0	0	0	0	0	0	0
1131010409	精品繁星鞋+9	36	3	4	1	1125	0	镶嵌着颗颗宝石的鞋子	2100	10000	4000	0	1	3	38	44	15	-300	0	12	14	0	0	0	0	0	0	0	0	0	0
1131010410	精品繁星鞋+10	36	4	4	1	1125	0	镶嵌着颗颗宝石的鞋子	0	10000	4000	0	1	3	41	47	16	-300	0	13	15	0	0	0	0	0	0	0	0	0	0
1131020400	极品繁星鞋	36	0	4	2	1125	0	镶嵌着颗颗宝石的鞋子	1200	0	0	0	1	3	11	17	6	-300	0	3	5	2	0	0	0	2	0	0	0	0	0
1131020401	极品繁星鞋+1	36	0	4	2	1125	0	镶嵌着颗颗宝石的鞋子	1300	0	0	0	1	3	14	20	7	-300	0	4	6	2	0	0	0	2	0	0	0	0	0
1131020402	极品繁星鞋+2	36	0	4	2	1125	0	镶嵌着颗颗宝石的鞋子	1400	0	0	0	1	3	17	23	8	-300	0	5	7	2	0	0	0	2	0	0	0	0	0
1131020403	极品繁星鞋+3	36	2	4	2	1125	0	镶嵌着颗颗宝石的鞋子	1500	0	0	0	1	3	20	26	9	-300	0	6	8	2	0	0	0	2	0	0	0	0	0
1131020404	极品繁星鞋+4	36	2	4	2	1125	0	镶嵌着颗颗宝石的鞋子	1600	0	0	0	1	3	23	29	10	-300	0	7	9	2	0	0	0	2	0	0	0	0	0
1131020405	极品繁星鞋+5	36	3	4	2	1125	0	镶嵌着颗颗宝石的鞋子	1700	1000	5000	0	1	3	26	32	11	-300	0	8	10	2	0	0	0	2	0	0	0	0	0
1131020406	极品繁星鞋+6	36	3	4	2	1125	0	镶嵌着颗颗宝石的鞋子	1800	2000	5000	0	1	3	29	35	12	-300	0	9	11	2	0	0	0	2	0	0	0	0	0
1131020407	极品繁星鞋+7	36	3	4	2	1125	0	镶嵌着颗颗宝石的鞋子	1900	3500	5000	0	1	3	32	38	13	-300	0	10	12	2	0	0	0	2	0	0	0	0	0
1131020408	极品繁星鞋+8	36	4	4	2	1125	0	镶嵌着颗颗宝石的鞋子	2000	5000	5000	0	1	3	35	41	14	-300	0	11	13	2	0	0	0	2	0	0	0	0	0
1131020409	极品繁星鞋+9	36	4	4	2	1125	0	镶嵌着颗颗宝石的鞋子	2100	7000	5000	0	1	3	38	44	15	-300	0	12	14	2	0	0	0	2	0	0	0	0	0
1131020410	极品繁星鞋+10	36	5	4	2	1125	0	镶嵌着颗颗宝石的鞋子	0	10000	5000	0	1	3	41	47	16	-300	0	13	15	2	0	0	0	2	0	0	0	0	0
1131030400	完美繁星鞋	36	0	4	3	420000	32	镶嵌着颗颗宝石的鞋子	1200	0	0	100	1	3	11	17	6	-300	0	3	5	2	0	0	10	2	0	0	10	90	150
1131030401	完美繁星鞋+1	36	0	4	3	420000	32	镶嵌着颗颗宝石的鞋子	1300	0	0	100	1	3	14	20	7	-300	0	4	6	2	0	0	10	2	0	0	10	95	150
1131030402	完美繁星鞋+2	36	0	4	3	420000	32	镶嵌着颗颗宝石的鞋子	1400	0	0	100	1	3	17	23	8	-300	0	5	7	2	0	0	10	2	0	0	10	100	150
1131030403	完美繁星鞋+3	36	3	4	3	420000	32	镶嵌着颗颗宝石的鞋子	1500	0	0	100	1	3	20	26	9	-300	0	6	8	2	0	0	10	2	0	0	10	105	150
1131030404	完美繁星鞋+4	36	3	4	3	420000	32	镶嵌着颗颗宝石的鞋子	1600	0	0	100	1	3	23	29	10	-300	0	7	9	2	0	0	10	2	0	0	10	110	150
1131030405	完美繁星鞋+5	36	4	4	3	420000	32	镶嵌着颗颗宝石的鞋子	1700	0	0	100	1	3	26	32	11	-300	0	8	10	2	0	0	10	2	0	0	10	115	150
1131030406	完美繁星鞋+6	36	4	4	3	420000	32	镶嵌着颗颗宝石的鞋子	1800	0	0	100	1	3	29	35	12	-300	0	9	11	2	0	0	10	2	0	0	10	120	150
1131030407	完美繁星鞋+7	36	4	4	3	420000	32	镶嵌着颗颗宝石的鞋子	1900	1000	6000	100	1	3	32	38	13	-300	0	10	12	2	0	0	10	2	0	0	10	125	150
1131030408	完美繁星鞋+8	36	5	4	3	420000	32	镶嵌着颗颗宝石的鞋子	2000	2000	6000	100	1	3	35	41	14	-300	0	11	13	2	0	0	10	2	0	0	10	130	150
1131030409	完美繁星鞋+9	36	5	4	3	420000	32	镶嵌着颗颗宝石的鞋子	2100	3000	6000	100	1	3	38	44	15	-300	0	12	14	2	0	0	10	2	0	0	10	135	150
1131030410	完美繁星鞋+10	36	6	4	3	420000	32	镶嵌着颗颗宝石的鞋子	0	4000	6000	100	1	3	41	47	16	-300	0	13	15	2	0	0	10	2	0	0	10	140	150
1131040400	神品繁星鞋	36	0	4	4	700000	53	镶嵌着颗颗宝石的鞋子	1200	0	0	168	1	3	11	17	6	-300	0	3	5	2	10	10	10	2	10	10	10	90	150
1131040401	神品繁星鞋+1	36	0	4	4	700000	53	镶嵌着颗颗宝石的鞋子	1300	0	0	168	1	3	14	20	7	-300	0	4	6	2	10	10	10	2	10	10	10	95	150
1131040402	神品繁星鞋+2	36	0	4	4	700000	53	镶嵌着颗颗宝石的鞋子	1400	0	0	168	1	3	17	23	8	-300	0	5	7	2	10	10	10	2	10	10	10	100	150
1131040403	神品繁星鞋+3	36	4	4	4	700000	53	镶嵌着颗颗宝石的鞋子	1500	0	0	168	1	3	20	26	9	-300	0	6	8	2	10	10	10	2	10	10	10	105	150
1131040404	神品繁星鞋+4	36	4	4	4	700000	53	镶嵌着颗颗宝石的鞋子	1600	0	0	168	1	3	23	29	10	-300	0	7	9	2	10	10	10	2	10	10	10	110	150
1131040405	神品繁星鞋+5	36	5	4	4	700000	53	镶嵌着颗颗宝石的鞋子	1700	0	0	168	1	3	26	32	11	-300	0	8	10	2	10	10	10	2	10	10	10	115	150
1131040406	神品繁星鞋+6	36	5	4	4	700000	53	镶嵌着颗颗宝石的鞋子	1800	0	0	168	1	3	29	35	12	-300	0	9	11	2	10	10	10	2	10	10	10	120	150
1131040407	神品繁星鞋+7	36	5	4	4	700000	53	镶嵌着颗颗宝石的鞋子	1900	0	0	168	1	3	32	38	13	-300	0	10	12	2	10	10	10	2	10	10	10	125	150
1131040408	神品繁星鞋+8	36	6	4	4	700000	53	镶嵌着颗颗宝石的鞋子	2000	0	0	168	1	3	35	41	14	-300	0	11	13	2	10	10	10	2	10	10	10	130	150
1131040409	神品繁星鞋+9	36	6	4	4	700000	53	镶嵌着颗颗宝石的鞋子	2100	0	0	168	1	3	38	44	15	-300	0	12	14	2	10	10	10	2	10	10	10	135	150
1131040410	神品繁星鞋+10	36	7	4	4	700000	53	镶嵌着颗颗宝石的鞋子	0	0	0	168	1	3	41	47	16	-300	0	13	15	2	10	10	10	2	10	10	10	140	150
1131000500	暗晶鞋	48	0	5	0	1406	0	镶嵌着黑色水晶的鞋子	1600	0	0	0	1	3	15	24	10	-300	0	0	0	0	0	0	0	0	0	0	0	0	0
1131000501	暗晶鞋+1	48	0	5	0	1406	0	镶嵌着黑色水晶的鞋子	1800	0	0	0	1	3	18	27	11	-300	0	0	0	0	0	0	0	0	0	0	0	0	0
1131000502	暗晶鞋+2	48	0	5	0	1406	0	镶嵌着黑色水晶的鞋子	2000	0	0	0	1	3	21	30	12	-300	0	0	0	0	0	0	0	0	0	0	0	0	0
1131000503	暗晶鞋+3	48	0	5	0	1406	0	镶嵌着黑色水晶的鞋子	2200	9000	5000	0	1	3	24	33	13	-300	0	0	0	0	0	0	0	0	0	0	0	0	0
1131000504	暗晶鞋+4	48	0	5	0	1406	0	镶嵌着黑色水晶的鞋子	2400	10000	5000	0	1	3	27	36	14	-300	0	0	0	0	0	0	0	0	0	0	0	0	0
1131000505	暗晶鞋+5	48	0	5	0	1406	0	镶嵌着黑色水晶的鞋子	2600	10000	5000	0	1	3	30	39	15	-300	0	0	0	0	0	0	0	0	0	0	0	0	0
1131000506	暗晶鞋+6	48	0	5	0	1406	0	镶嵌着黑色水晶的鞋子	2800	10000	5000	0	1	3	33	42	16	-300	0	0	0	0	0	0	0	0	0	0	0	0	0
1131000507	暗晶鞋+7	48	0	5	0	1406	0	镶嵌着黑色水晶的鞋子	3000	10000	5000	0	1	3	36	45	17	-300	0	0	0	0	0	0	0	0	0	0	0	0	0
1131000508	暗晶鞋+8	48	0	5	0	1406	0	镶嵌着黑色水晶的鞋子	3200	10000	5000	0	1	3	39	48	18	-300	0	0	0	0	0	0	0	0	0	0	0	0	0
1131000509	暗晶鞋+9	48	0	5	0	1406	0	镶嵌着黑色水晶的鞋子	3400	10000	5000	0	1	3	42	51	19	-300	0	0	0	0	0	0	0	0	0	0	0	0	0
1131000510	暗晶鞋+10	48	0	5	0	1406	0	镶嵌着黑色水晶的鞋子	0	10000	5000	0	1	3	45	54	20	-300	0	0	0	0	0	0	0	0	0	0	0	0	0
1131010500	精品暗晶鞋	48	0	5	1	1406	0	镶嵌着黑色水晶的鞋子	1600	0	0	0	1	3	15	24	10	-300	0	5	8	0	0	0	0	0	0	0	0	0	0
1131010501	精品暗晶鞋+1	48	0	5	1	1406	0	镶嵌着黑色水晶的鞋子	1800	0	0	0	1	3	18	27	11	-300	0	6	9	0	0	0	0	0	0	0	0	0	0
1131010502	精品暗晶鞋+2	48	0	5	1	1406	0	镶嵌着黑色水晶的鞋子	2000	0	0	0	1	3	21	30	12	-300	0	7	10	0	0	0	0	0	0	0	0	0	0
1131010503	精品暗晶鞋+3	48	1	5	1	1406	0	镶嵌着黑色水晶的鞋子	2200	0	0	0	1	3	24	33	13	-300	0	8	11	0	0	0	0	0	0	0	0	0	0
1131010504	精品暗晶鞋+4	48	1	5	1	1406	0	镶嵌着黑色水晶的鞋子	2400	1000	6000	0	1	3	27	36	14	-300	0	9	12	0	0	0	0	0	0	0	0	0	0
1131010505	精品暗晶鞋+5	48	2	5	1	1406	0	镶嵌着黑色水晶的鞋子	2600	3000	6000	0	1	3	30	39	15	-300	0	10	13	0	0	0	0	0	0	0	0	0	0
1131010506	精品暗晶鞋+6	48	2	5	1	1406	0	镶嵌着黑色水晶的鞋子	2800	5000	6000	0	1	3	33	42	16	-300	0	11	14	0	0	0	0	0	0	0	0	0	0
1131010507	精品暗晶鞋+7	48	2	5	1	1406	0	镶嵌着黑色水晶的鞋子	3000	7000	6000	0	1	3	36	45	17	-300	0	12	15	0	0	0	0	0	0	0	0	0	0
1131010508	精品暗晶鞋+8	48	3	5	1	1406	0	镶嵌着黑色水晶的鞋子	3200	8000	6000	0	1	3	39	48	18	-300	0	13	16	0	0	0	0	0	0	0	0	0	0
1131010509	精品暗晶鞋+9	48	3	5	1	1406	0	镶嵌着黑色水晶的鞋子	3400	9000	6000	0	1	3	42	51	19	-300	0	14	17	0	0	0	0	0	0	0	0	0	0
1131010510	精品暗晶鞋+10	48	4	5	1	1406	0	镶嵌着黑色水晶的鞋子	0	10000	6000	0	1	3	45	54	20	-300	0	15	18	0	0	0	0	0	0	0	0	0	0
1131020500	极品暗晶鞋	48	0	5	2	1406	0	镶嵌着黑色水晶的鞋子	1600	0	0	0	1	3	15	24	10	-300	0	5	8	2	0	0	0	2	0	0	0	0	0
1131020501	极品暗晶鞋+1	48	0	5	2	1406	0	镶嵌着黑色水晶的鞋子	1800	0	0	0	1	3	18	27	11	-300	0	6	9	2	0	0	0	2	0	0	0	0	0
1131020502	极品暗晶鞋+2	48	0	5	2	1406	0	镶嵌着黑色水晶的鞋子	2000	0	0	0	1	3	21	30	12	-300	0	7	10	2	0	0	0	2	0	0	0	0	0
1131020503	极品暗晶鞋+3	48	2	5	2	1406	0	镶嵌着黑色水晶的鞋子	2200	0	0	0	1	3	24	33	13	-300	0	8	11	2	0	0	0	2	0	0	0	0	0
1131020504	极品暗晶鞋+4	48	2	5	2	1406	0	镶嵌着黑色水晶的鞋子	2400	0	0	0	1	3	27	36	14	-300	0	9	12	2	0	0	0	2	0	0	0	0	0
1131020505	极品暗晶鞋+5	48	3	5	2	1406	0	镶嵌着黑色水晶的鞋子	2600	1000	7000	0	1	3	30	39	15	-300	0	10	13	2	0	0	0	2	0	0	0	0	0
1131020506	极品暗晶鞋+6	48	3	5	2	1406	0	镶嵌着黑色水晶的鞋子	2800	2000	7000	0	1	3	33	42	16	-300	0	11	14	2	0	0	0	2	0	0	0	0	0
1131020507	极品暗晶鞋+7	48	3	5	2	1406	0	镶嵌着黑色水晶的鞋子	3000	3000	7000	0	1	3	36	45	17	-300	0	12	15	2	0	0	0	2	0	0	0	0	0
1131020508	极品暗晶鞋+8	48	4	5	2	1406	0	镶嵌着黑色水晶的鞋子	3200	4000	7000	0	1	3	39	48	18	-300	0	13	16	2	0	0	0	2	0	0	0	0	0
1131020509	极品暗晶鞋+9	48	4	5	2	1406	0	镶嵌着黑色水晶的鞋子	3400	5000	7000	0	1	3	42	51	19	-300	0	14	17	2	0	0	0	2	0	0	0	0	0
1131020510	极品暗晶鞋+10	48	5	5	2	1406	0	镶嵌着黑色水晶的鞋子	0	6000	7000	0	1	3	45	54	20	-300	0	15	18	2	0	0	0	2	0	0	0	0	0
1131030500	完美暗晶鞋	48	0	5	3	672000	37	镶嵌着黑色水晶的鞋子	1600	0	0	134	1	3	15	24	10	-300	0	5	8	2	0	0	10	2	0	0	10	120	200
1131030501	完美暗晶鞋+1	48	0	5	3	672000	37	镶嵌着黑色水晶的鞋子	1800	0	0	134	1	3	18	27	11	-300	0	6	9	2	0	0	10	2	0	0	10	125	200
1131030502	完美暗晶鞋+2	48	0	5	3	672000	37	镶嵌着黑色水晶的鞋子	2000	0	0	134	1	3	21	30	12	-300	0	7	10	2	0	0	10	2	0	0	10	130	200
1131030503	完美暗晶鞋+3	48	3	5	3	672000	37	镶嵌着黑色水晶的鞋子	2200	0	0	134	1	3	24	33	13	-300	0	8	11	2	0	0	10	2	0	0	10	135	200
1131030504	完美暗晶鞋+4	48	3	5	3	672000	37	镶嵌着黑色水晶的鞋子	2400	0	0	134	1	3	27	36	14	-300	0	9	12	2	0	0	10	2	0	0	10	140	200
1131030505	完美暗晶鞋+5	48	4	5	3	672000	37	镶嵌着黑色水晶的鞋子	2600	0	0	134	1	3	30	39	15	-300	0	10	13	2	0	0	10	2	0	0	10	145	200
1131030506	完美暗晶鞋+6	48	4	5	3	672000	37	镶嵌着黑色水晶的鞋子	2800	0	0	134	1	3	33	42	16	-300	0	11	14	2	0	0	10	2	0	0	10	150	200
1131030507	完美暗晶鞋+7	48	4	5	3	672000	37	镶嵌着黑色水晶的鞋子	3000	100	8000	134	1	3	36	45	17	-300	0	12	15	2	0	0	10	2	0	0	10	155	200
1131030508	完美暗晶鞋+8	48	5	5	3	672000	37	镶嵌着黑色水晶的鞋子	3200	600	8000	134	1	3	39	48	18	-300	0	13	16	2	0	0	10	2	0	0	10	160	200
1131030509	完美暗晶鞋+9	48	5	5	3	672000	37	镶嵌着黑色水晶的鞋子	3400	1100	8000	134	1	3	42	51	19	-300	0	14	17	2	0	0	10	2	0	0	10	165	200
1131030510	完美暗晶鞋+10	48	6	5	3	672000	37	镶嵌着黑色水晶的鞋子	0	1600	8000	134	1	3	45	54	20	-300	0	15	18	2	0	0	10	2	0	0	10	170	200
1131040500	神品暗晶鞋	48	0	5	4	1120000	62	镶嵌着黑色水晶的鞋子	1600	0	0	224	1	3	15	24	10	-300	0	5	8	2	10	10	10	2	10	10	10	120	200
1131040501	神品暗晶鞋+1	48	0	5	4	1120000	62	镶嵌着黑色水晶的鞋子	1800	0	0	224	1	3	18	27	11	-300	0	6	9	2	10	10	10	2	10	10	10	125	200
1131040502	神品暗晶鞋+2	48	0	5	4	1120000	62	镶嵌着黑色水晶的鞋子	2000	0	0	224	1	3	21	30	12	-300	0	7	10	2	10	10	10	2	10	10	10	130	200
1131040503	神品暗晶鞋+3	48	4	5	4	1120000	62	镶嵌着黑色水晶的鞋子	2200	0	0	224	1	3	24	33	13	-300	0	8	11	2	10	10	10	2	10	10	10	135	200
1131040504	神品暗晶鞋+4	48	4	5	4	1120000	62	镶嵌着黑色水晶的鞋子	2400	0	0	224	1	3	27	36	14	-300	0	9	12	2	10	10	10	2	10	10	10	140	200
1131040505	神品暗晶鞋+5	48	5	5	4	1120000	62	镶嵌着黑色水晶的鞋子	2600	0	0	224	1	3	30	39	15	-300	0	10	13	2	10	10	10	2	10	10	10	145	200
1131040506	神品暗晶鞋+6	48	5	5	4	1120000	62	镶嵌着黑色水晶的鞋子	2800	0	0	224	1	3	33	42	16	-300	0	11	14	2	10	10	10	2	10	10	10	150	200
1131040507	神品暗晶鞋+7	48	5	5	4	1120000	62	镶嵌着黑色水晶的鞋子	3000	0	0	224	1	3	36	45	17	-300	0	12	15	2	10	10	10	2	10	10	10	155	200
1131040508	神品暗晶鞋+8	48	6	5	4	1120000	62	镶嵌着黑色水晶的鞋子	3200	0	0	224	1	3	39	48	18	-300	0	13	16	2	10	10	10	2	10	10	10	160	200
1131040509	神品暗晶鞋+9	48	6	5	4	1120000	62	镶嵌着黑色水晶的鞋子	3400	0	0	224	1	3	42	51	19	-300	0	14	17	2	10	10	10	2	10	10	10	165	200
1131040510	神品暗晶鞋+10	48	7	5	4	1120000	62	镶嵌着黑色水晶的鞋子	0	0	0	224	1	3	45	54	20	-300	0	15	18	2	10	10	10	2	10	10	10	170	200
1131000600	信仰鞋	60	0	6	0	2109	0	具有信仰的神奇力量的鞋子	2200	0	0	0	1	3	19	31	11	-300	0	0	0	0	0	0	0	0	0	0	0	0	0
1131000601	信仰鞋+1	60	0	6	0	2109	0	具有信仰的神奇力量的鞋子	2400	0	0	0	1	3	23	35	12	-300	0	0	0	0	0	0	0	0	0	0	0	0	0
1131000602	信仰鞋+2	60	0	6	0	2109	0	具有信仰的神奇力量的鞋子	2600	0	0	0	1	3	27	39	13	-300	0	0	0	0	0	0	0	0	0	0	0	0	0
1131000603	信仰鞋+3	60	0	6	0	2109	0	具有信仰的神奇力量的鞋子	2800	9000	7000	0	1	3	31	43	14	-300	0	0	0	0	0	0	0	0	0	0	0	0	0
1131000604	信仰鞋+4	60	0	6	0	2109	0	具有信仰的神奇力量的鞋子	3000	10000	7000	0	1	3	35	47	15	-300	0	0	0	0	0	0	0	0	0	0	0	0	0
1131000605	信仰鞋+5	60	0	6	0	2109	0	具有信仰的神奇力量的鞋子	3200	10000	7000	0	1	3	39	51	16	-300	0	0	0	0	0	0	0	0	0	0	0	0	0
1131000606	信仰鞋+6	60	0	6	0	2109	0	具有信仰的神奇力量的鞋子	3400	10000	7000	0	1	3	43	55	17	-300	0	0	0	0	0	0	0	0	0	0	0	0	0
1131000607	信仰鞋+7	60	0	6	0	2109	0	具有信仰的神奇力量的鞋子	3600	10000	7000	0	1	3	47	59	18	-300	0	0	0	0	0	0	0	0	0	0	0	0	0
1131000608	信仰鞋+8	60	0	6	0	2109	0	具有信仰的神奇力量的鞋子	3800	10000	7000	0	1	3	51	63	19	-300	0	0	0	0	0	0	0	0	0	0	0	0	0
1131000609	信仰鞋+9	60	0	6	0	2109	0	具有信仰的神奇力量的鞋子	4000	10000	7000	0	1	3	55	67	20	-300	0	0	0	0	0	0	0	0	0	0	0	0	0
1131000610	信仰鞋+10	60	0	6	0	2109	0	具有信仰的神奇力量的鞋子	0	10000	7000	0	1	3	59	71	21	-300	0	0	0	0	0	0	0	0	0	0	0	0	0
1131010600	精品信仰鞋	60	0	6	1	2109	0	具有信仰的神奇力量的鞋子	2200	0	0	0	1	3	19	31	11	-300	0	6	10	0	0	0	0	0	0	0	0	0	0
1131010601	精品信仰鞋+1	60	0	6	1	2109	0	具有信仰的神奇力量的鞋子	2400	0	0	0	1	3	23	35	12	-300	0	7	11	0	0	0	0	0	0	0	0	0	0
1131010602	精品信仰鞋+2	60	0	6	1	2109	0	具有信仰的神奇力量的鞋子	2600	0	0	0	1	3	27	39	13	-300	0	9	13	0	0	0	0	0	0	0	0	0	0
1131010603	精品信仰鞋+3	60	1	6	1	2109	0	具有信仰的神奇力量的鞋子	2800	0	0	0	1	3	31	43	14	-300	0	10	14	0	0	0	0	0	0	0	0	0	0
1131010604	精品信仰鞋+4	60	1	6	1	2109	0	具有信仰的神奇力量的鞋子	3000	1000	9000	0	1	3	35	47	15	-300	0	11	15	0	0	0	0	0	0	0	0	0	0
1131010605	精品信仰鞋+5	60	2	6	1	2109	0	具有信仰的神奇力量的鞋子	3200	3000	9000	0	1	3	39	51	16	-300	0	13	17	0	0	0	0	0	0	0	0	0	0
1131010606	精品信仰鞋+6	60	2	6	1	2109	0	具有信仰的神奇力量的鞋子	3400	5000	9000	0	1	3	43	55	17	-300	0	14	18	0	0	0	0	0	0	0	0	0	0
1131010607	精品信仰鞋+7	60	2	6	1	2109	0	具有信仰的神奇力量的鞋子	3600	7000	9000	0	1	3	47	59	18	-300	0	15	19	0	0	0	0	0	0	0	0	0	0
1131010608	精品信仰鞋+8	60	3	6	1	2109	0	具有信仰的神奇力量的鞋子	3800	8000	9000	0	1	3	51	63	19	-300	0	17	21	0	0	0	0	0	0	0	0	0	0
1131010609	精品信仰鞋+9	60	3	6	1	2109	0	具有信仰的神奇力量的鞋子	4000	9000	9000	0	1	3	55	67	20	-300	0	18	22	0	0	0	0	0	0	0	0	0	0
1131010610	精品信仰鞋+10	60	4	6	1	2109	0	具有信仰的神奇力量的鞋子	0	10000	9000	0	1	3	59	71	21	-300	0	19	23	0	0	0	0	0	0	0	0	0	0
1131020600	极品信仰鞋	60	0	6	2	2109	0	具有信仰的神奇力量的鞋子	2200	0	0	0	1	3	19	31	11	-300	0	6	10	2	0	0	0	2	0	0	0	0	0
1131020601	极品信仰鞋+1	60	0	6	2	2109	0	具有信仰的神奇力量的鞋子	2400	0	0	0	1	3	23	35	12	-300	0	7	11	2	0	0	0	2	0	0	0	0	0
1131020602	极品信仰鞋+2	60	0	6	2	2109	0	具有信仰的神奇力量的鞋子	2600	0	0	0	1	3	27	39	13	-300	0	9	13	2	0	0	0	2	0	0	0	0	0
1131020603	极品信仰鞋+3	60	2	6	2	2109	0	具有信仰的神奇力量的鞋子	2800	0	0	0	1	3	31	43	14	-300	0	10	14	2	0	0	0	2	0	0	0	0	0
1131020604	极品信仰鞋+4	60	2	6	2	2109	0	具有信仰的神奇力量的鞋子	3000	0	0	0	1	3	35	47	15	-300	0	11	15	2	0	0	0	2	0	0	0	0	0
1131020605	极品信仰鞋+5	60	3	6	2	2109	0	具有信仰的神奇力量的鞋子	3200	1000	11000	0	1	3	39	51	16	-300	0	13	17	2	0	0	0	2	0	0	0	0	0
1131020606	极品信仰鞋+6	60	3	6	2	2109	0	具有信仰的神奇力量的鞋子	3400	2000	11000	0	1	3	43	55	17	-300	0	14	18	2	0	0	0	2	0	0	0	0	0
1131020607	极品信仰鞋+7	60	3	6	2	2109	0	具有信仰的神奇力量的鞋子	3600	3000	11000	0	1	3	47	59	18	-300	0	15	19	2	0	0	0	2	0	0	0	0	0
1131020608	极品信仰鞋+8	60	4	6	2	2109	0	具有信仰的神奇力量的鞋子	3800	4000	11000	0	1	3	51	63	19	-300	0	17	21	2	0	0	0	2	0	0	0	0	0
1131020609	极品信仰鞋+9	60	4	6	2	2109	0	具有信仰的神奇力量的鞋子	4000	5000	11000	0	1	3	55	67	20	-300	0	18	22	2	0	0	0	2	0	0	0	0	0
1131020610	极品信仰鞋+10	60	5	6	2	2109	0	具有信仰的神奇力量的鞋子	0	6000	11000	0	1	3	59	71	21	-300	0	19	23	2	0	0	0	2	0	0	0	0	0
1131030600	完美信仰鞋	60	0	6	3	1008000	45	具有信仰的神奇力量的鞋子	2200	0	0	201	1	3	19	31	11	-300	0	6	10	2	0	0	10	2	0	0	10	150	250
1131030601	完美信仰鞋+1	60	0	6	3	1008000	45	具有信仰的神奇力量的鞋子	2400	0	0	201	1	3	23	35	12	-300	0	7	11	2	0	0	10	2	0	0	10	155	250
1131030602	完美信仰鞋+2	60	0	6	3	1008000	45	具有信仰的神奇力量的鞋子	2600	0	0	201	1	3	27	39	13	-300	0	9	13	2	0	0	10	2	0	0	10	160	250
1131030603	完美信仰鞋+3	60	3	6	3	1008000	45	具有信仰的神奇力量的鞋子	2800	0	0	201	1	3	31	43	14	-300	0	10	14	2	0	0	10	2	0	0	10	165	250
1131030604	完美信仰鞋+4	60	3	6	3	1008000	45	具有信仰的神奇力量的鞋子	3000	0	0	201	1	3	35	47	15	-300	0	11	15	2	0	0	10	2	0	0	10	170	250
1131030605	完美信仰鞋+5	60	4	6	3	1008000	45	具有信仰的神奇力量的鞋子	3200	0	0	201	1	3	39	51	16	-300	0	13	17	2	0	0	10	2	0	0	10	175	250
1131030606	完美信仰鞋+6	60	4	6	3	1008000	45	具有信仰的神奇力量的鞋子	3400	0	0	201	1	3	43	55	17	-300	0	14	18	2	0	0	10	2	0	0	10	180	250
1131030607	完美信仰鞋+7	60	4	6	3	1008000	45	具有信仰的神奇力量的鞋子	3600	100	13000	201	1	3	47	59	18	-300	0	15	19	2	0	0	10	2	0	0	10	185	250
1131030608	完美信仰鞋+8	60	5	6	3	1008000	45	具有信仰的神奇力量的鞋子	3800	200	13000	201	1	3	51	63	19	-300	0	17	21	2	0	0	10	2	0	0	10	190	250
1131030609	完美信仰鞋+9	60	5	6	3	1008000	45	具有信仰的神奇力量的鞋子	4000	300	13000	201	1	3	55	67	20	-300	0	18	22	2	0	0	10	2	0	0	10	195	250
1131030610	完美信仰鞋+10	60	6	6	3	1008000	45	具有信仰的神奇力量的鞋子	0	400	13000	201	1	3	59	71	21	-300	0	19	23	2	0	0	10	2	0	0	10	200	250
1131040600	神品信仰鞋	60	0	6	4	1680000	76	具有信仰的神奇力量的鞋子	2200	0	0	336	1	3	19	31	11	-300	0	6	10	2	10	10	10	2	10	10	10	150	250
1131040601	神品信仰鞋+1	60	0	6	4	1680000	76	具有信仰的神奇力量的鞋子	2400	0	0	336	1	3	23	35	12	-300	0	7	11	2	10	10	10	2	10	10	10	155	250
1131040602	神品信仰鞋+2	60	0	6	4	1680000	76	具有信仰的神奇力量的鞋子	2600	0	0	336	1	3	27	39	13	-300	0	9	13	2	10	10	10	2	10	10	10	160	250
1131040603	神品信仰鞋+3	60	4	6	4	1680000	76	具有信仰的神奇力量的鞋子	2800	0	0	336	1	3	31	43	14	-300	0	10	14	2	10	10	10	2	10	10	10	165	250
1131040604	神品信仰鞋+4	60	4	6	4	1680000	76	具有信仰的神奇力量的鞋子	3000	0	0	336	1	3	35	47	15	-300	0	11	15	2	10	10	10	2	10	10	10	170	250
1131040605	神品信仰鞋+5	60	5	6	4	1680000	76	具有信仰的神奇力量的鞋子	3200	0	0	336	1	3	39	51	16	-300	0	13	17	2	10	10	10	2	10	10	10	175	250
1131040606	神品信仰鞋+6	60	5	6	4	1680000	76	具有信仰的神奇力量的鞋子	3400	0	0	336	1	3	43	55	17	-300	0	14	18	2	10	10	10	2	10	10	10	180	250
1131040607	神品信仰鞋+7	60	5	6	4	1680000	76	具有信仰的神奇力量的鞋子	3600	0	0	336	1	3	47	59	18	-300	0	15	19	2	10	10	10	2	10	10	10	185	250
1131040608	神品信仰鞋+8	60	6	6	4	1680000	76	具有信仰的神奇力量的鞋子	3800	0	0	336	1	3	51	63	19	-300	0	17	21	2	10	10	10	2	10	10	10	190	250
1131040609	神品信仰鞋+9	60	6	6	4	1680000	76	具有信仰的神奇力量的鞋子	4000	0	0	336	1	3	55	67	20	-300	0	18	22	2	10	10	10	2	10	10	10	195	250
1131040610	神品信仰鞋+10	60	7	6	4	1680000	76	具有信仰的神奇力量的鞋子	0	0	0	336	1	3	59	71	21	-300	0	19	23	2	10	10	10	2	10	10	10	200	250
1131000700	祝福鞋	72	0	7	0	2531	0	为大地带来圣洁之爱的鞋子	3000	0	0	0	1	3	23	38	15	-300	0	0	0	0	0	0	0	0	0	0	0	0	0
1131000701	祝福鞋+1	72	0	7	0	2531	0	为大地带来圣洁之爱的鞋子	3500	0	0	0	1	3	27	42	16	-300	0	0	0	0	0	0	0	0	0	0	0	0	0
1131000702	祝福鞋+2	72	0	7	0	2531	0	为大地带来圣洁之爱的鞋子	4000	0	0	0	1	3	31	46	17	-300	0	0	0	0	0	0	0	0	0	0	0	0	0
1131000703	祝福鞋+3	72	0	7	0	2531	0	为大地带来圣洁之爱的鞋子	4500	7500	11000	0	1	3	35	50	18	-300	0	0	0	0	0	0	0	0	0	0	0	0	0
1131000704	祝福鞋+4	72	0	7	0	2531	0	为大地带来圣洁之爱的鞋子	5000	8500	11000	0	1	3	39	54	19	-300	0	0	0	0	0	0	0	0	0	0	0	0	0
1131000705	祝福鞋+5	72	0	7	0	2531	0	为大地带来圣洁之爱的鞋子	5500	9500	11000	0	1	3	43	58	20	-300	0	0	0	0	0	0	0	0	0	0	0	0	0
1131000706	祝福鞋+6	72	0	7	0	2531	0	为大地带来圣洁之爱的鞋子	6000	10000	11000	0	1	3	47	62	21	-300	0	0	0	0	0	0	0	0	0	0	0	0	0
1131000707	祝福鞋+7	72	0	7	0	2531	0	为大地带来圣洁之爱的鞋子	6500	10000	11000	0	1	3	51	66	22	-300	0	0	0	0	0	0	0	0	0	0	0	0	0
1131000708	祝福鞋+8	72	0	7	0	2531	0	为大地带来圣洁之爱的鞋子	7000	10000	11000	0	1	3	55	70	23	-300	0	0	0	0	0	0	0	0	0	0	0	0	0
1131000709	祝福鞋+9	72	0	7	0	2531	0	为大地带来圣洁之爱的鞋子	7500	10000	11000	0	1	3	59	74	24	-300	0	0	0	0	0	0	0	0	0	0	0	0	0
1131000710	祝福鞋+10	72	0	7	0	2531	0	为大地带来圣洁之爱的鞋子	0	10000	11000	0	1	3	63	78	25	-300	0	0	0	0	0	0	0	0	0	0	0	0	0
1131010700	精品祝福鞋	72	0	7	1	2531	0	为大地带来圣洁之爱的鞋子	3000	0	0	0	1	3	23	38	15	-300	0	7	12	0	0	0	0	0	0	0	0	0	0
1131010701	精品祝福鞋+1	72	0	7	1	2531	0	为大地带来圣洁之爱的鞋子	3500	0	0	0	1	3	27	42	16	-300	0	9	14	0	0	0	0	0	0	0	0	0	0
1131010702	精品祝福鞋+2	72	0	7	1	2531	0	为大地带来圣洁之爱的鞋子	4000	0	0	0	1	3	31	46	17	-300	0	10	15	0	0	0	0	0	0	0	0	0	0
1131010703	精品祝福鞋+3	72	1	7	1	2531	0	为大地带来圣洁之爱的鞋子	4500	0	0	0	1	3	35	50	18	-300	0	11	16	0	0	0	0	0	0	0	0	0	0
1131010704	精品祝福鞋+4	72	1	7	1	2531	0	为大地带来圣洁之爱的鞋子	5000	1000	13000	0	1	3	39	54	19	-300	0	13	18	0	0	0	0	0	0	0	0	0	0
1131010705	精品祝福鞋+5	72	2	7	1	2531	0	为大地带来圣洁之爱的鞋子	5500	3000	13000	0	1	3	43	58	20	-300	0	14	19	0	0	0	0	0	0	0	0	0	0
1131010706	精品祝福鞋+6	72	2	7	1	2531	0	为大地带来圣洁之爱的鞋子	6000	5000	13000	0	1	3	47	62	21	-300	0	15	20	0	0	0	0	0	0	0	0	0	0
1131010707	精品祝福鞋+7	72	2	7	1	2531	0	为大地带来圣洁之爱的鞋子	6500	7000	13000	0	1	3	51	66	22	-300	0	17	22	0	0	0	0	0	0	0	0	0	0
1131010708	精品祝福鞋+8	72	3	7	1	2531	0	为大地带来圣洁之爱的鞋子	7000	8000	13000	0	1	3	55	70	23	-300	0	18	23	0	0	0	0	0	0	0	0	0	0
1131010709	精品祝福鞋+9	72	3	7	1	2531	0	为大地带来圣洁之爱的鞋子	7500	9000	13000	0	1	3	59	74	24	-300	0	19	24	0	0	0	0	0	0	0	0	0	0
1131010710	精品祝福鞋+10	72	4	7	1	2531	0	为大地带来圣洁之爱的鞋子	0	10000	13000	0	1	3	63	78	25	-300	0	21	26	0	0	0	0	0	0	0	0	0	0
1131020700	极品祝福鞋	72	0	7	2	2531	0	为大地带来圣洁之爱的鞋子	3000	0	0	0	1	3	23	38	15	-300	0	7	12	2	0	0	0	2	0	0	0	0	0
1131020701	极品祝福鞋+1	72	0	7	2	2531	0	为大地带来圣洁之爱的鞋子	3500	0	0	0	1	3	27	42	16	-300	0	9	14	2	0	0	0	2	0	0	0	0	0
1131020702	极品祝福鞋+2	72	0	7	2	2531	0	为大地带来圣洁之爱的鞋子	4000	0	0	0	1	3	31	46	17	-300	0	10	15	2	0	0	0	2	0	0	0	0	0
1131020703	极品祝福鞋+3	72	2	7	2	2531	0	为大地带来圣洁之爱的鞋子	4500	0	0	0	1	3	35	50	18	-300	0	11	16	2	0	0	0	2	0	0	0	0	0
1131020704	极品祝福鞋+4	72	2	7	2	2531	0	为大地带来圣洁之爱的鞋子	5000	0	0	0	1	3	39	54	19	-300	0	13	18	2	0	0	0	2	0	0	0	0	0
1131020705	极品祝福鞋+5	72	3	7	2	2531	0	为大地带来圣洁之爱的鞋子	5500	500	15000	0	1	3	43	58	20	-300	0	14	19	2	0	0	0	2	0	0	0	0	0
1131020706	极品祝福鞋+6	72	3	7	2	2531	0	为大地带来圣洁之爱的鞋子	6000	700	15000	0	1	3	47	62	21	-300	0	15	20	2	0	0	0	2	0	0	0	0	0
1131020707	极品祝福鞋+7	72	3	7	2	2531	0	为大地带来圣洁之爱的鞋子	6500	900	15000	0	1	3	51	66	22	-300	0	17	22	2	0	0	0	2	0	0	0	0	0
1131020708	极品祝福鞋+8	72	4	7	2	2531	0	为大地带来圣洁之爱的鞋子	7000	1100	15000	0	1	3	55	70	23	-300	0	18	23	2	0	0	0	2	0	0	0	0	0
1131020709	极品祝福鞋+9	72	4	7	2	2531	0	为大地带来圣洁之爱的鞋子	7500	1300	15000	0	1	3	59	74	24	-300	0	19	24	2	0	0	0	2	0	0	0	0	0
1131020710	极品祝福鞋+10	72	5	7	2	2531	0	为大地带来圣洁之爱的鞋子	0	1500	15000	0	1	3	63	78	25	-300	0	21	26	2	0	0	0	2	0	0	0	0	0
1131030700	完美祝福鞋	72	0	7	3	1512000	60	为大地带来圣洁之爱的鞋子	3000	0	0	268	1	3	23	38	15	-300	0	7	12	2	0	0	10	2	0	0	10	180	300
1131030701	完美祝福鞋+1	72	0	7	3	1512000	60	为大地带来圣洁之爱的鞋子	3500	0	0	268	1	3	27	42	16	-300	0	9	14	2	0	0	10	2	0	0	10	185	300
1131030702	完美祝福鞋+2	72	0	7	3	1512000	60	为大地带来圣洁之爱的鞋子	4000	0	0	268	1	3	31	46	17	-300	0	10	15	2	0	0	10	2	0	0	10	190	300
1131030703	完美祝福鞋+3	72	3	7	3	1512000	60	为大地带来圣洁之爱的鞋子	4500	0	0	268	1	3	35	50	18	-300	0	11	16	2	0	0	10	2	0	0	10	195	300
1131030704	完美祝福鞋+4	72	3	7	3	1512000	60	为大地带来圣洁之爱的鞋子	5000	0	0	268	1	3	39	54	19	-300	0	13	18	2	0	0	10	2	0	0	10	200	300
1131030705	完美祝福鞋+5	72	4	7	3	1512000	60	为大地带来圣洁之爱的鞋子	5500	0	0	268	1	3	43	58	20	-300	0	14	19	2	0	0	10	2	0	0	10	205	300
1131030706	完美祝福鞋+6	72	4	7	3	1512000	60	为大地带来圣洁之爱的鞋子	6000	0	0	268	1	3	47	62	21	-300	0	15	20	2	0	0	10	2	0	0	10	210	300
1131030707	完美祝福鞋+7	72	4	7	3	1512000	60	为大地带来圣洁之爱的鞋子	6500	50	17000	268	1	3	51	66	22	-300	0	17	22	2	0	0	10	2	0	0	10	215	300
1131030708	完美祝福鞋+8	72	5	7	3	1512000	60	为大地带来圣洁之爱的鞋子	7000	150	17000	268	1	3	55	70	23	-300	0	18	23	2	0	0	10	2	0	0	10	220	300
1131030709	完美祝福鞋+9	72	5	7	3	1512000	60	为大地带来圣洁之爱的鞋子	7500	250	17000	268	1	3	59	74	24	-300	0	19	24	2	0	0	10	2	0	0	10	225	300
1131030710	完美祝福鞋+10	72	6	7	3	1512000	60	为大地带来圣洁之爱的鞋子	0	350	17000	268	1	3	63	78	25	-300	0	21	26	2	0	0	10	2	0	0	10	230	300
1131040700	神品祝福鞋	72	0	7	4	2520000	101	为大地带来圣洁之爱的鞋子	3000	0	0	448	1	3	23	38	15	-300	0	7	12	2	10	10	10	2	10	10	10	180	300
1131040701	神品祝福鞋+1	72	0	7	4	2520000	101	为大地带来圣洁之爱的鞋子	3500	0	0	448	1	3	27	42	16	-300	0	9	14	2	10	10	10	2	10	10	10	185	300
1131040702	神品祝福鞋+2	72	0	7	4	2520000	101	为大地带来圣洁之爱的鞋子	4000	0	0	448	1	3	31	46	17	-300	0	10	15	2	10	10	10	2	10	10	10	190	300
1131040703	神品祝福鞋+3	72	4	7	4	2520000	101	为大地带来圣洁之爱的鞋子	4500	0	0	448	1	3	35	50	18	-300	0	11	16	2	10	10	10	2	10	10	10	195	300
1131040704	神品祝福鞋+4	72	4	7	4	2520000	101	为大地带来圣洁之爱的鞋子	5000	0	0	448	1	3	39	54	19	-300	0	13	18	2	10	10	10	2	10	10	10	200	300
1131040705	神品祝福鞋+5	72	5	7	4	2520000	101	为大地带来圣洁之爱的鞋子	5500	0	0	448	1	3	43	58	20	-300	0	14	19	2	10	10	10	2	10	10	10	205	300
1131040706	神品祝福鞋+6	72	5	7	4	2520000	101	为大地带来圣洁之爱的鞋子	6000	0	0	448	1	3	47	62	21	-300	0	15	20	2	10	10	10	2	10	10	10	210	300
1131040707	神品祝福鞋+7	72	5	7	4	2520000	101	为大地带来圣洁之爱的鞋子	6500	0	0	448	1	3	51	66	22	-300	0	17	22	2	10	10	10	2	10	10	10	215	300
1131040708	神品祝福鞋+8	72	6	7	4	2520000	101	为大地带来圣洁之爱的鞋子	7000	0	0	448	1	3	55	70	23	-300	0	18	23	2	10	10	10	2	10	10	10	220	300
1131040709	神品祝福鞋+9	72	6	7	4	2520000	101	为大地带来圣洁之爱的鞋子	7500	0	0	448	1	3	59	74	24	-300	0	19	24	2	10	10	10	2	10	10	10	225	300
1131040710	神品祝福鞋+10	72	7	7	4	2520000	101	为大地带来圣洁之爱的鞋子	0	0	0	448	1	3	63	78	25	-300	0	21	26	2	10	10	10	2	10	10	10	230	300
1131000800	圣灵鞋	84	0	8	0	3796	0	超度生灵的鞋子	4500	0	0	0	1	3	27	46	16	-300	0	0	0	0	0	0	0	0	0	0	0	0	0
1131000801	圣灵鞋+1	84	0	8	0	3796	0	超度生灵的鞋子	5000	0	0	0	1	3	31	50	17	-300	0	0	0	0	0	0	0	0	0	0	0	0	0
1131000802	圣灵鞋+2	84	0	8	0	3796	0	超度生灵的鞋子	5500	0	0	0	1	3	35	54	18	-300	0	0	0	0	0	0	0	0	0	0	0	0	0
1131000803	圣灵鞋+3	84	0	8	0	3796	0	超度生灵的鞋子	6000	7500	15000	0	1	3	39	58	19	-300	0	0	0	0	0	0	0	0	0	0	0	0	0
1131000804	圣灵鞋+4	84	0	8	0	3796	0	超度生灵的鞋子	6500	8500	15000	0	1	3	43	62	20	-300	0	0	0	0	0	0	0	0	0	0	0	0	0
1131000805	圣灵鞋+5	84	0	8	0	3796	0	超度生灵的鞋子	7000	9500	15000	0	1	3	47	66	21	-300	0	0	0	0	0	0	0	0	0	0	0	0	0
1131000806	圣灵鞋+6	84	0	8	0	3796	0	超度生灵的鞋子	7500	10000	15000	0	1	3	51	70	22	-300	0	0	0	0	0	0	0	0	0	0	0	0	0
1131000807	圣灵鞋+7	84	0	8	0	3796	0	超度生灵的鞋子	8000	10000	15000	0	1	3	55	74	23	-300	0	0	0	0	0	0	0	0	0	0	0	0	0
1131000808	圣灵鞋+8	84	0	8	0	3796	0	超度生灵的鞋子	8500	10000	15000	0	1	3	59	78	24	-300	0	0	0	0	0	0	0	0	0	0	0	0	0
1131000809	圣灵鞋+9	84	0	8	0	3796	0	超度生灵的鞋子	9000	10000	15000	0	1	3	63	82	25	-300	0	0	0	0	0	0	0	0	0	0	0	0	0
1131000810	圣灵鞋+10	84	0	8	0	3796	0	超度生灵的鞋子	0	10000	15000	0	1	3	67	86	26	-300	0	0	0	0	0	0	0	0	0	0	0	0	0
1131010800	精品圣灵鞋	84	0	8	1	3796	0	超度生灵的鞋子	4500	0	0	0	1	3	27	46	16	-300	0	9	15	0	0	0	0	0	0	0	0	0	0
1131010801	精品圣灵鞋+1	84	0	8	1	3796	0	超度生灵的鞋子	5000	0	0	0	1	3	31	50	17	-300	0	10	16	0	0	0	0	0	0	0	0	0	0
1131010802	精品圣灵鞋+2	84	0	8	1	3796	0	超度生灵的鞋子	5500	0	0	0	1	3	35	54	18	-300	0	11	18	0	0	0	0	0	0	0	0	0	0
1131010803	精品圣灵鞋+3	84	1	8	1	3796	0	超度生灵的鞋子	6000	0	0	0	1	3	39	58	19	-300	0	13	19	0	0	0	0	0	0	0	0	0	0
1131010804	精品圣灵鞋+4	84	1	8	1	3796	0	超度生灵的鞋子	6500	1000	18000	0	1	3	43	62	20	-300	0	14	20	0	0	0	0	0	0	0	0	0	0
1131010805	精品圣灵鞋+5	84	2	8	1	3796	0	超度生灵的鞋子	7000	2000	18000	0	1	3	47	66	21	-300	0	15	22	0	0	0	0	0	0	0	0	0	0
1131010806	精品圣灵鞋+6	84	2	8	1	3796	0	超度生灵的鞋子	7500	3000	18000	0	1	3	51	70	22	-300	0	17	23	0	0	0	0	0	0	0	0	0	0
1131010807	精品圣灵鞋+7	84	2	8	1	3796	0	超度生灵的鞋子	8000	4000	18000	0	1	3	55	74	23	-300	0	18	24	0	0	0	0	0	0	0	0	0	0
1131010808	精品圣灵鞋+8	84	3	8	1	3796	0	超度生灵的鞋子	8500	6000	18000	0	1	3	59	78	24	-300	0	19	26	0	0	0	0	0	0	0	0	0	0
1131010809	精品圣灵鞋+9	84	3	8	1	3796	0	超度生灵的鞋子	9000	8000	18000	0	1	3	63	82	25	-300	0	21	27	0	0	0	0	0	0	0	0	0	0
1131010810	精品圣灵鞋+10	84	4	8	1	3796	0	超度生灵的鞋子	0	10000	18000	0	1	3	67	86	26	-300	0	22	28	0	0	0	0	0	0	0	0	0	0
1131020800	极品圣灵鞋	84	0	8	2	3796	0	超度生灵的鞋子	4500	0	0	0	1	3	27	46	16	-300	0	9	15	2	0	0	0	2	0	0	0	0	0
1131020801	极品圣灵鞋+1	84	0	8	2	3796	0	超度生灵的鞋子	5000	0	0	0	1	3	31	50	17	-300	0	10	16	2	0	0	0	2	0	0	0	0	0
1131020802	极品圣灵鞋+2	84	0	8	2	3796	0	超度生灵的鞋子	5500	0	0	0	1	3	35	54	18	-300	0	11	18	2	0	0	0	2	0	0	0	0	0
1131020803	极品圣灵鞋+3	84	2	8	2	3796	0	超度生灵的鞋子	6000	0	0	0	1	3	39	58	19	-300	0	13	19	2	0	0	0	2	0	0	0	0	0
1131020804	极品圣灵鞋+4	84	2	8	2	3796	0	超度生灵的鞋子	6500	0	0	0	1	3	43	62	20	-300	0	14	20	2	0	0	0	2	0	0	0	0	0
1131020805	极品圣灵鞋+5	84	3	8	2	3796	0	超度生灵的鞋子	7000	500	21000	0	1	3	47	66	21	-300	0	15	22	2	0	0	0	2	0	0	0	0	0
1131020806	极品圣灵鞋+6	84	3	8	2	3796	0	超度生灵的鞋子	7500	700	21000	0	1	3	51	70	22	-300	0	17	23	2	0	0	0	2	0	0	0	0	0
1131020807	极品圣灵鞋+7	84	3	8	2	3796	0	超度生灵的鞋子	8000	900	21000	0	1	3	55	74	23	-300	0	18	24	2	0	0	0	2	0	0	0	0	0
1131020808	极品圣灵鞋+8	84	4	8	2	3796	0	超度生灵的鞋子	8500	1100	21000	0	1	3	59	78	24	-300	0	19	26	2	0	0	0	2	0	0	0	0	0
1131020809	极品圣灵鞋+9	84	4	8	2	3796	0	超度生灵的鞋子	9000	1300	21000	0	1	3	63	82	25	-300	0	21	27	2	0	0	0	2	0	0	0	0	0
1131020810	极品圣灵鞋+10	84	5	8	2	3796	0	超度生灵的鞋子	0	1500	21000	0	1	3	67	86	26	-300	0	22	28	2	0	0	0	2	0	0	0	0	0
1131030800	完美圣灵鞋	84	0	8	3	2184000	76	超度生灵的鞋子	4500	0	0	336	1	3	27	46	16	-300	0	9	15	2	0	0	10	2	0	0	10	210	350
1131030801	完美圣灵鞋+1	84	0	8	3	2184000	76	超度生灵的鞋子	5000	0	0	336	1	3	31	50	17	-300	0	10	16	2	0	0	10	2	0	0	10	215	350
1131030802	完美圣灵鞋+2	84	0	8	3	2184000	76	超度生灵的鞋子	5500	0	0	336	1	3	35	54	18	-300	0	11	18	2	0	0	10	2	0	0	10	220	350
1131030803	完美圣灵鞋+3	84	3	8	3	2184000	76	超度生灵的鞋子	6000	0	0	336	1	3	39	58	19	-300	0	13	19	2	0	0	10	2	0	0	10	225	350
1131030804	完美圣灵鞋+4	84	3	8	3	2184000	76	超度生灵的鞋子	6500	0	0	336	1	3	43	62	20	-300	0	14	20	2	0	0	10	2	0	0	10	230	350
1131030805	完美圣灵鞋+5	84	4	8	3	2184000	76	超度生灵的鞋子	7000	0	0	336	1	3	47	66	21	-300	0	15	22	2	0	0	10	2	0	0	10	235	350
1131030806	完美圣灵鞋+6	84	4	8	3	2184000	76	超度生灵的鞋子	7500	0	0	336	1	3	51	70	22	-300	0	17	23	2	0	0	10	2	0	0	10	240	350
1131030807	完美圣灵鞋+7	84	4	8	3	2184000	76	超度生灵的鞋子	8000	50	24000	336	1	3	55	74	23	-300	0	18	24	2	0	0	10	2	0	0	10	245	350
1131030808	完美圣灵鞋+8	84	5	8	3	2184000	76	超度生灵的鞋子	8500	150	24000	336	1	3	59	78	24	-300	0	19	26	2	0	0	10	2	0	0	10	250	350
1131030809	完美圣灵鞋+9	84	5	8	3	2184000	76	超度生灵的鞋子	9000	250	24000	336	1	3	63	82	25	-300	0	21	27	2	0	0	10	2	0	0	10	255	350
1131030810	完美圣灵鞋+10	84	6	8	3	2184000	76	超度生灵的鞋子	0	350	24000	336	1	3	67	86	26	-300	0	22	28	2	0	0	10	2	0	0	10	260	350
1131040800	神品圣灵鞋	84	0	8	4	3640000	127	超度生灵的鞋子	4500	0	0	560	1	3	27	46	16	-300	0	9	15	2	10	10	10	2	10	10	10	210	350
1131040801	神品圣灵鞋+1	84	0	8	4	3640000	127	超度生灵的鞋子	5000	0	0	560	1	3	31	50	17	-300	0	10	16	2	10	10	10	2	10	10	10	215	350
1131040802	神品圣灵鞋+2	84	0	8	4	3640000	127	超度生灵的鞋子	5500	0	0	560	1	3	35	54	18	-300	0	11	18	2	10	10	10	2	10	10	10	220	350
1131040803	神品圣灵鞋+3	84	4	8	4	3640000	127	超度生灵的鞋子	6000	0	0	560	1	3	39	58	19	-300	0	13	19	2	10	10	10	2	10	10	10	225	350
1131040804	神品圣灵鞋+4	84	4	8	4	3640000	127	超度生灵的鞋子	6500	0	0	560	1	3	43	62	20	-300	0	14	20	2	10	10	10	2	10	10	10	230	350
1131040805	神品圣灵鞋+5	84	5	8	4	3640000	127	超度生灵的鞋子	7000	0	0	560	1	3	47	66	21	-300	0	15	22	2	10	10	10	2	10	10	10	235	350
1131040806	神品圣灵鞋+6	84	5	8	4	3640000	127	超度生灵的鞋子	7500	0	0	560	1	3	51	70	22	-300	0	17	23	2	10	10	10	2	10	10	10	240	350
1131040807	神品圣灵鞋+7	84	5	8	4	3640000	127	超度生灵的鞋子	8000	0	0	560	1	3	55	74	23	-300	0	18	24	2	10	10	10	2	10	10	10	245	350
1131040808	神品圣灵鞋+8	84	6	8	4	3640000	127	超度生灵的鞋子	8500	0	0	560	1	3	59	78	24	-300	0	19	26	2	10	10	10	2	10	10	10	250	350
1131040809	神品圣灵鞋+9	84	6	8	4	3640000	127	超度生灵的鞋子	9000	0	0	560	1	3	63	82	25	-300	0	21	27	2	10	10	10	2	10	10	10	255	350
1131040810	神品圣灵鞋+10	84	7	8	4	3640000	127	超度生灵的鞋子	0	0	0	560	1	3	67	86	26	-300	0	22	28	2	10	10	10	2	10	10	10	260	350
1131000900	附魂鞋	96	0	9	0	5695	0	附着着前人魂魄的鞋子	6000	0	0	0	1	3	32	56	18	-300	0	0	0	0	0	0	0	0	0	0	0	0	0
1131000901	附魂鞋+1	96	0	9	0	5695	0	附着着前人魂魄的鞋子	7000	0	0	0	1	3	36	60	19	-300	0	0	0	0	0	0	0	0	0	0	0	0	0
1131000902	附魂鞋+2	96	0	9	0	5695	0	附着着前人魂魄的鞋子	8000	0	0	0	1	3	40	64	20	-300	0	0	0	0	0	0	0	0	0	0	0	0	0
1131000903	附魂鞋+3	96	0	9	0	5695	0	附着着前人魂魄的鞋子	9000	6000	21000	0	1	3	44	68	21	-300	0	0	0	0	0	0	0	0	0	0	0	0	0
1131000904	附魂鞋+4	96	0	9	0	5695	0	附着着前人魂魄的鞋子	10000	7000	21000	0	1	3	48	72	22	-300	0	0	0	0	0	0	0	0	0	0	0	0	0
1131000905	附魂鞋+5	96	0	9	0	5695	0	附着着前人魂魄的鞋子	11000	8000	21000	0	1	3	52	76	23	-300	0	0	0	0	0	0	0	0	0	0	0	0	0
1131000906	附魂鞋+6	96	0	9	0	5695	0	附着着前人魂魄的鞋子	12000	9000	21000	0	1	3	56	80	24	-300	0	0	0	0	0	0	0	0	0	0	0	0	0
1131000907	附魂鞋+7	96	0	9	0	5695	0	附着着前人魂魄的鞋子	13000	10000	21000	0	1	3	60	84	25	-300	0	0	0	0	0	0	0	0	0	0	0	0	0
1131000908	附魂鞋+8	96	0	9	0	5695	0	附着着前人魂魄的鞋子	14000	10000	21000	0	1	3	64	88	26	-300	0	0	0	0	0	0	0	0	0	0	0	0	0
1131000909	附魂鞋+9	96	0	9	0	5695	0	附着着前人魂魄的鞋子	15000	10000	21000	0	1	3	68	92	27	-300	0	0	0	0	0	0	0	0	0	0	0	0	0
1131000910	附魂鞋+10	96	0	9	0	5695	0	附着着前人魂魄的鞋子	0	10000	21000	0	1	3	72	96	28	-300	0	0	0	0	0	0	0	0	0	0	0	0	0
1131010900	精品附魂鞋	96	0	9	1	5695	0	附着着前人魂魄的鞋子	6000	0	0	0	1	3	32	56	18	-300	0	10	18	0	0	0	0	0	0	0	0	0	0
1131010901	精品附魂鞋+1	96	0	9	1	5695	0	附着着前人魂魄的鞋子	7000	0	0	0	1	3	36	60	19	-300	0	12	20	0	0	0	0	0	0	0	0	0	0
1131010902	精品附魂鞋+2	96	0	9	1	5695	0	附着着前人魂魄的鞋子	8000	0	0	0	1	3	40	64	20	-300	0	13	21	0	0	0	0	0	0	0	0	0	0
1131010903	精品附魂鞋+3	96	1	9	1	5695	0	附着着前人魂魄的鞋子	9000	0	0	0	1	3	44	68	21	-300	0	14	22	0	0	0	0	0	0	0	0	0	0
1131010904	精品附魂鞋+4	96	1	9	1	5695	0	附着着前人魂魄的鞋子	10000	1000	24000	0	1	3	48	72	22	-300	0	16	24	0	0	0	0	0	0	0	0	0	0
1131010905	精品附魂鞋+5	96	2	9	1	5695	0	附着着前人魂魄的鞋子	11000	2000	24000	0	1	3	52	76	23	-300	0	17	25	0	0	0	0	0	0	0	0	0	0
1131010906	精品附魂鞋+6	96	2	9	1	5695	0	附着着前人魂魄的鞋子	12000	3000	24000	0	1	3	56	80	24	-300	0	18	26	0	0	0	0	0	0	0	0	0	0
1131010907	精品附魂鞋+7	96	2	9	1	5695	0	附着着前人魂魄的鞋子	13000	4000	24000	0	1	3	60	84	25	-300	0	20	28	0	0	0	0	0	0	0	0	0	0
1131010908	精品附魂鞋+8	96	3	9	1	5695	0	附着着前人魂魄的鞋子	14000	6000	24000	0	1	3	64	88	26	-300	0	21	29	0	0	0	0	0	0	0	0	0	0
1131010909	精品附魂鞋+9	96	3	9	1	5695	0	附着着前人魂魄的鞋子	15000	8000	24000	0	1	3	68	92	27	-300	0	22	30	0	0	0	0	0	0	0	0	0	0
1131010910	精品附魂鞋+10	96	4	9	1	5695	0	附着着前人魂魄的鞋子	0	10000	24000	0	1	3	72	96	28	-300	0	24	32	0	0	0	0	0	0	0	0	0	0
1131020900	极品附魂鞋	96	0	9	2	5695	0	附着着前人魂魄的鞋子	6000	0	0	0	1	3	32	56	18	-300	0	10	18	2	0	0	0	2	0	0	0	0	0
1131020901	极品附魂鞋+1	96	0	9	2	5695	0	附着着前人魂魄的鞋子	7000	0	0	0	1	3	36	60	19	-300	0	12	20	2	0	0	0	2	0	0	0	0	0
1131020902	极品附魂鞋+2	96	0	9	2	5695	0	附着着前人魂魄的鞋子	8000	0	0	0	1	3	40	64	20	-300	0	13	21	2	0	0	0	2	0	0	0	0	0
1131020903	极品附魂鞋+3	96	2	9	2	5695	0	附着着前人魂魄的鞋子	9000	0	0	0	1	3	44	68	21	-300	0	14	22	2	0	0	0	2	0	0	0	0	0
1131020904	极品附魂鞋+4	96	2	9	2	5695	0	附着着前人魂魄的鞋子	10000	0	0	0	1	3	48	72	22	-300	0	16	24	2	0	0	0	2	0	0	0	0	0
1131020905	极品附魂鞋+5	96	3	9	2	5695	0	附着着前人魂魄的鞋子	11000	200	27000	0	1	3	52	76	23	-300	0	17	25	2	0	0	0	2	0	0	0	0	0
1131020906	极品附魂鞋+6	96	3	9	2	5695	0	附着着前人魂魄的鞋子	12000	400	27000	0	1	3	56	80	24	-300	0	18	26	2	0	0	0	2	0	0	0	0	0
1131020907	极品附魂鞋+7	96	3	9	2	5695	0	附着着前人魂魄的鞋子	13000	600	27000	0	1	3	60	84	25	-300	0	20	28	2	0	0	0	2	0	0	0	0	0
1131020908	极品附魂鞋+8	96	4	9	2	5695	0	附着着前人魂魄的鞋子	14000	800	27000	0	1	3	64	88	26	-300	0	21	29	2	0	0	0	2	0	0	0	0	0
1131020909	极品附魂鞋+9	96	4	9	2	5695	0	附着着前人魂魄的鞋子	15000	1000	27000	0	1	3	68	92	27	-300	0	22	30	2	0	0	0	2	0	0	0	0	0
1131020910	极品附魂鞋+10	96	5	9	2	5695	0	附着着前人魂魄的鞋子	0	1200	27000	0	1	3	72	96	28	-300	0	24	32	2	0	0	0	2	0	0	0	0	0
1131030900	完美附魂鞋	96	0	9	3	3024000	91	附着着前人魂魄的鞋子	6000	0	0	403	1	3	32	56	18	-300	0	10	18	2	0	0	10	2	0	0	10	240	400
1131030901	完美附魂鞋+1	96	0	9	3	3024000	91	附着着前人魂魄的鞋子	7000	0	0	403	1	3	36	60	19	-300	0	12	20	2	0	0	10	2	0	0	10	245	400
1131030902	完美附魂鞋+2	96	0	9	3	3024000	91	附着着前人魂魄的鞋子	8000	0	0	403	1	3	40	64	20	-300	0	13	21	2	0	0	10	2	0	0	10	250	400
1131030903	完美附魂鞋+3	96	3	9	3	3024000	91	附着着前人魂魄的鞋子	9000	0	0	403	1	3	44	68	21	-300	0	14	22	2	0	0	10	2	0	0	10	255	400
1131030904	完美附魂鞋+4	96	3	9	3	3024000	91	附着着前人魂魄的鞋子	10000	0	0	403	1	3	48	72	22	-300	0	16	24	2	0	0	10	2	0	0	10	260	400
1131030905	完美附魂鞋+5	96	4	9	3	3024000	91	附着着前人魂魄的鞋子	11000	0	0	403	1	3	52	76	23	-300	0	17	25	2	0	0	10	2	0	0	10	265	400
1131030906	完美附魂鞋+6	96	4	9	3	3024000	91	附着着前人魂魄的鞋子	12000	0	0	403	1	3	56	80	24	-300	0	18	26	2	0	0	10	2	0	0	10	270	400
1131030907	完美附魂鞋+7	96	4	9	3	3024000	91	附着着前人魂魄的鞋子	13000	70	30000	403	1	3	60	84	25	-300	0	20	28	2	0	0	10	2	0	0	10	275	400
1131030908	完美附魂鞋+8	96	5	9	3	3024000	91	附着着前人魂魄的鞋子	14000	170	30000	403	1	3	64	88	26	-300	0	21	29	2	0	0	10	2	0	0	10	280	400
1131030909	完美附魂鞋+9	96	5	9	3	3024000	91	附着着前人魂魄的鞋子	15000	270	30000	403	1	3	68	92	27	-300	0	22	30	2	0	0	10	2	0	0	10	285	400
1131030910	完美附魂鞋+10	96	6	9	3	3024000	91	附着着前人魂魄的鞋子	0	370	30000	403	1	3	72	96	28	-300	0	24	32	2	0	0	10	2	0	0	10	290	400
1131040900	神品附魂鞋	96	0	9	4	5040000	151	附着着前人魂魄的鞋子	6000	0	0	672	1	3	32	56	18	-300	0	10	18	2	10	10	10	2	10	10	10	240	400
1131040901	神品附魂鞋+1	96	0	9	4	5040000	151	附着着前人魂魄的鞋子	7000	0	0	672	1	3	36	60	19	-300	0	12	20	2	10	10	10	2	10	10	10	245	400
1131040902	神品附魂鞋+2	96	0	9	4	5040000	151	附着着前人魂魄的鞋子	8000	0	0	672	1	3	40	64	20	-300	0	13	21	2	10	10	10	2	10	10	10	250	400
1131040903	神品附魂鞋+3	96	4	9	4	5040000	151	附着着前人魂魄的鞋子	9000	0	0	672	1	3	44	68	21	-300	0	14	22	2	10	10	10	2	10	10	10	255	400
1131040904	神品附魂鞋+4	96	4	9	4	5040000	151	附着着前人魂魄的鞋子	10000	0	0	672	1	3	48	72	22	-300	0	16	24	2	10	10	10	2	10	10	10	260	400
1131040905	神品附魂鞋+5	96	5	9	4	5040000	151	附着着前人魂魄的鞋子	11000	0	0	672	1	3	52	76	23	-300	0	17	25	2	10	10	10	2	10	10	10	265	400
1131040906	神品附魂鞋+6	96	5	9	4	5040000	151	附着着前人魂魄的鞋子	12000	0	0	672	1	3	56	80	24	-300	0	18	26	2	10	10	10	2	10	10	10	270	400
1131040907	神品附魂鞋+7	96	5	9	4	5040000	151	附着着前人魂魄的鞋子	13000	0	0	672	1	3	60	84	25	-300	0	20	28	2	10	10	10	2	10	10	10	275	400
1131040908	神品附魂鞋+8	96	6	9	4	5040000	151	附着着前人魂魄的鞋子	14000	0	0	672	1	3	64	88	26	-300	0	21	29	2	10	10	10	2	10	10	10	280	400
1131040909	神品附魂鞋+9	96	6	9	4	5040000	151	附着着前人魂魄的鞋子	15000	0	0	672	1	3	68	92	27	-300	0	22	30	2	10	10	10	2	10	10	10	285	400
1131040910	神品附魂鞋+10	96	7	9	4	5040000	151	附着着前人魂魄的鞋子	0	0	0	672	1	3	72	96	28	-300	0	24	32	2	10	10	10	2	10	10	10	290	400
1131001000	神恩鞋	108	0	10	0	10678	0	光明神赐予大魔导师的鞋子	10000	0	0	0	1	3	37	66	22	-300	0	0	0	0	0	0	0	0	0	0	0	0	0
1131001001	神恩鞋+1	108	0	10	0	10678	0	光明神赐予大魔导师的鞋子	11000	0	0	0	1	3	41	70	23	-300	0	0	0	0	0	0	0	0	0	0	0	0	0
1131001002	神恩鞋+2	108	0	10	0	10678	0	光明神赐予大魔导师的鞋子	12000	0	0	0	1	3	45	74	24	-300	0	0	0	0	0	0	0	0	0	0	0	0	0
1131001003	神恩鞋+3	108	0	10	0	10678	0	光明神赐予大魔导师的鞋子	13000	6000	27000	0	1	3	49	78	25	-300	0	0	0	0	0	0	0	0	0	0	0	0	0
1131001004	神恩鞋+4	108	0	10	0	10678	0	光明神赐予大魔导师的鞋子	14000	6500	27000	0	1	3	53	82	26	-300	0	0	0	0	0	0	0	0	0	0	0	0	0
1131001005	神恩鞋+5	108	0	10	0	10678	0	光明神赐予大魔导师的鞋子	15000	7000	27000	0	1	3	57	86	27	-300	0	0	0	0	0	0	0	0	0	0	0	0	0
1131001006	神恩鞋+6	108	0	10	0	10678	0	光明神赐予大魔导师的鞋子	16000	7500	27000	0	1	3	61	90	28	-300	0	0	0	0	0	0	0	0	0	0	0	0	0
1131001007	神恩鞋+7	108	0	10	0	10678	0	光明神赐予大魔导师的鞋子	17000	8000	27000	0	1	3	65	94	29	-300	0	0	0	0	0	0	0	0	0	0	0	0	0
1131001008	神恩鞋+8	108	0	10	0	10678	0	光明神赐予大魔导师的鞋子	18000	8500	27000	0	1	3	69	98	30	-300	0	0	0	0	0	0	0	0	0	0	0	0	0
1131001009	神恩鞋+9	108	0	10	0	10678	0	光明神赐予大魔导师的鞋子	19000	9000	27000	0	1	3	73	102	31	-300	0	0	0	0	0	0	0	0	0	0	0	0	0
1131001010	神恩鞋+10	108	0	10	0	10678	0	光明神赐予大魔导师的鞋子	0	9500	27000	0	1	3	77	106	32	-300	0	0	0	0	0	0	0	0	0	0	0	0	0
1131011000	精品神恩鞋	108	0	10	1	10678	0	光明神赐予大魔导师的鞋子	10000	0	0	0	1	3	37	66	22	-300	0	12	22	0	0	0	0	0	0	0	0	0	0
1131011001	精品神恩鞋+1	108	0	10	1	10678	0	光明神赐予大魔导师的鞋子	11000	0	0	0	1	3	41	70	23	-300	0	13	23	0	0	0	0	0	0	0	0	0	0
1131011002	精品神恩鞋+2	108	0	10	1	10678	0	光明神赐予大魔导师的鞋子	12000	0	0	0	1	3	45	74	24	-300	0	15	24	0	0	0	0	0	0	0	0	0	0
1131011003	精品神恩鞋+3	108	1	10	1	10678	0	光明神赐予大魔导师的鞋子	13000	0	0	0	1	3	49	78	25	-300	0	16	26	0	0	0	0	0	0	0	0	0	0
1131011004	精品神恩鞋+4	108	1	10	1	10678	0	光明神赐予大魔导师的鞋子	14000	1000	31000	0	1	3	53	82	26	-300	0	17	27	0	0	0	0	0	0	0	0	0	0
1131011005	精品神恩鞋+5	108	2	10	1	10678	0	光明神赐予大魔导师的鞋子	15000	2000	31000	0	1	3	57	86	27	-300	0	19	28	0	0	0	0	0	0	0	0	0	0
1131011006	精品神恩鞋+6	108	2	10	1	10678	0	光明神赐予大魔导师的鞋子	16000	3000	31000	0	1	3	61	90	28	-300	0	20	30	0	0	0	0	0	0	0	0	0	0
1131011007	精品神恩鞋+7	108	2	10	1	10678	0	光明神赐予大魔导师的鞋子	17000	4000	31000	0	1	3	65	94	29	-300	0	21	31	0	0	0	0	0	0	0	0	0	0
1131011008	精品神恩鞋+8	108	3	10	1	10678	0	光明神赐予大魔导师的鞋子	18000	6000	31000	0	1	3	69	98	30	-300	0	23	32	0	0	0	0	0	0	0	0	0	0
1131011009	精品神恩鞋+9	108	3	10	1	10678	0	光明神赐予大魔导师的鞋子	19000	8000	31000	0	1	3	73	102	31	-300	0	24	34	0	0	0	0	0	0	0	0	0	0
1131011010	精品神恩鞋+10	108	4	10	1	10678	0	光明神赐予大魔导师的鞋子	0	10000	31000	0	1	3	77	106	32	-300	0	25	35	0	0	0	0	0	0	0	0	0	0
1131021000	极品神恩鞋	108	0	10	2	10678	0	光明神赐予大魔导师的鞋子	10000	0	0	0	1	3	37	66	22	-300	0	12	22	2	0	0	0	2	0	0	0	0	0
1131021001	极品神恩鞋+1	108	0	10	2	10678	0	光明神赐予大魔导师的鞋子	11000	0	0	0	1	3	41	70	23	-300	0	13	23	2	0	0	0	2	0	0	0	0	0
1131021002	极品神恩鞋+2	108	0	10	2	10678	0	光明神赐予大魔导师的鞋子	12000	0	0	0	1	3	45	74	24	-300	0	15	24	2	0	0	0	2	0	0	0	0	0
1131021003	极品神恩鞋+3	108	2	10	2	10678	0	光明神赐予大魔导师的鞋子	13000	0	0	0	1	3	49	78	25	-300	0	16	26	2	0	0	0	2	0	0	0	0	0
1131021004	极品神恩鞋+4	108	2	10	2	10678	0	光明神赐予大魔导师的鞋子	14000	0	0	0	1	3	53	82	26	-300	0	17	27	2	0	0	0	2	0	0	0	0	0
1131021005	极品神恩鞋+5	108	3	10	2	10678	0	光明神赐予大魔导师的鞋子	15000	200	35000	0	1	3	57	86	27	-300	0	19	28	2	0	0	0	2	0	0	0	0	0
1131021006	极品神恩鞋+6	108	3	10	2	10678	0	光明神赐予大魔导师的鞋子	16000	400	35000	0	1	3	61	90	28	-300	0	20	30	2	0	0	0	2	0	0	0	0	0
1131021007	极品神恩鞋+7	108	3	10	2	10678	0	光明神赐予大魔导师的鞋子	17000	600	35000	0	1	3	65	94	29	-300	0	21	31	2	0	0	0	2	0	0	0	0	0
1131021008	极品神恩鞋+8	108	4	10	2	10678	0	光明神赐予大魔导师的鞋子	18000	800	35000	0	1	3	69	98	30	-300	0	23	32	2	0	0	0	2	0	0	0	0	0
1131021009	极品神恩鞋+9	108	4	10	2	10678	0	光明神赐予大魔导师的鞋子	19000	1000	35000	0	1	3	73	102	31	-300	0	24	34	2	0	0	0	2	0	0	0	0	0
1131021010	极品神恩鞋+10	108	5	10	2	10678	0	光明神赐予大魔导师的鞋子	0	1200	35000	0	1	3	77	106	32	-300	0	25	35	2	0	0	0	2	0	0	0	0	0
1131031000	完美神恩鞋	108	0	10	3	4032000	121	光明神赐予大魔导师的鞋子	10000	0	0	470	1	3	37	66	22	-300	0	12	22	2	0	0	10	2	0	0	10	270	450
1131031001	完美神恩鞋+1	108	0	10	3	4032000	121	光明神赐予大魔导师的鞋子	11000	0	0	470	1	3	41	70	23	-300	0	13	23	2	0	0	10	2	0	0	10	275	450
1131031002	完美神恩鞋+2	108	0	10	3	4032000	121	光明神赐予大魔导师的鞋子	12000	0	0	470	1	3	45	74	24	-300	0	15	24	2	0	0	10	2	0	0	10	280	450
1131031003	完美神恩鞋+3	108	3	10	3	4032000	121	光明神赐予大魔导师的鞋子	13000	0	0	470	1	3	49	78	25	-300	0	16	26	2	0	0	10	2	0	0	10	285	450
1131031004	完美神恩鞋+4	108	3	10	3	4032000	121	光明神赐予大魔导师的鞋子	14000	0	0	470	1	3	53	82	26	-300	0	17	27	2	0	0	10	2	0	0	10	290	450
1131031005	完美神恩鞋+5	108	4	10	3	4032000	121	光明神赐予大魔导师的鞋子	15000	0	0	470	1	3	57	86	27	-300	0	19	28	2	0	0	10	2	0	0	10	295	450
1131031006	完美神恩鞋+6	108	4	10	3	4032000	121	光明神赐予大魔导师的鞋子	16000	0	0	470	1	3	61	90	28	-300	0	20	30	2	0	0	10	2	0	0	10	300	450
1131031007	完美神恩鞋+7	108	4	10	3	4032000	121	光明神赐予大魔导师的鞋子	17000	70	39000	470	1	3	65	94	29	-300	0	21	31	2	0	0	10	2	0	0	10	305	450
1131031008	完美神恩鞋+8	108	5	10	3	4032000	121	光明神赐予大魔导师的鞋子	18000	170	39000	470	1	3	69	98	30	-300	0	23	32	2	0	0	10	2	0	0	10	310	450
1131031009	完美神恩鞋+9	108	5	10	3	4032000	121	光明神赐予大魔导师的鞋子	19000	270	39000	470	1	3	73	102	31	-300	0	24	34	2	0	0	10	2	0	0	10	315	450
1131031010	完美神恩鞋+10	108	6	10	3	4032000	121	光明神赐予大魔导师的鞋子	0	370	39000	470	1	3	77	106	32	-300	0	25	35	2	0	0	10	2	0	0	10	320	450
1131041000	神品神恩鞋	108	0	10	4	6720000	202	光明神赐予大魔导师的鞋子	10000	0	0	784	1	3	37	66	22	-300	0	12	22	2	10	10	10	2	10	10	10	270	450
1131041001	神品神恩鞋+1	108	0	10	4	6720000	202	光明神赐予大魔导师的鞋子	11000	0	0	784	1	3	41	70	23	-300	0	13	23	2	10	10	10	2	10	10	10	275	450
1131041002	神品神恩鞋+2	108	0	10	4	6720000	202	光明神赐予大魔导师的鞋子	12000	0	0	784	1	3	45	74	24	-300	0	15	24	2	10	10	10	2	10	10	10	280	450
1131041003	神品神恩鞋+3	108	4	10	4	6720000	202	光明神赐予大魔导师的鞋子	13000	0	0	784	1	3	49	78	25	-300	0	16	26	2	10	10	10	2	10	10	10	285	450
1131041004	神品神恩鞋+4	108	4	10	4	6720000	202	光明神赐予大魔导师的鞋子	14000	0	0	784	1	3	53	82	26	-300	0	17	27	2	10	10	10	2	10	10	10	290	450
1131041005	神品神恩鞋+5	108	5	10	4	6720000	202	光明神赐予大魔导师的鞋子	15000	0	0	784	1	3	57	86	27	-300	0	19	28	2	10	10	10	2	10	10	10	295	450
1131041006	神品神恩鞋+6	108	5	10	4	6720000	202	光明神赐予大魔导师的鞋子	16000	0	0	784	1	3	61	90	28	-300	0	20	30	2	10	10	10	2	10	10	10	300	450
1131041007	神品神恩鞋+7	108	5	10	4	6720000	202	光明神赐予大魔导师的鞋子	17000	0	0	784	1	3	65	94	29	-300	0	21	31	2	10	10	10	2	10	10	10	305	450
1131041008	神品神恩鞋+8	108	6	10	4	6720000	202	光明神赐予大魔导师的鞋子	18000	0	0	784	1	3	69	98	30	-300	0	23	32	2	10	10	10	2	10	10	10	310	450
1131041009	神品神恩鞋+9	108	6	10	4	6720000	202	光明神赐予大魔导师的鞋子	19000	0	0	784	1	3	73	102	31	-300	0	24	34	2	10	10	10	2	10	10	10	315	450
1131041010	神品神恩鞋+10	108	7	10	4	6720000	202	光明神赐予大魔导师的鞋子	0	0	0	784	1	3	77	106	32	-300	0	25	35	2	10	10	10	2	10	10	10	320	450
1131001100	天光鞋	120	0	11	0	19221	0	反抗世间一切力量的鞋子	15000	0	0	0	1	3	42	80	24	-300	0	0	0	0	0	0	0	0	0	0	0	0	0
1131001101	天光鞋+1	120	0	11	0	19221	0	反抗世间一切力量的鞋子	17000	0	0	0	1	3	47	85	25	-300	0	0	0	0	0	0	0	0	0	0	0	0	0
1131001102	天光鞋+2	120	0	11	0	19221	0	反抗世间一切力量的鞋子	19000	0	0	0	1	3	52	90	26	-300	0	0	0	0	0	0	0	0	0	0	0	0	0
1131001103	天光鞋+3	120	0	11	0	19221	0	反抗世间一切力量的鞋子	21000	5000	35000	0	1	3	57	95	27	-300	0	0	0	0	0	0	0	0	0	0	0	0	0
1131001104	天光鞋+4	120	0	11	0	19221	0	反抗世间一切力量的鞋子	23000	5500	35000	0	1	3	62	100	28	-300	0	0	0	0	0	0	0	0	0	0	0	0	0
1131001105	天光鞋+5	120	0	11	0	19221	0	反抗世间一切力量的鞋子	25000	6000	35000	0	1	3	67	105	29	-300	0	0	0	0	0	0	0	0	0	0	0	0	0
1131001106	天光鞋+6	120	0	11	0	19221	0	反抗世间一切力量的鞋子	27000	6500	35000	0	1	3	72	110	30	-300	0	0	0	0	0	0	0	0	0	0	0	0	0
1131001107	天光鞋+7	120	0	11	0	19221	0	反抗世间一切力量的鞋子	29000	7000	35000	0	1	3	77	115	31	-300	0	0	0	0	0	0	0	0	0	0	0	0	0
1131001108	天光鞋+8	120	0	11	0	19221	0	反抗世间一切力量的鞋子	31000	7500	35000	0	1	3	82	120	32	-300	0	0	0	0	0	0	0	0	0	0	0	0	0
1131001109	天光鞋+9	120	0	11	0	19221	0	反抗世间一切力量的鞋子	33000	8000	35000	0	1	3	87	125	33	-300	0	0	0	0	0	0	0	0	0	0	0	0	0
1131001110	天光鞋+10	120	0	11	0	19221	0	反抗世间一切力量的鞋子	0	8500	35000	0	1	3	92	130	34	-300	0	0	0	0	0	0	0	0	0	0	0	0	0
1131011100	精品天光鞋	120	0	11	1	19221	0	反抗世间一切力量的鞋子	15000	0	0	0	1	3	42	80	24	-300	0	14	26	0	0	0	0	0	0	0	0	0	0
1131011101	精品天光鞋+1	120	0	11	1	19221	0	反抗世间一切力量的鞋子	17000	0	0	0	1	3	47	85	25	-300	0	15	28	0	0	0	0	0	0	0	0	0	0
1131011102	精品天光鞋+2	120	0	11	1	19221	0	反抗世间一切力量的鞋子	19000	0	0	0	1	3	52	90	26	-300	0	17	30	0	0	0	0	0	0	0	0	0	0
1131011103	精品天光鞋+3	120	1	11	1	19221	0	反抗世间一切力量的鞋子	21000	0	0	0	1	3	57	95	27	-300	0	19	31	0	0	0	0	0	0	0	0	0	0
1131011104	精品天光鞋+4	120	1	11	1	19221	0	反抗世间一切力量的鞋子	23000	1000	40000	0	1	3	62	100	28	-300	0	20	33	0	0	0	0	0	0	0	0	0	0
1131011105	精品天光鞋+5	120	2	11	1	19221	0	反抗世间一切力量的鞋子	25000	2000	40000	0	1	3	67	105	29	-300	0	22	35	0	0	0	0	0	0	0	0	0	0
1131011106	精品天光鞋+6	120	2	11	1	19221	0	反抗世间一切力量的鞋子	27000	3000	40000	0	1	3	72	110	30	-300	0	24	36	0	0	0	0	0	0	0	0	0	0
1131011107	精品天光鞋+7	120	2	11	1	19221	0	反抗世间一切力量的鞋子	29000	4000	40000	0	1	3	77	115	31	-300	0	25	38	0	0	0	0	0	0	0	0	0	0
1131011108	精品天光鞋+8	120	3	11	1	19221	0	反抗世间一切力量的鞋子	31000	6000	40000	0	1	3	82	120	32	-300	0	27	40	0	0	0	0	0	0	0	0	0	0
1131011109	精品天光鞋+9	120	3	11	1	19221	0	反抗世间一切力量的鞋子	33000	8000	40000	0	1	3	87	125	33	-300	0	29	41	0	0	0	0	0	0	0	0	0	0
1131011110	精品天光鞋+10	120	4	11	1	19221	0	反抗世间一切力量的鞋子	0	10000	40000	0	1	3	92	130	34	-300	0	30	43	0	0	0	0	0	0	0	0	0	0
1131021100	极品天光鞋	120	0	11	2	19221	0	反抗世间一切力量的鞋子	15000	0	0	0	1	3	42	80	24	-300	0	14	26	2	0	0	0	2	0	0	0	0	0
1131021101	极品天光鞋+1	120	0	11	2	19221	0	反抗世间一切力量的鞋子	17000	0	0	0	1	3	47	85	25	-300	0	15	28	2	0	0	0	2	0	0	0	0	0
1131021102	极品天光鞋+2	120	0	11	2	19221	0	反抗世间一切力量的鞋子	19000	0	0	0	1	3	52	90	26	-300	0	17	30	2	0	0	0	2	0	0	0	0	0
1131021103	极品天光鞋+3	120	2	11	2	19221	0	反抗世间一切力量的鞋子	21000	0	0	0	1	3	57	95	27	-300	0	19	31	2	0	0	0	2	0	0	0	0	0
1131021104	极品天光鞋+4	120	2	11	2	19221	0	反抗世间一切力量的鞋子	23000	0	0	0	1	3	62	100	28	-300	0	20	33	2	0	0	0	2	0	0	0	0	0
1131021105	极品天光鞋+5	120	3	11	2	19221	0	反抗世间一切力量的鞋子	25000	100	50000	0	1	3	67	105	29	-300	0	22	35	2	0	0	0	2	0	0	0	0	0
1131021106	极品天光鞋+6	120	3	11	2	19221	0	反抗世间一切力量的鞋子	27000	300	50000	0	1	3	72	110	30	-300	0	24	36	2	0	0	0	2	0	0	0	0	0
1131021107	极品天光鞋+7	120	3	11	2	19221	0	反抗世间一切力量的鞋子	29000	500	50000	0	1	3	77	115	31	-300	0	25	38	2	0	0	0	2	0	0	0	0	0
1131021108	极品天光鞋+8	120	4	11	2	19221	0	反抗世间一切力量的鞋子	31000	700	50000	0	1	3	82	120	32	-300	0	27	40	2	0	0	0	2	0	0	0	0	0
1131021109	极品天光鞋+9	120	4	11	2	19221	0	反抗世间一切力量的鞋子	33000	900	50000	0	1	3	87	125	33	-300	0	29	41	2	0	0	0	2	0	0	0	0	0
1131021110	极品天光鞋+10	120	5	11	2	19221	0	反抗世间一切力量的鞋子	0	1100	50000	0	1	3	92	130	34	-300	0	30	43	2	0	0	0	2	0	0	0	0	0
1131031100	完美天光鞋	120	0	11	3	5208000	156	反抗世间一切力量的鞋子	15000	0	0	0	1	3	42	80	24	-300	0	14	26	2	0	0	10	2	0	0	10	300	500
1131031101	完美天光鞋+1	120	0	11	3	5208000	156	反抗世间一切力量的鞋子	17000	0	0	0	1	3	47	85	25	-300	0	15	28	2	0	0	10	2	0	0	10	305	500
1131031102	完美天光鞋+2	120	0	11	3	5208000	156	反抗世间一切力量的鞋子	19000	0	0	0	1	3	52	90	26	-300	0	17	30	2	0	0	10	2	0	0	10	310	500
1131031103	完美天光鞋+3	120	3	11	3	5208000	156	反抗世间一切力量的鞋子	21000	0	0	0	1	3	57	95	27	-300	0	19	31	2	0	0	10	2	0	0	10	315	500
1131031104	完美天光鞋+4	120	3	11	3	5208000	156	反抗世间一切力量的鞋子	23000	0	0	0	1	3	62	100	28	-300	0	20	33	2	0	0	10	2	0	0	10	320	500
1131031105	完美天光鞋+5	120	4	11	3	5208000	156	反抗世间一切力量的鞋子	25000	0	0	0	1	3	67	105	29	-300	0	22	35	2	0	0	10	2	0	0	10	325	500
1131031106	完美天光鞋+6	120	4	11	3	5208000	156	反抗世间一切力量的鞋子	27000	0	0	0	1	3	72	110	30	-300	0	24	36	2	0	0	10	2	0	0	10	330	500
1131031107	完美天光鞋+7	120	4	11	3	5208000	156	反抗世间一切力量的鞋子	29000	70	60000	0	1	3	77	115	31	-300	0	25	38	2	0	0	10	2	0	0	10	335	500
1131031108	完美天光鞋+8	120	5	11	3	5208000	156	反抗世间一切力量的鞋子	31000	170	60000	0	1	3	82	120	32	-300	0	27	40	2	0	0	10	2	0	0	10	340	500
1131031109	完美天光鞋+9	120	5	11	3	5208000	156	反抗世间一切力量的鞋子	33000	270	60000	0	1	3	87	125	33	-300	0	29	41	2	0	0	10	2	0	0	10	345	500
1131031110	完美天光鞋+10	120	6	11	3	5208000	156	反抗世间一切力量的鞋子	0	370	60000	0	1	3	92	130	34	-300	0	30	43	2	0	0	10	2	0	0	10	350	500
1131041100	神品天光鞋	120	0	11	4	8680000	260	反抗世间一切力量的鞋子	15000	0	0	0	1	3	42	80	24	-300	0	14	26	2	10	10	10	2	10	10	10	300	500
1131041101	神品天光鞋+1	120	0	11	4	8680000	260	反抗世间一切力量的鞋子	17000	0	0	0	1	3	47	85	25	-300	0	15	28	2	10	10	10	2	10	10	10	305	500
1131041102	神品天光鞋+2	120	0	11	4	8680000	260	反抗世间一切力量的鞋子	19000	0	0	0	1	3	52	90	26	-300	0	17	30	2	10	10	10	2	10	10	10	310	500
1131041103	神品天光鞋+3	120	4	11	4	8680000	260	反抗世间一切力量的鞋子	21000	0	0	0	1	3	57	95	27	-300	0	19	31	2	10	10	10	2	10	10	10	315	500
1131041104	神品天光鞋+4	120	4	11	4	8680000	260	反抗世间一切力量的鞋子	23000	0	0	0	1	3	62	100	28	-300	0	20	33	2	10	10	10	2	10	10	10	320	500
1131041105	神品天光鞋+5	120	5	11	4	8680000	260	反抗世间一切力量的鞋子	25000	0	0	0	1	3	67	105	29	-300	0	22	35	2	10	10	10	2	10	10	10	325	500
1131041106	神品天光鞋+6	120	5	11	4	8680000	260	反抗世间一切力量的鞋子	27000	0	0	0	1	3	72	110	30	-300	0	24	36	2	10	10	10	2	10	10	10	330	500
1131041107	神品天光鞋+7	120	5	11	4	8680000	260	反抗世间一切力量的鞋子	29000	0	0	0	1	3	77	115	31	-300	0	25	38	2	10	10	10	2	10	10	10	335	500
1131041108	神品天光鞋+8	120	6	11	4	8680000	260	反抗世间一切力量的鞋子	31000	0	0	0	1	3	82	120	32	-300	0	27	40	2	10	10	10	2	10	10	10	340	500
1131041109	神品天光鞋+9	120	6	11	4	8680000	260	反抗世间一切力量的鞋子	33000	0	0	0	1	3	87	125	33	-300	0	29	41	2	10	10	10	2	10	10	10	345	500
1131041110	神品天光鞋+10	120	7	11	4	8680000	260	反抗世间一切力量的鞋子	0	0	0	0	1	3	92	130	34	-300	0	30	43	2	10	10	10	2	10	10	10	350	500
1131031200	超级新手鞋	0	0	4	3	770000	58	为新手准备的超级装备	1200	0	0	0	1	3	11	17	6	-300	0	3	5	2	0	0	10	2	0	0	10	90	150
1131031201	超级新手鞋+1	0	0	4	3	770000	58	为新手准备的超级装备	1300	0	0	0	1	3	14	20	7	-300	0	4	6	2	0	0	10	2	0	0	10	95	150
1131031202	超级新手鞋+2	0	0	4	3	770000	58	为新手准备的超级装备	1400	0	0	0	1	3	17	23	8	-300	0	5	7	2	0	0	10	2	0	0	10	100	150
1131031203	超级新手鞋+3	0	5	4	3	770000	58	为新手准备的超级装备	1500	0	0	0	1	3	20	26	9	-300	0	6	8	2	0	0	10	2	0	0	10	105	150
1131031204	超级新手鞋+4	0	5	4	3	770000	58	为新手准备的超级装备	1600	0	0	0	1	3	23	29	10	-300	0	7	9	2	0	0	10	2	0	0	10	110	150
1131031205	超级新手鞋+5	0	6	4	3	770000	58	为新手准备的超级装备	1700	0	0	0	1	3	26	32	11	-300	0	8	10	2	0	0	10	2	0	0	10	115	150
1131031206	超级新手鞋+6	0	6	4	3	770000	58	为新手准备的超级装备	1800	0	0	0	1	3	29	35	12	-300	0	9	11	2	0	0	10	2	0	0	10	120	150
1131031207	超级新手鞋+7	0	6	4	3	770000	58	为新手准备的超级装备	1900	0	0	0	1	3	32	38	13	-300	0	10	12	2	0	0	10	2	0	0	10	125	150
1131031208	超级新手鞋+8	0	7	4	3	770000	58	为新手准备的超级装备	2000	0	0	0	1	3	35	41	14	-300	0	11	13	2	0	0	10	2	0	0	10	130	150
1131031209	超级新手鞋+9	0	7	4	3	770000	58	为新手准备的超级装备	2100	0	0	0	1	3	38	44	15	-300	0	12	14	2	0	0	10	2	0	0	10	135	150
1131031210	超级新手鞋+10	0	8	4	3	770000	58	为新手准备的超级装备	0	0	0	0	1	3	41	47	16	-300	0	13	15	2	0	0	10	2	0	0	10	140	150
1131031300	超级小强鞋	36	0	7	3	6160000	462	为小强准备的超级装备	3000	0	0	0	1	3	23	38	15	-300	0	7	12	2	0	0	10	2	0	0	10	180	300
1131031301	超级小强鞋+1	36	0	7	3	6160000	462	为小强准备的超级装备	3500	0	0	0	1	3	27	42	16	-300	0	9	14	2	0	0	10	2	0	0	10	185	300
1131031302	超级小强鞋+2	36	0	7	3	6160000	462	为小强准备的超级装备	4000	0	0	0	1	3	31	46	17	-300	0	10	15	2	0	0	10	2	0	0	10	190	300
1131031303	超级小强鞋+3	36	5	7	3	6160000	462	为小强准备的超级装备	4500	0	0	0	1	3	35	50	18	-300	0	11	16	2	0	0	10	2	0	0	10	195	300
1131031304	超级小强鞋+4	36	5	7	3	6160000	462	为小强准备的超级装备	5000	0	0	0	1	3	39	54	19	-300	0	13	18	2	0	0	10	2	0	0	10	200	300
1131031305	超级小强鞋+5	36	6	7	3	6160000	462	为小强准备的超级装备	5500	0	0	0	1	3	43	58	20	-300	0	14	19	2	0	0	10	2	0	0	10	205	300
1131031306	超级小强鞋+6	36	6	7	3	6160000	462	为小强准备的超级装备	6000	0	0	0	1	3	47	62	21	-300	0	15	20	2	0	0	10	2	0	0	10	210	300
1131031307	超级小强鞋+7	36	6	7	3	6160000	462	为小强准备的超级装备	6500	0	0	0	1	3	51	66	22	-300	0	17	22	2	0	0	10	2	0	0	10	215	300
1131031308	超级小强鞋+8	36	7	7	3	6160000	462	为小强准备的超级装备	7000	0	0	0	1	3	55	70	23	-300	0	18	23	2	0	0	10	2	0	0	10	220	300
1131031309	超级小强鞋+9	36	7	7	3	6160000	462	为小强准备的超级装备	7500	0	0	0	1	3	59	74	24	-300	0	19	24	2	0	0	10	2	0	0	10	225	300
1131031310	超级小强鞋+10	36	8	7	3	6160000	462	为小强准备的超级装备	0	0	0	0	1	3	63	78	25	-300	0	21	26	2	0	0	10	2	0	0	10	230	300
1131031400	超级专业鞋	60	0	10	3	22000000	1650	为专业人士准备的超级装备	10000	0	0	0	1	3	37	66	22	-300	0	12	22	2	0	0	10	2	0	0	10	270	450
1131031401	超级专业鞋+1	60	0	10	3	22000000	1650	为专业人士准备的超级装备	11000	0	0	0	1	3	41	70	23	-300	0	13	23	2	0	0	10	2	0	0	10	275	450
1131031402	超级专业鞋+2	60	0	10	3	22000000	1650	为专业人士准备的超级装备	12000	0	0	0	1	3	45	74	24	-300	0	15	24	2	0	0	10	2	0	0	10	280	450
1131031403	超级专业鞋+3	60	5	10	3	22000000	1650	为专业人士准备的超级装备	13000	0	0	0	1	3	49	78	25	-300	0	16	26	2	0	0	10	2	0	0	10	285	450
1131031404	超级专业鞋+4	60	5	10	3	22000000	1650	为专业人士准备的超级装备	14000	0	0	0	1	3	53	82	26	-300	0	17	27	2	0	0	10	2	0	0	10	290	450
1131031405	超级专业鞋+5	60	6	10	3	22000000	1650	为专业人士准备的超级装备	15000	0	0	0	1	3	57	86	27	-300	0	19	28	2	0	0	10	2	0	0	10	295	450
1131031406	超级专业鞋+6	60	6	10	3	22000000	1650	为专业人士准备的超级装备	16000	0	0	0	1	3	61	90	28	-300	0	20	30	2	0	0	10	2	0	0	10	300	450
1131031407	超级专业鞋+7	60	6	10	3	22000000	1650	为专业人士准备的超级装备	17000	0	0	0	1	3	65	94	29	-300	0	21	31	2	0	0	10	2	0	0	10	305	450
1131031408	超级专业鞋+8	60	7	10	3	22000000	1650	为专业人士准备的超级装备	18000	0	0	0	1	3	69	98	30	-300	0	23	32	2	0	0	10	2	0	0	10	310	450
1131031409	超级专业鞋+9	60	7	10	3	22000000	1650	为专业人士准备的超级装备	19000	0	0	0	1	3	73	102	31	-300	0	24	34	2	0	0	10	2	0	0	10	315	450
1131031410	超级专业鞋+10	60	8	10	3	22000000	1650	为专业人士准备的超级装备	0	0	0	0	1	3	77	106	32	-300	0	25	35	2	0	0	10	2	0	0	10	320	450
1131031500	超级噬魂鞋	96	0	11	3	42000000	3150	恶魔的贡品	20000	0	0	0	1	3	53	94	29	-300	0	17	31	2	0	0	10	2	0	0	10	360	600
1131031501	超级噬魂鞋+1	96	0	11	3	42000000	3150	恶魔的贡品	21000	0	0	0	1	3	57	98	30	-300	0	19	33	2	0	0	10	2	0	0	10	365	600
1131031502	超级噬魂鞋+2	96	0	11	3	42000000	3150	恶魔的贡品	22000	0	0	0	1	3	61	102	31	-300	0	21	35	2	0	0	10	2	0	0	10	370	600
1131031503	超级噬魂鞋+3	96	5	11	3	42000000	3150	恶魔的贡品	23000	0	0	0	1	3	65	106	32	-300	0	23	37	2	0	0	10	2	0	0	10	375	600
1131031504	超级噬魂鞋+4	96	5	11	3	42000000	3150	恶魔的贡品	24000	0	0	0	1	3	69	110	33	-300	0	25	39	2	0	0	10	2	0	0	10	380	600
1131031505	超级噬魂鞋+5	96	6	11	3	42000000	3150	恶魔的贡品	25000	0	0	0	1	3	73	114	34	-300	0	27	41	2	0	0	10	2	0	0	10	385	600
1131031506	超级噬魂鞋+6	96	6	11	3	42000000	3150	恶魔的贡品	26000	0	0	0	1	3	77	118	35	-300	0	29	43	2	0	0	10	2	0	0	10	390	600
1131031507	超级噬魂鞋+7	96	6	11	3	42000000	3150	恶魔的贡品	27000	0	0	0	1	3	81	122	36	-300	0	31	45	2	0	0	10	2	0	0	10	395	600
1131031508	超级噬魂鞋+8	96	7	11	3	42000000	3150	恶魔的贡品	28000	0	0	0	1	3	85	126	37	-300	0	33	47	2	0	0	10	2	0	0	10	400	600
1131031509	超级噬魂鞋+9	96	7	11	3	42000000	3150	恶魔的贡品	29000	0	0	0	1	3	89	130	38	-300	0	35	49	2	0	0	10	2	0	0	10	405	600
1131031510	超级噬魂鞋+10	96	8	11	3	42000000	3150	恶魔的贡品	0	0	0	0	1	3	93	134	39	-300	0	37	51	2	0	0	10	2	0	0	10	410	600
1131031600	超级化神鞋	120	0	12	3	60000000	4500	上帝的恩赐	30000	0	0	0	1	3	69	122	36	-300	0	25	45	2	0	0	10	2	0	0	10	450	750
1131031601	超级化神鞋+1	120	0	12	3	60000000	4500	上帝的恩赐	30000	0	0	0	1	3	71	124	37	-300	0	27	47	2	0	0	10	2	0	0	10	455	750
1131031602	超级化神鞋+2	120	0	12	3	60000000	4500	上帝的恩赐	30000	0	0	0	1	3	73	126	38	-300	0	29	49	2	0	0	10	2	0	0	10	460	750
1131031603	超级化神鞋+3	120	5	12	3	60000000	4500	上帝的恩赐	30000	0	0	0	1	3	75	128	39	-300	0	31	51	2	0	0	10	2	0	0	10	465	750
1131031604	超级化神鞋+4	120	5	12	3	60000000	4500	上帝的恩赐	30000	0	0	0	1	3	77	130	40	-300	0	33	53	2	0	0	10	2	0	0	10	470	750
1131031605	超级化神鞋+5	120	6	12	3	60000000	4500	上帝的恩赐	30000	0	0	0	1	3	79	132	41	-300	0	35	55	2	0	0	10	2	0	0	10	475	750
1131031606	超级化神鞋+6	120	6	12	3	60000000	4500	上帝的恩赐	30000	0	0	0	1	3	81	134	42	-300	0	37	57	2	0	0	10	2	0	0	10	480	750
1131031607	超级化神鞋+7	120	6	12	3	60000000	4500	上帝的恩赐	30000	0	0	0	1	3	83	136	43	-300	0	39	59	2	0	0	10	2	0	0	10	485	750
1131031608	超级化神鞋+8	120	7	12	3	60000000	4500	上帝的恩赐	30000	0	0	0	1	3	85	138	44	-300	0	41	61	2	0	0	10	2	0	0	10	490	750
1131031609	超级化神鞋+9	120	7	12	3	60000000	4500	上帝的恩赐	30000	0	0	0	1	3	87	140	45	-300	0	43	63	2	0	0	10	2	0	0	10	495	750
1131031610	超级化神鞋+10	120	8	12	3	60000000	4500	上帝的恩赐	0	0	0	0	1	3	89	142	46	-300	0	45	65	2	0	0	10	2	0	0	10	500	750
