编号	名字	等级需求	图标	光影等级	套装样式	品质	金币	元宝	描述	升等费用	精炼几率	精炼费用	升级费用	种族要求	装备类型	物理防御	魔法防御	闪避	移动时间增加	格档	附加物理防御	附加魔法防御	物防加成（等级）	物防加成（强壮）	物防加成（敏捷）	物防加成（智慧）	魔防加成（等级）	魔防加成（强壮）	魔防加成（敏捷）	魔防加成（智慧）	附加生命上限	附加魔法上限
id	name	requiredLevel	icon	haloIndex	appearance	quality	moneyCost	treasureCost	description	increaseCost	refineRate	refineCost	upgradeCost	requiredRace	eType	physicalDefense	magicDefense	evadingAbility	stepTime	withstandingRate	extraPhysicalDefense	extraMagicDefense	pdLevelFactor	pdStrengthFactor	pdDexterityFactor	pdWisdomFactor	mdLevelFactor	mdStrengthFactor	mdDexterityFactor	mdWisdomFactor	lifeRaised	manaRaised
1111000100	粗布袍	0	1	0	0	0	9	0	很普通的布制长袍	0	0	0	0	1	1	2	3	0	0	0	0	0	0	0	0	0	0	0	0	0	0	0
1111000101	粗布袍+1	0	1	0	0	0	9	0	很普通的布制长袍	0	0	0	0	1	1	4	5	0	0	0	0	0	0	0	0	0	0	0	0	0	0	0
1111000102	粗布袍+2	0	1	0	0	0	9	0	很普通的布制长袍	0	0	0	0	1	1	6	7	0	0	0	0	0	0	0	0	0	0	0	0	0	0	0
1111000103	粗布袍+3	0	1	0	0	0	9	0	很普通的布制长袍	0	0	0	0	1	1	8	9	0	0	0	0	0	0	0	0	0	0	0	0	0	0	0
1111000104	粗布袍+4	0	1	0	0	0	9	0	很普通的布制长袍	0	0	0	0	1	1	10	11	0	0	0	0	0	0	0	0	0	0	0	0	0	0	0
1111000105	粗布袍+5	0	1	0	0	0	9	0	很普通的布制长袍	0	0	0	0	1	1	12	13	0	0	0	0	0	0	0	0	0	0	0	0	0	0	0
1111000106	粗布袍+6	0	1	0	0	0	9	0	很普通的布制长袍	0	0	0	0	1	1	14	15	0	0	0	0	0	0	0	0	0	0	0	0	0	0	0
1111000107	粗布袍+7	0	1	0	0	0	9	0	很普通的布制长袍	0	0	0	0	1	1	16	17	0	0	0	0	0	0	0	0	0	0	0	0	0	0	0
1111000108	粗布袍+8	0	1	0	0	0	9	0	很普通的布制长袍	0	0	0	0	1	1	18	19	0	0	0	0	0	0	0	0	0	0	0	0	0	0	0
1111000109	粗布袍+9	0	1	0	0	0	9	0	很普通的布制长袍	0	0	0	0	1	1	20	21	0	0	0	0	0	0	0	0	0	0	0	0	0	0	0
1111000110	粗布袍+10	0	1	0	0	0	9	0	很普通的布制长袍	0	0	0	0	1	1	22	23	0	0	0	0	0	0	0	0	0	0	0	0	0	0	0
1111000200	兽皮袍	12	2	0	0	0	1000	0	动物皮所制成的长袍	500	0	0	0	1	1	12	16	0	0	0	0	0	0	0	0	0	0	0	0	0	0	0
1111000201	兽皮袍+1	12	2	0	0	0	1000	0	动物皮所制成的长袍	600	0	0	0	1	1	14	18	0	0	0	0	0	0	0	0	0	0	0	0	0	0	0
1111000202	兽皮袍+2	12	2	0	0	0	1000	0	动物皮所制成的长袍	700	0	0	0	1	1	16	20	0	0	0	0	0	0	0	0	0	0	0	0	0	0	0
1111000203	兽皮袍+3	12	2	0	0	0	1000	0	动物皮所制成的长袍	800	10000	500	0	1	1	18	22	0	0	0	0	0	0	0	0	0	0	0	0	0	0	0
1111000204	兽皮袍+4	12	2	0	0	0	1000	0	动物皮所制成的长袍	900	10000	500	0	1	1	20	24	0	0	0	0	0	0	0	0	0	0	0	0	0	0	0
1111000205	兽皮袍+5	12	2	0	0	0	1000	0	动物皮所制成的长袍	1000	10000	500	0	1	1	22	26	0	0	0	0	0	0	0	0	0	0	0	0	0	0	0
1111000206	兽皮袍+6	12	2	0	0	0	1000	0	动物皮所制成的长袍	1100	10000	500	0	1	1	24	28	0	0	0	0	0	0	0	0	0	0	0	0	0	0	0
1111000207	兽皮袍+7	12	2	0	0	0	1000	0	动物皮所制成的长袍	1200	10000	500	0	1	1	26	30	0	0	0	0	0	0	0	0	0	0	0	0	0	0	0
1111000208	兽皮袍+8	12	2	0	0	0	1000	0	动物皮所制成的长袍	1300	10000	500	0	1	1	28	32	0	0	0	0	0	0	0	0	0	0	0	0	0	0	0
1111000209	兽皮袍+9	12	2	0	0	0	1000	0	动物皮所制成的长袍	1400	10000	500	0	1	1	30	34	0	0	0	0	0	0	0	0	0	0	0	0	0	0	0
1111000210	兽皮袍+10	12	2	0	0	0	1000	0	动物皮所制成的长袍	0	10000	500	0	1	1	32	36	0	0	0	0	0	0	0	0	0	0	0	0	0	0	0
1111010200	精品兽皮袍	12	2	0	0	1	1000	0	动物皮所制成的长袍	500	0	0	0	1	1	12	16	0	0	0	4	5	0	0	0	0	0	0	0	0	0	0
1111010201	精品兽皮袍+1	12	2	0	0	1	1000	0	动物皮所制成的长袍	600	0	0	0	1	1	14	18	0	0	0	4	6	0	0	0	0	0	0	0	0	0	0
1111010202	精品兽皮袍+2	12	2	0	0	1	1000	0	动物皮所制成的长袍	700	0	0	0	1	1	16	20	0	0	0	5	6	0	0	0	0	0	0	0	0	0	0
1111010203	精品兽皮袍+3	12	2	1	0	1	1000	0	动物皮所制成的长袍	800	0	0	0	1	1	18	22	0	0	0	6	7	0	0	0	0	0	0	0	0	0	0
1111010204	精品兽皮袍+4	12	2	1	0	1	1000	0	动物皮所制成的长袍	900	5000	1000	0	1	1	20	24	0	0	0	6	8	0	0	0	0	0	0	0	0	0	0
1111010205	精品兽皮袍+5	12	2	2	0	1	1000	0	动物皮所制成的长袍	1000	6000	1000	0	1	1	22	26	0	0	0	7	8	0	0	0	0	0	0	0	0	0	0
1111010206	精品兽皮袍+6	12	2	2	0	1	1000	0	动物皮所制成的长袍	1100	7000	1000	0	1	1	24	28	0	0	0	8	9	0	0	0	0	0	0	0	0	0	0
1111010207	精品兽皮袍+7	12	2	2	0	1	1000	0	动物皮所制成的长袍	1200	8000	1000	0	1	1	26	30	0	0	0	8	10	0	0	0	0	0	0	0	0	0	0
1111010208	精品兽皮袍+8	12	2	3	0	1	1000	0	动物皮所制成的长袍	1300	9000	1000	0	1	1	28	32	0	0	0	9	10	0	0	0	0	0	0	0	0	0	0
1111010209	精品兽皮袍+9	12	2	3	0	1	1000	0	动物皮所制成的长袍	1400	10000	1000	0	1	1	30	34	0	0	0	10	11	0	0	0	0	0	0	0	0	0	0
1111010210	精品兽皮袍+10	12	2	4	0	1	1000	0	动物皮所制成的长袍	0	10000	1000	0	1	1	32	36	0	0	0	10	12	0	0	0	0	0	0	0	0	0	0
1111020200	极品兽皮袍	12	2	0	0	2	1000	0	动物皮所制成的长袍	500	0	0	0	1	1	12	16	0	0	0	4	5	2	0	0	0	2	0	0	0	0	0
1111020201	极品兽皮袍+1	12	2	0	0	2	1000	0	动物皮所制成的长袍	600	0	0	0	1	1	14	18	0	0	0	4	6	2	0	0	0	2	0	0	0	0	0
1111020202	极品兽皮袍+2	12	2	0	0	2	1000	0	动物皮所制成的长袍	700	0	0	0	1	1	16	20	0	0	0	5	6	2	0	0	0	2	0	0	0	0	0
1111020203	极品兽皮袍+3	12	2	2	0	2	1000	0	动物皮所制成的长袍	800	0	0	0	1	1	18	22	0	0	0	6	7	2	0	0	0	2	0	0	0	0	0
1111020204	极品兽皮袍+4	12	2	2	0	2	1000	0	动物皮所制成的长袍	900	0	0	0	1	1	20	24	0	0	0	6	8	2	0	0	0	2	0	0	0	0	0
1111020205	极品兽皮袍+5	12	2	3	0	2	1000	0	动物皮所制成的长袍	1000	2500	1500	0	1	1	22	26	0	0	0	7	8	2	0	0	0	2	0	0	0	0	0
1111020206	极品兽皮袍+6	12	2	3	0	2	1000	0	动物皮所制成的长袍	1100	3500	1500	0	1	1	24	28	0	0	0	8	9	2	0	0	0	2	0	0	0	0	0
1111020207	极品兽皮袍+7	12	2	3	0	2	1000	0	动物皮所制成的长袍	1200	4500	1500	0	1	1	26	30	0	0	0	8	10	2	0	0	0	2	0	0	0	0	0
1111020208	极品兽皮袍+8	12	2	4	0	2	1000	0	动物皮所制成的长袍	1300	5500	1500	0	1	1	28	32	0	0	0	9	10	2	0	0	0	2	0	0	0	0	0
1111020209	极品兽皮袍+9	12	2	4	0	2	1000	0	动物皮所制成的长袍	1400	7000	1500	0	1	1	30	34	0	0	0	10	11	2	0	0	0	2	0	0	0	0	0
1111020210	极品兽皮袍+10	12	2	5	0	2	1000	0	动物皮所制成的长袍	0	10000	1500	0	1	1	32	36	0	0	0	10	12	2	0	0	0	2	0	0	0	0	0
1111030200	完美兽皮袍	12	2	0	0	3	120000	24	动物皮所制成的长袍	500	0	0	48	1	1	12	16	0	0	0	4	5	2	0	0	10	2	0	0	10	60	100
1111030201	完美兽皮袍+1	12	2	0	0	3	120000	24	动物皮所制成的长袍	600	0	0	48	1	1	14	18	0	0	0	4	6	2	0	0	10	2	0	0	10	65	100
1111030202	完美兽皮袍+2	12	2	0	0	3	120000	24	动物皮所制成的长袍	700	0	0	48	1	1	16	20	0	0	0	5	6	2	0	0	10	2	0	0	10	70	100
1111030203	完美兽皮袍+3	12	2	3	0	3	120000	24	动物皮所制成的长袍	800	0	0	48	1	1	18	22	0	0	0	6	7	2	0	0	10	2	0	0	10	75	100
1111030204	完美兽皮袍+4	12	2	3	0	3	120000	24	动物皮所制成的长袍	900	0	0	48	1	1	20	24	0	0	0	6	8	2	0	0	10	2	0	0	10	80	100
1111030205	完美兽皮袍+5	12	2	4	0	3	120000	24	动物皮所制成的长袍	1000	0	0	48	1	1	22	26	0	0	0	7	8	2	0	0	10	2	0	0	10	85	100
1111030206	完美兽皮袍+6	12	2	4	0	3	120000	24	动物皮所制成的长袍	1100	0	0	48	1	1	24	28	0	0	0	8	9	2	0	0	10	2	0	0	10	90	100
1111030207	完美兽皮袍+7	12	2	4	0	3	120000	24	动物皮所制成的长袍	1200	1000	2000	48	1	1	26	30	0	0	0	8	10	2	0	0	10	2	0	0	10	95	100
1111030208	完美兽皮袍+8	12	2	5	0	3	120000	24	动物皮所制成的长袍	1300	1100	2000	48	1	1	28	32	0	0	0	9	10	2	0	0	10	2	0	0	10	100	100
1111030209	完美兽皮袍+9	12	2	5	0	3	120000	24	动物皮所制成的长袍	1400	1200	2000	48	1	1	30	34	0	0	0	10	11	2	0	0	10	2	0	0	10	105	100
1111030210	完美兽皮袍+10	12	2	6	0	3	120000	24	动物皮所制成的长袍	0	1300	2000	48	1	1	32	36	0	0	0	10	12	2	0	0	10	2	0	0	10	110	100
1111040200	神品兽皮袍	12	2	0	0	4	200000	40	动物皮所制成的长袍	500	0	0	80	1	1	12	16	0	0	0	4	5	2	10	10	10	2	10	10	10	60	100
1111040201	神品兽皮袍+1	12	2	0	0	4	200000	40	动物皮所制成的长袍	600	0	0	80	1	1	14	18	0	0	0	4	6	2	10	10	10	2	10	10	10	65	100
1111040202	神品兽皮袍+2	12	2	0	0	4	200000	40	动物皮所制成的长袍	700	0	0	80	1	1	16	20	0	0	0	5	6	2	10	10	10	2	10	10	10	70	100
1111040203	神品兽皮袍+3	12	2	4	0	4	200000	40	动物皮所制成的长袍	800	0	0	80	1	1	18	22	0	0	0	6	7	2	10	10	10	2	10	10	10	75	100
1111040204	神品兽皮袍+4	12	2	4	0	4	200000	40	动物皮所制成的长袍	900	0	0	80	1	1	20	24	0	0	0	6	8	2	10	10	10	2	10	10	10	80	100
1111040205	神品兽皮袍+5	12	2	5	0	4	200000	40	动物皮所制成的长袍	1000	0	0	80	1	1	22	26	0	0	0	7	8	2	10	10	10	2	10	10	10	85	100
1111040206	神品兽皮袍+6	12	2	5	0	4	200000	40	动物皮所制成的长袍	1100	0	0	80	1	1	24	28	0	0	0	8	9	2	10	10	10	2	10	10	10	90	100
1111040207	神品兽皮袍+7	12	2	5	0	4	200000	40	动物皮所制成的长袍	1200	0	0	80	1	1	26	30	0	0	0	8	10	2	10	10	10	2	10	10	10	95	100
1111040208	神品兽皮袍+8	12	2	6	0	4	200000	40	动物皮所制成的长袍	1300	0	0	80	1	1	28	32	0	0	0	9	10	2	10	10	10	2	10	10	10	100	100
1111040209	神品兽皮袍+9	12	2	6	0	4	200000	40	动物皮所制成的长袍	1400	0	0	80	1	1	30	34	0	0	0	10	11	2	10	10	10	2	10	10	10	105	100
1111040210	神品兽皮袍+10	12	2	7	0	4	200000	40	动物皮所制成的长袍	0	0	0	80	1	1	32	36	0	0	0	10	12	2	10	10	10	2	10	10	10	110	100
1111000300	密法法袍	24	3	0	0	0	1500	0	具有神秘特性的法袍	800	0	0	0	1	1	23	31	0	0	0	0	0	0	0	0	0	0	0	0	0	0	0
1111000301	密法法袍+1	24	3	0	0	0	1500	0	具有神秘特性的法袍	900	0	0	0	1	1	26	34	0	0	0	0	0	0	0	0	0	0	0	0	0	0	0
1111000302	密法法袍+2	24	3	0	0	0	1500	0	具有神秘特性的法袍	1000	0	0	0	1	1	29	37	0	0	0	0	0	0	0	0	0	0	0	0	0	0	0
1111000303	密法法袍+3	24	3	0	0	0	1500	0	具有神秘特性的法袍	1100	10000	1500	0	1	1	32	40	0	0	0	0	0	0	0	0	0	0	0	0	0	0	0
1111000304	密法法袍+4	24	3	0	0	0	1500	0	具有神秘特性的法袍	1200	10000	1500	0	1	1	35	43	0	0	0	0	0	0	0	0	0	0	0	0	0	0	0
1111000305	密法法袍+5	24	3	0	0	0	1500	0	具有神秘特性的法袍	1300	10000	1500	0	1	1	38	46	0	0	0	0	0	0	0	0	0	0	0	0	0	0	0
1111000306	密法法袍+6	24	3	0	0	0	1500	0	具有神秘特性的法袍	1400	10000	1500	0	1	1	41	49	0	0	0	0	0	0	0	0	0	0	0	0	0	0	0
1111000307	密法法袍+7	24	3	0	0	0	1500	0	具有神秘特性的法袍	1500	10000	1500	0	1	1	44	52	0	0	0	0	0	0	0	0	0	0	0	0	0	0	0
1111000308	密法法袍+8	24	3	0	0	0	1500	0	具有神秘特性的法袍	1600	10000	1500	0	1	1	47	55	0	0	0	0	0	0	0	0	0	0	0	0	0	0	0
1111000309	密法法袍+9	24	3	0	0	0	1500	0	具有神秘特性的法袍	1700	10000	1500	0	1	1	50	58	0	0	0	0	0	0	0	0	0	0	0	0	0	0	0
1111000310	密法法袍+10	24	3	0	0	0	1500	0	具有神秘特性的法袍	0	10000	1500	0	1	1	53	61	0	0	0	0	0	0	0	0	0	0	0	0	0	0	0
1111010300	精品密法法袍	24	3	0	0	1	1500	0	具有神秘特性的法袍	800	0	0	0	1	1	23	31	0	0	0	7	10	0	0	0	0	0	0	0	0	0	0
1111010301	精品密法法袍+1	24	3	0	0	1	1500	0	具有神秘特性的法袍	900	0	0	0	1	1	26	34	0	0	0	8	11	0	0	0	0	0	0	0	0	0	0
1111010302	精品密法法袍+2	24	3	0	0	1	1500	0	具有神秘特性的法袍	1000	0	0	0	1	1	29	37	0	0	0	9	12	0	0	0	0	0	0	0	0	0	0
1111010303	精品密法法袍+3	24	3	1	0	1	1500	0	具有神秘特性的法袍	1100	0	0	0	1	1	32	40	0	0	0	10	13	0	0	0	0	0	0	0	0	0	0
1111010304	精品密法法袍+4	24	3	1	0	1	1500	0	具有神秘特性的法袍	1200	5000	2000	0	1	1	35	43	0	0	0	11	14	0	0	0	0	0	0	0	0	0	0
1111010305	精品密法法袍+5	24	3	2	0	1	1500	0	具有神秘特性的法袍	1300	6000	2000	0	1	1	38	46	0	0	0	12	15	0	0	0	0	0	0	0	0	0	0
1111010306	精品密法法袍+6	24	3	2	0	1	1500	0	具有神秘特性的法袍	1400	7000	2000	0	1	1	41	49	0	0	0	13	16	0	0	0	0	0	0	0	0	0	0
1111010307	精品密法法袍+7	24	3	2	0	1	1500	0	具有神秘特性的法袍	1500	8000	2000	0	1	1	44	52	0	0	0	14	17	0	0	0	0	0	0	0	0	0	0
1111010308	精品密法法袍+8	24	3	3	0	1	1500	0	具有神秘特性的法袍	1600	9000	2000	0	1	1	47	55	0	0	0	15	18	0	0	0	0	0	0	0	0	0	0
1111010309	精品密法法袍+9	24	3	3	0	1	1500	0	具有神秘特性的法袍	1700	10000	2000	0	1	1	50	58	0	0	0	16	19	0	0	0	0	0	0	0	0	0	0
1111010310	精品密法法袍+10	24	3	4	0	1	1500	0	具有神秘特性的法袍	0	10000	2000	0	1	1	53	61	0	0	0	17	20	0	0	0	0	0	0	0	0	0	0
1111020300	极品秘法法袍	24	3	0	0	2	1500	0	具有神秘特性的法袍	800	0	0	0	1	1	23	31	0	0	0	7	10	2	0	0	0	2	0	0	0	0	0
1111020301	极品秘法法袍+1	24	3	0	0	2	1500	0	具有神秘特性的法袍	900	0	0	0	1	1	26	34	0	0	0	8	11	2	0	0	0	2	0	0	0	0	0
1111020302	极品秘法法袍+2	24	3	0	0	2	1500	0	具有神秘特性的法袍	1000	0	0	0	1	1	29	37	0	0	0	9	12	2	0	0	0	2	0	0	0	0	0
1111020303	极品秘法法袍+3	24	3	2	0	2	1500	0	具有神秘特性的法袍	1100	0	0	0	1	1	32	40	0	0	0	10	13	2	0	0	0	2	0	0	0	0	0
1111020304	极品秘法法袍+4	24	3	2	0	2	1500	0	具有神秘特性的法袍	1200	0	0	0	1	1	35	43	0	0	0	11	14	2	0	0	0	2	0	0	0	0	0
1111020305	极品秘法法袍+5	24	3	3	0	2	1500	0	具有神秘特性的法袍	1300	2500	2500	0	1	1	38	46	0	0	0	12	15	2	0	0	0	2	0	0	0	0	0
1111020306	极品秘法法袍+6	24	3	3	0	2	1500	0	具有神秘特性的法袍	1400	3500	2500	0	1	1	41	49	0	0	0	13	16	2	0	0	0	2	0	0	0	0	0
1111020307	极品秘法法袍+7	24	3	3	0	2	1500	0	具有神秘特性的法袍	1500	4500	2500	0	1	1	44	52	0	0	0	14	17	2	0	0	0	2	0	0	0	0	0
1111020308	极品秘法法袍+8	24	3	4	0	2	1500	0	具有神秘特性的法袍	1600	5500	2500	0	1	1	47	55	0	0	0	15	18	2	0	0	0	2	0	0	0	0	0
1111020309	极品秘法法袍+9	24	3	4	0	2	1500	0	具有神秘特性的法袍	1700	7000	2500	0	1	1	50	58	0	0	0	16	19	2	0	0	0	2	0	0	0	0	0
1111020310	极品秘法法袍+10	24	3	5	0	2	1500	0	具有神秘特性的法袍	0	10000	2500	0	1	1	53	61	0	0	0	17	20	2	0	0	0	2	0	0	0	0	0
1111030300	完美秘法法袍	24	3	0	0	3	240000	36	具有神秘特性的法袍	800	0	0	144	1	1	23	31	0	0	0	7	10	2	0	0	10	2	0	0	10	90	150
1111030301	完美秘法法袍+1	24	3	0	0	3	240000	36	具有神秘特性的法袍	900	0	0	144	1	1	26	34	0	0	0	8	11	2	0	0	10	2	0	0	10	95	150
1111030302	完美秘法法袍+2	24	3	0	0	3	240000	36	具有神秘特性的法袍	1000	0	0	144	1	1	29	37	0	0	0	9	12	2	0	0	10	2	0	0	10	100	150
1111030303	完美秘法法袍+3	24	3	3	0	3	240000	36	具有神秘特性的法袍	1100	0	0	144	1	1	32	40	0	0	0	10	13	2	0	0	10	2	0	0	10	105	150
1111030304	完美秘法法袍+4	24	3	3	0	3	240000	36	具有神秘特性的法袍	1200	0	0	144	1	1	35	43	0	0	0	11	14	2	0	0	10	2	0	0	10	110	150
1111030305	完美秘法法袍+5	24	3	4	0	3	240000	36	具有神秘特性的法袍	1300	0	0	144	1	1	38	46	0	0	0	12	15	2	0	0	10	2	0	0	10	115	150
1111030306	完美秘法法袍+6	24	3	4	0	3	240000	36	具有神秘特性的法袍	1400	0	0	144	1	1	41	49	0	0	0	13	16	2	0	0	10	2	0	0	10	120	150
1111030307	完美秘法法袍+7	24	3	4	0	3	240000	36	具有神秘特性的法袍	1500	1000	3000	144	1	1	44	52	0	0	0	14	17	2	0	0	10	2	0	0	10	125	150
1111030308	完美秘法法袍+8	24	3	5	0	3	240000	36	具有神秘特性的法袍	1600	2000	3000	144	1	1	47	55	0	0	0	15	18	2	0	0	10	2	0	0	10	130	150
1111030309	完美秘法法袍+9	24	3	5	0	3	240000	36	具有神秘特性的法袍	1700	3000	3000	144	1	1	50	58	0	0	0	16	19	2	0	0	10	2	0	0	10	135	150
1111030310	完美秘法法袍+10	24	3	6	0	3	240000	36	具有神秘特性的法袍	0	4000	3000	144	1	1	53	61	0	0	0	17	20	2	0	0	10	2	0	0	10	140	150
1111040300	神品秘法法袍	24	3	0	0	4	400000	60	具有神秘特性的法袍	800	0	0	240	1	1	23	31	0	0	0	7	10	2	10	10	10	2	10	10	10	90	150
1111040301	神品秘法法袍+1	24	3	0	0	4	400000	60	具有神秘特性的法袍	900	0	0	240	1	1	26	34	0	0	0	8	11	2	10	10	10	2	10	10	10	95	150
1111040302	神品秘法法袍+2	24	3	0	0	4	400000	60	具有神秘特性的法袍	1000	0	0	240	1	1	29	37	0	0	0	9	12	2	10	10	10	2	10	10	10	100	150
1111040303	神品秘法法袍+3	24	3	4	0	4	400000	60	具有神秘特性的法袍	1100	0	0	240	1	1	32	40	0	0	0	10	13	2	10	10	10	2	10	10	10	105	150
1111040304	神品秘法法袍+4	24	3	4	0	4	400000	60	具有神秘特性的法袍	1200	0	0	240	1	1	35	43	0	0	0	11	14	2	10	10	10	2	10	10	10	110	150
1111040305	神品秘法法袍+5	24	3	5	0	4	400000	60	具有神秘特性的法袍	1300	0	0	240	1	1	38	46	0	0	0	12	15	2	10	10	10	2	10	10	10	115	150
1111040306	神品秘法法袍+6	24	3	5	0	4	400000	60	具有神秘特性的法袍	1400	0	0	240	1	1	41	49	0	0	0	13	16	2	10	10	10	2	10	10	10	120	150
1111040307	神品秘法法袍+7	24	3	5	0	4	400000	60	具有神秘特性的法袍	1500	0	0	240	1	1	44	52	0	0	0	14	17	2	10	10	10	2	10	10	10	125	150
1111040308	神品秘法法袍+8	24	3	6	0	4	400000	60	具有神秘特性的法袍	1600	0	0	240	1	1	47	55	0	0	0	15	18	2	10	10	10	2	10	10	10	130	150
1111040309	神品秘法法袍+9	24	3	6	0	4	400000	60	具有神秘特性的法袍	1700	0	0	240	1	1	50	58	0	0	0	16	19	2	10	10	10	2	10	10	10	135	150
1111040310	神品秘法法袍+10	24	3	7	0	4	400000	60	具有神秘特性的法袍	0	0	0	240	1	1	53	61	0	0	0	17	20	2	10	10	10	2	10	10	10	140	150
1111000400	繁星法袍	36	4	0	1	0	2250	0	镶嵌着颗颗宝石的法袍	1200	0	0	0	1	1	34	51	0	0	0	0	0	0	0	0	0	0	0	0	0	0	0
1111000401	繁星法袍+1	36	4	0	1	0	2250	0	镶嵌着颗颗宝石的法袍	1300	0	0	0	1	1	37	54	0	0	0	0	0	0	0	0	0	0	0	0	0	0	0
1111000402	繁星法袍+2	36	4	0	1	0	2250	0	镶嵌着颗颗宝石的法袍	1400	0	3000	0	1	1	40	57	0	0	0	0	0	0	0	0	0	0	0	0	0	0	0
1111000403	繁星法袍+3	36	4	0	1	0	2250	0	镶嵌着颗颗宝石的法袍	1500	10000	3000	0	1	1	43	60	0	0	0	0	0	0	0	0	0	0	0	0	0	0	0
1111000404	繁星法袍+4	36	4	0	1	0	2250	0	镶嵌着颗颗宝石的法袍	1600	10000	3000	0	1	1	46	63	0	0	0	0	0	0	0	0	0	0	0	0	0	0	0
1111000405	繁星法袍+5	36	4	0	1	0	2250	0	镶嵌着颗颗宝石的法袍	1700	10000	3000	0	1	1	49	66	0	0	0	0	0	0	0	0	0	0	0	0	0	0	0
1111000406	繁星法袍+6	36	4	0	1	0	2250	0	镶嵌着颗颗宝石的法袍	1800	10000	3000	0	1	1	52	69	0	0	0	0	0	0	0	0	0	0	0	0	0	0	0
1111000407	繁星法袍+7	36	4	0	1	0	2250	0	镶嵌着颗颗宝石的法袍	1900	10000	3000	0	1	1	55	72	0	0	0	0	0	0	0	0	0	0	0	0	0	0	0
1111000408	繁星法袍+8	36	4	0	1	0	2250	0	镶嵌着颗颗宝石的法袍	2000	10000	3000	0	1	1	58	75	0	0	0	0	0	0	0	0	0	0	0	0	0	0	0
1111000409	繁星法袍+9	36	4	0	1	0	2250	0	镶嵌着颗颗宝石的法袍	2100	10000	3000	0	1	1	61	78	0	0	0	0	0	0	0	0	0	0	0	0	0	0	0
1111000410	繁星法袍+10	36	4	0	1	0	2250	0	镶嵌着颗颗宝石的法袍	0	10000	3000	0	1	1	64	81	0	0	0	0	0	0	0	0	0	0	0	0	0	0	0
1111010400	精品繁星法袍	36	4	0	1	1	2250	0	镶嵌着颗颗宝石的法袍	1200	0	0	0	1	1	34	51	0	0	0	11	17	0	0	0	0	0	0	0	0	0	0
1111010401	精品繁星法袍+1	36	4	0	1	1	2250	0	镶嵌着颗颗宝石的法袍	1300	0	0	0	1	1	37	54	0	0	0	12	18	0	0	0	0	0	0	0	0	0	0
1111010402	精品繁星法袍+2	36	4	0	1	1	2250	0	镶嵌着颗颗宝石的法袍	1400	0	0	0	1	1	40	57	0	0	0	13	19	0	0	0	0	0	0	0	0	0	0
1111010403	精品繁星法袍+3	36	4	1	1	1	2250	0	镶嵌着颗颗宝石的法袍	1500	0	0	0	1	1	43	60	0	0	0	14	20	0	0	0	0	0	0	0	0	0	0
1111010404	精品繁星法袍+4	36	4	1	1	1	2250	0	镶嵌着颗颗宝石的法袍	1600	5000	4000	0	1	1	46	63	0	0	0	15	21	0	0	0	0	0	0	0	0	0	0
1111010405	精品繁星法袍+5	36	4	2	1	1	2250	0	镶嵌着颗颗宝石的法袍	1700	6000	4000	0	1	1	49	66	0	0	0	16	22	0	0	0	0	0	0	0	0	0	0
1111010406	精品繁星法袍+6	36	4	2	1	1	2250	0	镶嵌着颗颗宝石的法袍	1800	7000	4000	0	1	1	52	69	0	0	0	17	23	0	0	0	0	0	0	0	0	0	0
1111010407	精品繁星法袍+7	36	4	2	1	1	2250	0	镶嵌着颗颗宝石的法袍	1900	8000	4000	0	1	1	55	72	0	0	0	18	24	0	0	0	0	0	0	0	0	0	0
1111010408	精品繁星法袍+8	36	4	3	1	1	2250	0	镶嵌着颗颗宝石的法袍	2000	9000	4000	0	1	1	58	75	0	0	0	19	25	0	0	0	0	0	0	0	0	0	0
1111010409	精品繁星法袍+9	36	4	3	1	1	2250	0	镶嵌着颗颗宝石的法袍	2100	10000	4000	0	1	1	61	78	0	0	0	20	26	0	0	0	0	0	0	0	0	0	0
1111010410	精品繁星法袍+10	36	4	4	1	1	2250	0	镶嵌着颗颗宝石的法袍	0	10000	4000	0	1	1	64	81	0	0	0	21	27	0	0	0	0	0	0	0	0	0	0
1111020400	极品繁星法袍	36	4	0	1	2	2250	0	镶嵌着颗颗宝石的法袍	1200	0	0	0	1	1	34	51	0	0	0	11	17	2	0	0	0	2	0	0	0	0	0
1111020401	极品繁星法袍+1	36	4	0	1	2	2250	0	镶嵌着颗颗宝石的法袍	1300	0	0	0	1	1	37	54	0	0	0	12	18	2	0	0	0	2	0	0	0	0	0
1111020402	极品繁星法袍+2	36	4	0	1	2	2250	0	镶嵌着颗颗宝石的法袍	1400	0	0	0	1	1	40	57	0	0	0	13	19	2	0	0	0	2	0	0	0	0	0
1111020403	极品繁星法袍+3	36	4	2	1	2	2250	0	镶嵌着颗颗宝石的法袍	1500	0	0	0	1	1	43	60	0	0	0	14	20	2	0	0	0	2	0	0	0	0	0
1111020404	极品繁星法袍+4	36	4	2	1	2	2250	0	镶嵌着颗颗宝石的法袍	1600	0	0	0	1	1	46	63	0	0	0	15	21	2	0	0	0	2	0	0	0	0	0
1111020405	极品繁星法袍+5	36	4	3	1	2	2250	0	镶嵌着颗颗宝石的法袍	1700	1000	5000	0	1	1	49	66	0	0	0	16	22	2	0	0	0	2	0	0	0	0	0
1111020406	极品繁星法袍+6	36	4	3	1	2	2250	0	镶嵌着颗颗宝石的法袍	1800	2000	5000	0	1	1	52	69	0	0	0	17	23	2	0	0	0	2	0	0	0	0	0
1111020407	极品繁星法袍+7	36	4	3	1	2	2250	0	镶嵌着颗颗宝石的法袍	1900	3500	5000	0	1	1	55	72	0	0	0	18	24	2	0	0	0	2	0	0	0	0	0
1111020408	极品繁星法袍+8	36	4	4	1	2	2250	0	镶嵌着颗颗宝石的法袍	2000	5000	5000	0	1	1	58	75	0	0	0	19	25	2	0	0	0	2	0	0	0	0	0
1111020409	极品繁星法袍+9	36	4	4	1	2	2250	0	镶嵌着颗颗宝石的法袍	2100	7000	5000	0	1	1	61	78	0	0	0	20	26	2	0	0	0	2	0	0	0	0	0
1111020410	极品繁星法袍+10	36	4	5	1	2	2250	0	镶嵌着颗颗宝石的法袍	0	10000	5000	0	1	1	64	81	0	0	0	21	27	2	0	0	0	2	0	0	0	0	0
1111030400	完美繁星法袍	36	4	0	1	3	600000	45	镶嵌着颗颗宝石的法袍	1200	0	0	144	1	1	34	51	0	0	0	11	17	2	0	0	10	2	0	0	10	120	200
1111030401	完美繁星法袍+1	36	4	0	1	3	600000	45	镶嵌着颗颗宝石的法袍	1300	0	0	144	1	1	37	54	0	0	0	12	18	2	0	0	10	2	0	0	10	125	200
1111030402	完美繁星法袍+2	36	4	0	1	3	600000	45	镶嵌着颗颗宝石的法袍	1400	0	0	144	1	1	40	57	0	0	0	13	19	2	0	0	10	2	0	0	10	130	200
1111030403	完美繁星法袍+3	36	4	3	1	3	600000	45	镶嵌着颗颗宝石的法袍	1500	0	0	144	1	1	43	60	0	0	0	14	20	2	0	0	10	2	0	0	10	135	200
1111030404	完美繁星法袍+4	36	4	3	1	3	600000	45	镶嵌着颗颗宝石的法袍	1600	0	0	144	1	1	46	63	0	0	0	15	21	2	0	0	10	2	0	0	10	140	200
1111030405	完美繁星法袍+5	36	4	4	1	3	600000	45	镶嵌着颗颗宝石的法袍	1700	0	0	144	1	1	49	66	0	0	0	16	22	2	0	0	10	2	0	0	10	145	200
1111030406	完美繁星法袍+6	36	4	4	1	3	600000	45	镶嵌着颗颗宝石的法袍	1800	0	0	144	1	1	52	69	0	0	0	17	23	2	0	0	10	2	0	0	10	150	200
1111030407	完美繁星法袍+7	36	4	4	1	3	600000	45	镶嵌着颗颗宝石的法袍	1900	1000	6000	144	1	1	55	72	0	0	0	18	24	2	0	0	10	2	0	0	10	155	200
1111030408	完美繁星法袍+8	36	4	5	1	3	600000	45	镶嵌着颗颗宝石的法袍	2000	2000	6000	144	1	1	58	75	0	0	0	19	25	2	0	0	10	2	0	0	10	160	200
1111030409	完美繁星法袍+9	36	4	5	1	3	600000	45	镶嵌着颗颗宝石的法袍	2100	3000	6000	144	1	1	61	78	0	0	0	20	26	2	0	0	10	2	0	0	10	165	200
1111030410	完美繁星法袍+10	36	4	6	1	3	600000	45	镶嵌着颗颗宝石的法袍	0	4000	6000	144	1	1	64	81	0	0	0	21	27	2	0	0	10	2	0	0	10	170	200
1111040400	神品繁星法袍	36	4	0	1	4	1000000	75	镶嵌着颗颗宝石的法袍	1200	0	0	240	1	1	34	51	0	0	0	11	17	2	10	10	10	2	10	10	10	120	200
1111040401	神品繁星法袍+1	36	4	0	1	4	1000000	75	镶嵌着颗颗宝石的法袍	1300	0	0	240	1	1	37	54	0	0	0	12	18	2	10	10	10	2	10	10	10	125	200
1111040402	神品繁星法袍+2	36	4	0	1	4	1000000	75	镶嵌着颗颗宝石的法袍	1400	0	0	240	1	1	40	57	0	0	0	13	19	2	10	10	10	2	10	10	10	130	200
1111040403	神品繁星法袍+3	36	4	4	1	4	1000000	75	镶嵌着颗颗宝石的法袍	1500	0	0	240	1	1	43	60	0	0	0	14	20	2	10	10	10	2	10	10	10	135	200
1111040404	神品繁星法袍+4	36	4	4	1	4	1000000	75	镶嵌着颗颗宝石的法袍	1600	0	0	240	1	1	46	63	0	0	0	15	21	2	10	10	10	2	10	10	10	140	200
1111040405	神品繁星法袍+5	36	4	5	1	4	1000000	75	镶嵌着颗颗宝石的法袍	1700	0	0	240	1	1	49	66	0	0	0	16	22	2	10	10	10	2	10	10	10	145	200
1111040406	神品繁星法袍+6	36	4	5	1	4	1000000	75	镶嵌着颗颗宝石的法袍	1800	0	0	240	1	1	52	69	0	0	0	17	23	2	10	10	10	2	10	10	10	150	200
1111040407	神品繁星法袍+7	36	4	5	1	4	1000000	75	镶嵌着颗颗宝石的法袍	1900	0	0	240	1	1	55	72	0	0	0	18	24	2	10	10	10	2	10	10	10	155	200
1111040408	神品繁星法袍+8	36	4	6	1	4	1000000	75	镶嵌着颗颗宝石的法袍	2000	0	0	240	1	1	58	75	0	0	0	19	25	2	10	10	10	2	10	10	10	160	200
1111040409	神品繁星法袍+9	36	4	6	1	4	1000000	75	镶嵌着颗颗宝石的法袍	2100	0	0	240	1	1	61	78	0	0	0	20	26	2	10	10	10	2	10	10	10	165	200
1111040410	神品繁星法袍+10	36	4	7	1	4	1000000	75	镶嵌着颗颗宝石的法袍	0	0	0	240	1	1	64	81	0	0	0	21	27	2	10	10	10	2	10	10	10	170	200
1111000500	暗晶法袍	48	5	0	1	0	2812	0	镶嵌着黑色水晶的法袍	1600	0	0	0	1	1	45	71	0	0	0	0	0	0	0	0	0	0	0	0	0	0	0
1111000501	暗晶法袍+1	48	5	0	1	0	2812	0	镶嵌着黑色水晶的法袍	1800	0	0	0	1	1	48	74	0	0	0	0	0	0	0	0	0	0	0	0	0	0	0
1111000502	暗晶法袍+2	48	5	0	1	0	2812	0	镶嵌着黑色水晶的法袍	2000	0	0	0	1	1	51	77	0	0	0	0	0	0	0	0	0	0	0	0	0	0	0
1111000503	暗晶法袍+3	48	5	0	1	0	2812	0	镶嵌着黑色水晶的法袍	2200	9000	5000	0	1	1	54	80	0	0	0	0	0	0	0	0	0	0	0	0	0	0	0
1111000504	暗晶法袍+4	48	5	0	1	0	2812	0	镶嵌着黑色水晶的法袍	2400	10000	5000	0	1	1	57	83	0	0	0	0	0	0	0	0	0	0	0	0	0	0	0
1111000505	暗晶法袍+5	48	5	0	1	0	2812	0	镶嵌着黑色水晶的法袍	2600	10000	5000	0	1	1	60	86	0	0	0	0	0	0	0	0	0	0	0	0	0	0	0
1111000506	暗晶法袍+6	48	5	0	1	0	2812	0	镶嵌着黑色水晶的法袍	2800	10000	5000	0	1	1	63	89	0	0	0	0	0	0	0	0	0	0	0	0	0	0	0
1111000507	暗晶法袍+7	48	5	0	1	0	2812	0	镶嵌着黑色水晶的法袍	3000	10000	5000	0	1	1	66	92	0	0	0	0	0	0	0	0	0	0	0	0	0	0	0
1111000508	暗晶法袍+8	48	5	0	1	0	2812	0	镶嵌着黑色水晶的法袍	3200	10000	5000	0	1	1	69	95	0	0	0	0	0	0	0	0	0	0	0	0	0	0	0
1111000509	暗晶法袍+9	48	5	0	1	0	2812	0	镶嵌着黑色水晶的法袍	3400	10000	5000	0	1	1	72	98	0	0	0	0	0	0	0	0	0	0	0	0	0	0	0
1111000510	暗晶法袍+10	48	5	0	1	0	2812	0	镶嵌着黑色水晶的法袍	0	10000	5000	0	1	1	75	101	0	0	0	0	0	0	0	0	0	0	0	0	0	0	0
1111010500	精品暗晶法袍	48	5	0	1	1	2812	0	镶嵌着黑色水晶的法袍	1600	0	0	0	1	1	45	71	0	0	0	15	23	0	0	0	0	0	0	0	0	0	0
1111010501	精品暗晶法袍+1	48	5	0	1	1	2812	0	镶嵌着黑色水晶的法袍	1800	0	0	0	1	1	48	74	0	0	0	16	24	0	0	0	0	0	0	0	0	0	0
1111010502	精品暗晶法袍+2	48	5	0	1	1	2812	0	镶嵌着黑色水晶的法袍	2000	0	0	0	1	1	51	77	0	0	0	17	25	0	0	0	0	0	0	0	0	0	0
1111010503	精品暗晶法袍+3	48	5	1	1	1	2812	0	镶嵌着黑色水晶的法袍	2200	0	0	0	1	1	54	80	0	0	0	18	26	0	0	0	0	0	0	0	0	0	0
1111010504	精品暗晶法袍+4	48	5	1	1	1	2812	0	镶嵌着黑色水晶的法袍	2400	1000	6000	0	1	1	57	83	0	0	0	19	27	0	0	0	0	0	0	0	0	0	0
1111010505	精品暗晶法袍+5	48	5	2	1	1	2812	0	镶嵌着黑色水晶的法袍	2600	3000	6000	0	1	1	60	86	0	0	0	20	28	0	0	0	0	0	0	0	0	0	0
1111010506	精品暗晶法袍+6	48	5	2	1	1	2812	0	镶嵌着黑色水晶的法袍	2800	5000	6000	0	1	1	63	89	0	0	0	21	29	0	0	0	0	0	0	0	0	0	0
1111010507	精品暗晶法袍+7	48	5	2	1	1	2812	0	镶嵌着黑色水晶的法袍	3000	7000	6000	0	1	1	66	92	0	0	0	22	30	0	0	0	0	0	0	0	0	0	0
1111010508	精品暗晶法袍+8	48	5	3	1	1	2812	0	镶嵌着黑色水晶的法袍	3200	8000	6000	0	1	1	69	95	0	0	0	23	31	0	0	0	0	0	0	0	0	0	0
1111010509	精品暗晶法袍+9	48	5	3	1	1	2812	0	镶嵌着黑色水晶的法袍	3400	9000	6000	0	1	1	72	98	0	0	0	24	32	0	0	0	0	0	0	0	0	0	0
1111010510	精品暗晶法袍+10	48	5	4	1	1	2812	0	镶嵌着黑色水晶的法袍	0	10000	6000	0	1	1	75	101	0	0	0	25	33	0	0	0	0	0	0	0	0	0	0
1111020500	极品暗晶法袍	48	5	0	1	2	2812	0	镶嵌着黑色水晶的法袍	1600	0	0	0	1	1	45	71	0	0	0	15	23	2	0	0	0	2	0	0	0	0	0
1111020501	极品暗晶法袍+1	48	5	0	1	2	2812	0	镶嵌着黑色水晶的法袍	1800	0	0	0	1	1	48	74	0	0	0	16	24	2	0	0	0	2	0	0	0	0	0
1111020502	极品暗晶法袍+2	48	5	0	1	2	2812	0	镶嵌着黑色水晶的法袍	2000	0	0	0	1	1	51	77	0	0	0	17	25	2	0	0	0	2	0	0	0	0	0
1111020503	极品暗晶法袍+3	48	5	2	1	2	2812	0	镶嵌着黑色水晶的法袍	2200	0	0	0	1	1	54	80	0	0	0	18	26	2	0	0	0	2	0	0	0	0	0
1111020504	极品暗晶法袍+4	48	5	2	1	2	2812	0	镶嵌着黑色水晶的法袍	2400	0	0	0	1	1	57	83	0	0	0	19	27	2	0	0	0	2	0	0	0	0	0
1111020505	极品暗晶法袍+5	48	5	3	1	2	2812	0	镶嵌着黑色水晶的法袍	2600	1000	7000	0	1	1	60	86	0	0	0	20	28	2	0	0	0	2	0	0	0	0	0
1111020506	极品暗晶法袍+6	48	5	3	1	2	2812	0	镶嵌着黑色水晶的法袍	2800	2000	7000	0	1	1	63	89	0	0	0	21	29	2	0	0	0	2	0	0	0	0	0
1111020507	极品暗晶法袍+7	48	5	3	1	2	2812	0	镶嵌着黑色水晶的法袍	3000	3000	7000	0	1	1	66	92	0	0	0	22	30	2	0	0	0	2	0	0	0	0	0
1111020508	极品暗晶法袍+8	48	5	4	1	2	2812	0	镶嵌着黑色水晶的法袍	3200	4000	7000	0	1	1	69	95	0	0	0	23	31	2	0	0	0	2	0	0	0	0	0
1111020509	极品暗晶法袍+9	48	5	4	1	2	2812	0	镶嵌着黑色水晶的法袍	3400	5000	7000	0	1	1	72	98	0	0	0	24	32	2	0	0	0	2	0	0	0	0	0
1111020510	极品暗晶法袍+10	48	5	5	1	2	2812	0	镶嵌着黑色水晶的法袍	0	6000	7000	0	1	1	75	101	0	0	0	25	33	2	0	0	0	2	0	0	0	0	0
1111030500	完美暗晶法袍	48	5	0	1	3	960000	53	镶嵌着黑色水晶的法袍	1600	0	0	192	1	1	45	71	0	0	0	15	23	2	0	0	10	2	0	0	10	150	250
1111030501	完美暗晶法袍+1	48	5	0	1	3	960000	53	镶嵌着黑色水晶的法袍	1800	0	0	192	1	1	48	74	0	0	0	16	24	2	0	0	10	2	0	0	10	155	250
1111030502	完美暗晶法袍+2	48	5	0	1	3	960000	53	镶嵌着黑色水晶的法袍	2000	0	0	192	1	1	51	77	0	0	0	17	25	2	0	0	10	2	0	0	10	160	250
1111030503	完美暗晶法袍+3	48	5	3	1	3	960000	53	镶嵌着黑色水晶的法袍	2200	0	0	192	1	1	54	80	0	0	0	18	26	2	0	0	10	2	0	0	10	165	250
1111030504	完美暗晶法袍+4	48	5	3	1	3	960000	53	镶嵌着黑色水晶的法袍	2400	0	0	192	1	1	57	83	0	0	0	19	27	2	0	0	10	2	0	0	10	170	250
1111030505	完美暗晶法袍+5	48	5	4	1	3	960000	53	镶嵌着黑色水晶的法袍	2600	0	0	192	1	1	60	86	0	0	0	20	28	2	0	0	10	2	0	0	10	175	250
1111030506	完美暗晶法袍+6	48	5	4	1	3	960000	53	镶嵌着黑色水晶的法袍	2800	0	0	192	1	1	63	89	0	0	0	21	29	2	0	0	10	2	0	0	10	180	250
1111030507	完美暗晶法袍+7	48	5	4	1	3	960000	53	镶嵌着黑色水晶的法袍	3000	100	8000	192	1	1	66	92	0	0	0	22	30	2	0	0	10	2	0	0	10	185	250
1111030508	完美暗晶法袍+8	48	5	5	1	3	960000	53	镶嵌着黑色水晶的法袍	3200	600	8000	192	1	1	69	95	0	0	0	23	31	2	0	0	10	2	0	0	10	190	250
1111030509	完美暗晶法袍+9	48	5	5	1	3	960000	53	镶嵌着黑色水晶的法袍	3400	1100	8000	192	1	1	72	98	0	0	0	24	32	2	0	0	10	2	0	0	10	195	250
1111030510	完美暗晶法袍+10	48	5	6	1	3	960000	53	镶嵌着黑色水晶的法袍	0	1600	8000	192	1	1	75	101	0	0	0	25	33	2	0	0	10	2	0	0	10	200	250
1111040500	神品暗晶法袍	48	5	0	1	4	1600000	88	镶嵌着黑色水晶的法袍	1600	0	0	320	1	1	45	71	0	0	0	15	23	2	10	10	10	2	10	10	10	150	250
1111040501	神品暗晶法袍+1	48	5	0	1	4	1600000	88	镶嵌着黑色水晶的法袍	1800	0	0	320	1	1	48	74	0	0	0	16	24	2	10	10	10	2	10	10	10	155	250
1111040502	神品暗晶法袍+2	48	5	0	1	4	1600000	88	镶嵌着黑色水晶的法袍	2000	0	0	320	1	1	51	77	0	0	0	17	25	2	10	10	10	2	10	10	10	160	250
1111040503	神品暗晶法袍+3	48	5	4	1	4	1600000	88	镶嵌着黑色水晶的法袍	2200	0	0	320	1	1	54	80	0	0	0	18	26	2	10	10	10	2	10	10	10	165	250
1111040504	神品暗晶法袍+4	48	5	4	1	4	1600000	88	镶嵌着黑色水晶的法袍	2400	0	0	320	1	1	57	83	0	0	0	19	27	2	10	10	10	2	10	10	10	170	250
1111040505	神品暗晶法袍+5	48	5	5	1	4	1600000	88	镶嵌着黑色水晶的法袍	2600	0	0	320	1	1	60	86	0	0	0	20	28	2	10	10	10	2	10	10	10	175	250
1111040506	神品暗晶法袍+6	48	5	5	1	4	1600000	88	镶嵌着黑色水晶的法袍	2800	0	0	320	1	1	63	89	0	0	0	21	29	2	10	10	10	2	10	10	10	180	250
1111040507	神品暗晶法袍+7	48	5	5	1	4	1600000	88	镶嵌着黑色水晶的法袍	3000	0	0	320	1	1	66	92	0	0	0	22	30	2	10	10	10	2	10	10	10	185	250
1111040508	神品暗晶法袍+8	48	5	6	1	4	1600000	88	镶嵌着黑色水晶的法袍	3200	0	0	320	1	1	69	95	0	0	0	23	31	2	10	10	10	2	10	10	10	190	250
1111040509	神品暗晶法袍+9	48	5	6	1	4	1600000	88	镶嵌着黑色水晶的法袍	3400	0	0	320	1	1	72	98	0	0	0	24	32	2	10	10	10	2	10	10	10	195	250
1111040510	神品暗晶法袍+10	48	5	7	1	4	1600000	88	镶嵌着黑色水晶的法袍	0	0	0	320	1	1	75	101	0	0	0	25	33	2	10	10	10	2	10	10	10	200	250
1111000600	信仰法袍	60	6	0	1	0	4218	0	具有信仰的神奇力量之袍	2200	0	0	0	1	1	57	91	0	0	0	0	0	0	0	0	0	0	0	0	0	0	0
1111000601	信仰法袍+1	60	6	0	1	0	4218	0	具有信仰的神奇力量之袍	2400	0	0	0	1	1	61	95	0	0	0	0	0	0	0	0	0	0	0	0	0	0	0
1111000602	信仰法袍+2	60	6	0	1	0	4218	0	具有信仰的神奇力量之袍	2600	0	0	0	1	1	65	99	0	0	0	0	0	0	0	0	0	0	0	0	0	0	0
1111000603	信仰法袍+3	60	6	0	1	0	4218	0	具有信仰的神奇力量之袍	2800	9000	7000	0	1	1	69	103	0	0	0	0	0	0	0	0	0	0	0	0	0	0	0
1111000604	信仰法袍+4	60	6	0	1	0	4218	0	具有信仰的神奇力量之袍	3000	10000	7000	0	1	1	73	107	0	0	0	0	0	0	0	0	0	0	0	0	0	0	0
1111000605	信仰法袍+5	60	6	0	1	0	4218	0	具有信仰的神奇力量之袍	3200	10000	7000	0	1	1	77	111	0	0	0	0	0	0	0	0	0	0	0	0	0	0	0
1111000606	信仰法袍+6	60	6	0	1	0	4218	0	具有信仰的神奇力量之袍	3400	10000	7000	0	1	1	81	115	0	0	0	0	0	0	0	0	0	0	0	0	0	0	0
1111000607	信仰法袍+7	60	6	0	1	0	4218	0	具有信仰的神奇力量之袍	3600	10000	7000	0	1	1	85	119	0	0	0	0	0	0	0	0	0	0	0	0	0	0	0
1111000608	信仰法袍+8	60	6	0	1	0	4218	0	具有信仰的神奇力量之袍	3800	10000	7000	0	1	1	89	123	0	0	0	0	0	0	0	0	0	0	0	0	0	0	0
1111000609	信仰法袍+9	60	6	0	1	0	4218	0	具有信仰的神奇力量之袍	4000	10000	7000	0	1	1	93	127	0	0	0	0	0	0	0	0	0	0	0	0	0	0	0
1111000610	信仰法袍+10	60	6	0	1	0	4218	0	具有信仰的神奇力量之袍	0	10000	7000	0	1	1	97	131	0	0	0	0	0	0	0	0	0	0	0	0	0	0	0
1111010600	精品信仰法袍	60	6	0	1	1	4218	0	具有信仰的神奇力量之袍	2200	0	0	0	1	1	57	91	0	0	0	19	30	0	0	0	0	0	0	0	0	0	0
1111010601	精品信仰法袍+1	60	6	0	1	1	4218	0	具有信仰的神奇力量之袍	2400	0	0	0	1	1	61	95	0	0	0	20	31	0	0	0	0	0	0	0	0	0	0
1111010602	精品信仰法袍+2	60	6	0	1	1	4218	0	具有信仰的神奇力量之袍	2600	0	0	0	1	1	65	99	0	0	0	21	33	0	0	0	0	0	0	0	0	0	0
1111010603	精品信仰法袍+3	60	6	1	1	1	4218	0	具有信仰的神奇力量之袍	2800	0	0	0	1	1	69	103	0	0	0	23	34	0	0	0	0	0	0	0	0	0	0
1111010604	精品信仰法袍+4	60	6	1	1	1	4218	0	具有信仰的神奇力量之袍	3000	1000	9000	0	1	1	73	107	0	0	0	24	35	0	0	0	0	0	0	0	0	0	0
1111010605	精品信仰法袍+5	60	6	2	1	1	4218	0	具有信仰的神奇力量之袍	3200	3000	9000	0	1	1	77	111	0	0	0	25	37	0	0	0	0	0	0	0	0	0	0
1111010606	精品信仰法袍+6	60	6	2	1	1	4218	0	具有信仰的神奇力量之袍	3400	5000	9000	0	1	1	81	115	0	0	0	27	38	0	0	0	0	0	0	0	0	0	0
1111010607	精品信仰法袍+7	60	6	2	1	1	4218	0	具有信仰的神奇力量之袍	3600	7000	9000	0	1	1	85	119	0	0	0	28	39	0	0	0	0	0	0	0	0	0	0
1111010608	精品信仰法袍+8	60	6	3	1	1	4218	0	具有信仰的神奇力量之袍	3800	8000	9000	0	1	1	89	123	0	0	0	29	41	0	0	0	0	0	0	0	0	0	0
1111010609	精品信仰法袍+9	60	6	3	1	1	4218	0	具有信仰的神奇力量之袍	4000	9000	9000	0	1	1	93	127	0	0	0	31	42	0	0	0	0	0	0	0	0	0	0
1111010610	精品信仰法袍+10	60	6	4	1	1	4218	0	具有信仰的神奇力量之袍	0	10000	9000	0	1	1	97	131	0	0	0	32	43	0	0	0	0	0	0	0	0	0	0
1111020600	极品信仰法袍	60	6	0	1	2	4218	0	具有信仰的神奇力量之袍	2200	0	0	0	1	1	57	91	0	0	0	19	30	2	0	0	0	2	0	0	0	0	0
1111020601	极品信仰法袍+1	60	6	0	1	2	4218	0	具有信仰的神奇力量之袍	2400	0	0	0	1	1	61	95	0	0	0	20	31	2	0	0	0	2	0	0	0	0	0
1111020602	极品信仰法袍+2	60	6	0	1	2	4218	0	具有信仰的神奇力量之袍	2600	0	0	0	1	1	65	99	0	0	0	21	33	2	0	0	0	2	0	0	0	0	0
1111020603	极品信仰法袍+3	60	6	2	1	2	4218	0	具有信仰的神奇力量之袍	2800	0	0	0	1	1	69	103	0	0	0	23	34	2	0	0	0	2	0	0	0	0	0
1111020604	极品信仰法袍+4	60	6	2	1	2	4218	0	具有信仰的神奇力量之袍	3000	0	0	0	1	1	73	107	0	0	0	24	35	2	0	0	0	2	0	0	0	0	0
1111020605	极品信仰法袍+5	60	6	3	1	2	4218	0	具有信仰的神奇力量之袍	3200	1000	11000	0	1	1	77	111	0	0	0	25	37	2	0	0	0	2	0	0	0	0	0
1111020606	极品信仰法袍+6	60	6	3	1	2	4218	0	具有信仰的神奇力量之袍	3400	2000	11000	0	1	1	81	115	0	0	0	27	38	2	0	0	0	2	0	0	0	0	0
1111020607	极品信仰法袍+7	60	6	3	1	2	4218	0	具有信仰的神奇力量之袍	3600	3000	11000	0	1	1	85	119	0	0	0	28	39	2	0	0	0	2	0	0	0	0	0
1111020608	极品信仰法袍+8	60	6	4	1	2	4218	0	具有信仰的神奇力量之袍	3800	4000	11000	0	1	1	89	123	0	0	0	29	41	2	0	0	0	2	0	0	0	0	0
1111020609	极品信仰法袍+9	60	6	4	1	2	4218	0	具有信仰的神奇力量之袍	4000	5000	11000	0	1	1	93	127	0	0	0	31	42	2	0	0	0	2	0	0	0	0	0
1111020610	极品信仰法袍+10	60	6	5	1	2	4218	0	具有信仰的神奇力量之袍	0	6000	11000	0	1	1	97	131	0	0	0	32	43	2	0	0	0	2	0	0	0	0	0
1111030600	完美信仰法袍	60	6	0	1	3	1440000	65	具有信仰的神奇力量之袍	2200	0	0	288	1	1	57	91	0	0	0	19	30	2	0	0	10	2	0	0	10	180	300
1111030601	完美信仰法袍+1	60	6	0	1	3	1440000	65	具有信仰的神奇力量之袍	2400	0	0	288	1	1	61	95	0	0	0	20	31	2	0	0	10	2	0	0	10	185	300
1111030602	完美信仰法袍+2	60	6	0	1	3	1440000	65	具有信仰的神奇力量之袍	2600	0	0	288	1	1	65	99	0	0	0	21	33	2	0	0	10	2	0	0	10	190	300
1111030603	完美信仰法袍+3	60	6	3	1	3	1440000	65	具有信仰的神奇力量之袍	2800	0	0	288	1	1	69	103	0	0	0	23	34	2	0	0	10	2	0	0	10	195	300
1111030604	完美信仰法袍+4	60	6	3	1	3	1440000	65	具有信仰的神奇力量之袍	3000	0	0	288	1	1	73	107	0	0	0	24	35	2	0	0	10	2	0	0	10	200	300
1111030605	完美信仰法袍+5	60	6	4	1	3	1440000	65	具有信仰的神奇力量之袍	3200	0	0	288	1	1	77	111	0	0	0	25	37	2	0	0	10	2	0	0	10	205	300
1111030606	完美信仰法袍+6	60	6	4	1	3	1440000	65	具有信仰的神奇力量之袍	3400	0	0	288	1	1	81	115	0	0	0	27	38	2	0	0	10	2	0	0	10	210	300
1111030607	完美信仰法袍+7	60	6	4	1	3	1440000	65	具有信仰的神奇力量之袍	3600	100	13000	288	1	1	85	119	0	0	0	28	39	2	0	0	10	2	0	0	10	215	300
1111030608	完美信仰法袍+8	60	6	5	1	3	1440000	65	具有信仰的神奇力量之袍	3800	200	13000	288	1	1	89	123	0	0	0	29	41	2	0	0	10	2	0	0	10	220	300
1111030609	完美信仰法袍+9	60	6	5	1	3	1440000	65	具有信仰的神奇力量之袍	4000	300	13000	288	1	1	93	127	0	0	0	31	42	2	0	0	10	2	0	0	10	225	300
1111030610	完美信仰法袍+10	60	6	6	1	3	1440000	65	具有信仰的神奇力量之袍	0	400	13000	288	1	1	97	131	0	0	0	32	43	2	0	0	10	2	0	0	10	230	300
1111040600	神品信仰法袍	60	6	0	1	4	2400000	108	具有信仰的神奇力量之袍	2200	0	0	480	1	1	57	91	0	0	0	19	30	2	10	10	10	2	10	10	10	180	300
1111040601	神品信仰法袍+1	60	6	0	1	4	2400000	108	具有信仰的神奇力量之袍	2400	0	0	480	1	1	61	95	0	0	0	20	31	2	10	10	10	2	10	10	10	185	300
1111040602	神品信仰法袍+2	60	6	0	1	4	2400000	108	具有信仰的神奇力量之袍	2600	0	0	480	1	1	65	99	0	0	0	21	33	2	10	10	10	2	10	10	10	190	300
1111040603	神品信仰法袍+3	60	6	4	1	4	2400000	108	具有信仰的神奇力量之袍	2800	0	0	480	1	1	69	103	0	0	0	23	34	2	10	10	10	2	10	10	10	195	300
1111040604	神品信仰法袍+4	60	6	4	1	4	2400000	108	具有信仰的神奇力量之袍	3000	0	0	480	1	1	73	107	0	0	0	24	35	2	10	10	10	2	10	10	10	200	300
1111040605	神品信仰法袍+5	60	6	5	1	4	2400000	108	具有信仰的神奇力量之袍	3200	0	0	480	1	1	77	111	0	0	0	25	37	2	10	10	10	2	10	10	10	205	300
1111040606	神品信仰法袍+6	60	6	5	1	4	2400000	108	具有信仰的神奇力量之袍	3400	0	0	480	1	1	81	115	0	0	0	27	38	2	10	10	10	2	10	10	10	210	300
1111040607	神品信仰法袍+7	60	6	5	1	4	2400000	108	具有信仰的神奇力量之袍	3600	0	0	480	1	1	85	119	0	0	0	28	39	2	10	10	10	2	10	10	10	215	300
1111040608	神品信仰法袍+8	60	6	6	1	4	2400000	108	具有信仰的神奇力量之袍	3800	0	0	480	1	1	89	123	0	0	0	29	41	2	10	10	10	2	10	10	10	220	300
1111040609	神品信仰法袍+9	60	6	6	1	4	2400000	108	具有信仰的神奇力量之袍	4000	0	0	480	1	1	93	127	0	0	0	31	42	2	10	10	10	2	10	10	10	225	300
1111040610	神品信仰法袍+10	60	6	7	1	4	2400000	108	具有信仰的神奇力量之袍	0	0	0	480	1	1	97	131	0	0	0	32	43	2	10	10	10	2	10	10	10	230	300
1111000700	祝福法袍	72	7	0	2	0	5062	0	为大地带来圣洁之爱的法袍	3000	0	0	0	1	1	69	115	0	0	0	0	0	0	0	0	0	0	0	0	0	0	0
1111000701	祝福法袍+1	72	7	0	2	0	5062	0	为大地带来圣洁之爱的法袍	3500	0	0	0	1	1	73	119	0	0	0	0	0	0	0	0	0	0	0	0	0	0	0
1111000702	祝福法袍+2	72	7	0	2	0	5062	0	为大地带来圣洁之爱的法袍	4000	0	0	0	1	1	77	123	0	0	0	0	0	0	0	0	0	0	0	0	0	0	0
1111000703	祝福法袍+3	72	7	0	2	0	5062	0	为大地带来圣洁之爱的法袍	4500	7500	11000	0	1	1	81	127	0	0	0	0	0	0	0	0	0	0	0	0	0	0	0
1111000704	祝福法袍+4	72	7	0	2	0	5062	0	为大地带来圣洁之爱的法袍	5000	8500	11000	0	1	1	85	131	0	0	0	0	0	0	0	0	0	0	0	0	0	0	0
1111000705	祝福法袍+5	72	7	0	2	0	5062	0	为大地带来圣洁之爱的法袍	5500	9500	11000	0	1	1	89	135	0	0	0	0	0	0	0	0	0	0	0	0	0	0	0
1111000706	祝福法袍+6	72	7	0	2	0	5062	0	为大地带来圣洁之爱的法袍	6000	10000	11000	0	1	1	93	139	0	0	0	0	0	0	0	0	0	0	0	0	0	0	0
1111000707	祝福法袍+7	72	7	0	2	0	5062	0	为大地带来圣洁之爱的法袍	6500	10000	11000	0	1	1	97	143	0	0	0	0	0	0	0	0	0	0	0	0	0	0	0
1111000708	祝福法袍+8	72	7	0	2	0	5062	0	为大地带来圣洁之爱的法袍	7000	10000	11000	0	1	1	101	147	0	0	0	0	0	0	0	0	0	0	0	0	0	0	0
1111000709	祝福法袍+9	72	7	0	2	0	5062	0	为大地带来圣洁之爱的法袍	7500	10000	11000	0	1	1	105	151	0	0	0	0	0	0	0	0	0	0	0	0	0	0	0
1111000710	祝福法袍+10	72	7	0	2	0	5062	0	为大地带来圣洁之爱的法袍	0	10000	11000	0	1	1	109	155	0	0	0	0	0	0	0	0	0	0	0	0	0	0	0
1111010700	精品祝福法袍	72	7	0	2	1	5062	0	为大地带来圣洁之爱的法袍	3000	0	0	0	1	1	69	115	0	0	0	23	38	0	0	0	0	0	0	0	0	0	0
1111010701	精品祝福法袍+1	72	7	0	2	1	5062	0	为大地带来圣洁之爱的法袍	3500	0	0	0	1	1	73	119	0	0	0	24	39	0	0	0	0	0	0	0	0	0	0
1111010702	精品祝福法袍+2	72	7	0	2	1	5062	0	为大地带来圣洁之爱的法袍	4000	0	0	0	1	1	77	123	0	0	0	25	41	0	0	0	0	0	0	0	0	0	0
1111010703	精品祝福法袍+3	72	7	1	2	1	5062	0	为大地带来圣洁之爱的法袍	4500	0	0	0	1	1	81	127	0	0	0	27	42	0	0	0	0	0	0	0	0	0	0
1111010704	精品祝福法袍+4	72	7	1	2	1	5062	0	为大地带来圣洁之爱的法袍	5000	1000	13000	0	1	1	85	131	0	0	0	28	43	0	0	0	0	0	0	0	0	0	0
1111010705	精品祝福法袍+5	72	7	2	2	1	5062	0	为大地带来圣洁之爱的法袍	5500	3000	13000	0	1	1	89	135	0	0	0	29	45	0	0	0	0	0	0	0	0	0	0
1111010706	精品祝福法袍+6	72	7	2	2	1	5062	0	为大地带来圣洁之爱的法袍	6000	5000	13000	0	1	1	93	139	0	0	0	31	46	0	0	0	0	0	0	0	0	0	0
1111010707	精品祝福法袍+7	72	7	2	2	1	5062	0	为大地带来圣洁之爱的法袍	6500	7000	13000	0	1	1	97	143	0	0	0	32	47	0	0	0	0	0	0	0	0	0	0
1111010708	精品祝福法袍+8	72	7	3	2	1	5062	0	为大地带来圣洁之爱的法袍	7000	8000	13000	0	1	1	101	147	0	0	0	33	49	0	0	0	0	0	0	0	0	0	0
1111010709	精品祝福法袍+9	72	7	3	2	1	5062	0	为大地带来圣洁之爱的法袍	7500	9000	13000	0	1	1	105	151	0	0	0	35	50	0	0	0	0	0	0	0	0	0	0
1111010710	精品祝福法袍+10	72	7	4	2	1	5062	0	为大地带来圣洁之爱的法袍	0	10000	13000	0	1	1	109	155	0	0	0	36	51	0	0	0	0	0	0	0	0	0	0
1111020700	极品祝福法袍	72	7	0	2	2	5062	0	为大地带来圣洁之爱的法袍	3000	0	0	0	1	1	69	115	0	0	0	23	38	2	0	0	0	2	0	0	0	0	0
1111020701	极品祝福法袍+1	72	7	0	2	2	5062	0	为大地带来圣洁之爱的法袍	3500	0	0	0	1	1	73	119	0	0	0	24	39	2	0	0	0	2	0	0	0	0	0
1111020702	极品祝福法袍+2	72	7	0	2	2	5062	0	为大地带来圣洁之爱的法袍	4000	0	0	0	1	1	77	123	0	0	0	25	41	2	0	0	0	2	0	0	0	0	0
1111020703	极品祝福法袍+3	72	7	2	2	2	5062	0	为大地带来圣洁之爱的法袍	4500	0	0	0	1	1	81	127	0	0	0	27	42	2	0	0	0	2	0	0	0	0	0
1111020704	极品祝福法袍+4	72	7	2	2	2	5062	0	为大地带来圣洁之爱的法袍	5000	0	0	0	1	1	85	131	0	0	0	28	43	2	0	0	0	2	0	0	0	0	0
1111020705	极品祝福法袍+5	72	7	3	2	2	5062	0	为大地带来圣洁之爱的法袍	5500	500	15000	0	1	1	89	135	0	0	0	29	45	2	0	0	0	2	0	0	0	0	0
1111020706	极品祝福法袍+6	72	7	3	2	2	5062	0	为大地带来圣洁之爱的法袍	6000	700	15000	0	1	1	93	139	0	0	0	31	46	2	0	0	0	2	0	0	0	0	0
1111020707	极品祝福法袍+7	72	7	3	2	2	5062	0	为大地带来圣洁之爱的法袍	6500	900	15000	0	1	1	97	143	0	0	0	32	47	2	0	0	0	2	0	0	0	0	0
1111020708	极品祝福法袍+8	72	7	4	2	2	5062	0	为大地带来圣洁之爱的法袍	7000	1100	15000	0	1	1	101	147	0	0	0	33	49	2	0	0	0	2	0	0	0	0	0
1111020709	极品祝福法袍+9	72	7	4	2	2	5062	0	为大地带来圣洁之爱的法袍	7500	1300	15000	0	1	1	105	151	0	0	0	35	50	2	0	0	0	2	0	0	0	0	0
1111020710	极品祝福法袍+10	72	7	5	2	2	5062	0	为大地带来圣洁之爱的法袍	0	1500	15000	0	1	1	109	155	0	0	0	36	51	2	0	0	0	2	0	0	0	0	0
1111030700	完美祝福法袍	72	7	0	2	3	2160000	86	为大地带来圣洁之爱的法袍	3000	0	0	384	1	1	69	115	0	0	0	23	38	2	0	0	10	2	0	0	10	210	350
1111030701	完美祝福法袍+1	72	7	0	2	3	2160000	86	为大地带来圣洁之爱的法袍	3500	0	0	384	1	1	73	119	0	0	0	24	39	2	0	0	10	2	0	0	10	215	350
1111030702	完美祝福法袍+2	72	7	0	2	3	2160000	86	为大地带来圣洁之爱的法袍	4000	0	0	384	1	1	77	123	0	0	0	25	41	2	0	0	10	2	0	0	10	220	350
1111030703	完美祝福法袍+3	72	7	3	2	3	2160000	86	为大地带来圣洁之爱的法袍	4500	0	0	384	1	1	81	127	0	0	0	27	42	2	0	0	10	2	0	0	10	225	350
1111030704	完美祝福法袍+4	72	7	3	2	3	2160000	86	为大地带来圣洁之爱的法袍	5000	0	0	384	1	1	85	131	0	0	0	28	43	2	0	0	10	2	0	0	10	230	350
1111030705	完美祝福法袍+5	72	7	4	2	3	2160000	86	为大地带来圣洁之爱的法袍	5500	0	0	384	1	1	89	135	0	0	0	29	45	2	0	0	10	2	0	0	10	235	350
1111030706	完美祝福法袍+6	72	7	4	2	3	2160000	86	为大地带来圣洁之爱的法袍	6000	0	0	384	1	1	93	139	0	0	0	31	46	2	0	0	10	2	0	0	10	240	350
1111030707	完美祝福法袍+7	72	7	4	2	3	2160000	86	为大地带来圣洁之爱的法袍	6500	50	17000	384	1	1	97	143	0	0	0	32	47	2	0	0	10	2	0	0	10	245	350
1111030708	完美祝福法袍+8	72	7	5	2	3	2160000	86	为大地带来圣洁之爱的法袍	7000	150	17000	384	1	1	101	147	0	0	0	33	49	2	0	0	10	2	0	0	10	250	350
1111030709	完美祝福法袍+9	72	7	5	2	3	2160000	86	为大地带来圣洁之爱的法袍	7500	250	17000	384	1	1	105	151	0	0	0	35	50	2	0	0	10	2	0	0	10	255	350
1111030710	完美祝福法袍+10	72	7	6	2	3	2160000	86	为大地带来圣洁之爱的法袍	0	350	17000	384	1	1	109	155	0	0	0	36	51	2	0	0	10	2	0	0	10	260	350
1111040700	神品祝福法袍	72	7	0	2	4	3600000	144	为大地带来圣洁之爱的法袍	3000	0	0	640	1	1	69	115	0	0	0	23	38	2	10	10	10	2	10	10	10	210	350
1111040701	神品祝福法袍+1	72	7	0	2	4	3600000	144	为大地带来圣洁之爱的法袍	3500	0	0	640	1	1	73	119	0	0	0	24	39	2	10	10	10	2	10	10	10	215	350
1111040702	神品祝福法袍+2	72	7	0	2	4	3600000	144	为大地带来圣洁之爱的法袍	4000	0	0	640	1	1	77	123	0	0	0	25	41	2	10	10	10	2	10	10	10	220	350
1111040703	神品祝福法袍+3	72	7	4	2	4	3600000	144	为大地带来圣洁之爱的法袍	4500	0	0	640	1	1	81	127	0	0	0	27	42	2	10	10	10	2	10	10	10	225	350
1111040704	神品祝福法袍+4	72	7	4	2	4	3600000	144	为大地带来圣洁之爱的法袍	5000	0	0	640	1	1	85	131	0	0	0	28	43	2	10	10	10	2	10	10	10	230	350
1111040705	神品祝福法袍+5	72	7	5	2	4	3600000	144	为大地带来圣洁之爱的法袍	5500	0	0	640	1	1	89	135	0	0	0	29	45	2	10	10	10	2	10	10	10	235	350
1111040706	神品祝福法袍+6	72	7	5	2	4	3600000	144	为大地带来圣洁之爱的法袍	6000	0	0	640	1	1	93	139	0	0	0	31	46	2	10	10	10	2	10	10	10	240	350
1111040707	神品祝福法袍+7	72	7	5	2	4	3600000	144	为大地带来圣洁之爱的法袍	6500	0	0	640	1	1	97	143	0	0	0	32	47	2	10	10	10	2	10	10	10	245	350
1111040708	神品祝福法袍+8	72	7	6	2	4	3600000	144	为大地带来圣洁之爱的法袍	7000	0	0	640	1	1	101	147	0	0	0	33	49	2	10	10	10	2	10	10	10	250	350
1111040709	神品祝福法袍+9	72	7	6	2	4	3600000	144	为大地带来圣洁之爱的法袍	7500	0	0	640	1	1	105	151	0	0	0	35	50	2	10	10	10	2	10	10	10	255	350
1111040710	神品祝福法袍+10	72	7	7	2	4	3600000	144	为大地带来圣洁之爱的法袍	0	0	0	640	1	1	109	155	0	0	0	36	51	2	10	10	10	2	10	10	10	260	350
1111000800	圣灵法袍	84	8	0	2	0	7593	0	超度生灵的法袍	4500	0	0	0	1	1	81	140	0	0	0	0	0	0	0	0	0	0	0	0	0	0	0
1111000801	圣灵法袍+1	84	8	0	2	0	7593	0	超度生灵的法袍	5000	0	0	0	1	1	85	144	0	0	0	0	0	0	0	0	0	0	0	0	0	0	0
1111000802	圣灵法袍+2	84	8	0	2	0	7593	0	超度生灵的法袍	5500	0	0	0	1	1	89	148	0	0	0	0	0	0	0	0	0	0	0	0	0	0	0
1111000803	圣灵法袍+3	84	8	0	2	0	7593	0	超度生灵的法袍	6000	7500	15000	0	1	1	93	152	0	0	0	0	0	0	0	0	0	0	0	0	0	0	0
1111000804	圣灵法袍+4	84	8	0	2	0	7593	0	超度生灵的法袍	6500	8500	15000	0	1	1	97	156	0	0	0	0	0	0	0	0	0	0	0	0	0	0	0
1111000805	圣灵法袍+5	84	8	0	2	0	7593	0	超度生灵的法袍	7000	9500	15000	0	1	1	101	160	0	0	0	0	0	0	0	0	0	0	0	0	0	0	0
1111000806	圣灵法袍+6	84	8	0	2	0	7593	0	超度生灵的法袍	7500	10000	15000	0	1	1	105	164	0	0	0	0	0	0	0	0	0	0	0	0	0	0	0
1111000807	圣灵法袍+7	84	8	0	2	0	7593	0	超度生灵的法袍	8000	10000	15000	0	1	1	109	168	0	0	0	0	0	0	0	0	0	0	0	0	0	0	0
1111000808	圣灵法袍+8	84	8	0	2	0	7593	0	超度生灵的法袍	8500	10000	15000	0	1	1	113	172	0	0	0	0	0	0	0	0	0	0	0	0	0	0	0
1111000809	圣灵法袍+9	84	8	0	2	0	7593	0	超度生灵的法袍	9000	10000	15000	0	1	1	117	176	0	0	0	0	0	0	0	0	0	0	0	0	0	0	0
1111000810	圣灵法袍+10	84	8	0	2	0	7593	0	超度生灵的法袍	0	10000	15000	0	1	1	121	180	0	0	0	0	0	0	0	0	0	0	0	0	0	0	0
1111010800	精品圣灵法袍	84	8	0	2	1	7593	0	超度生灵的法袍	4500	0	0	0	1	1	81	140	0	0	0	27	46	0	0	0	0	0	0	0	0	0	0
1111010801	精品圣灵法袍+1	84	8	0	2	1	7593	0	超度生灵的法袍	5000	0	0	0	1	1	85	144	0	0	0	28	48	0	0	0	0	0	0	0	0	0	0
1111010802	精品圣灵法袍+2	84	8	0	2	1	7593	0	超度生灵的法袍	5500	0	0	0	1	1	89	148	0	0	0	29	49	0	0	0	0	0	0	0	0	0	0
1111010803	精品圣灵法袍+3	84	8	1	2	1	7593	0	超度生灵的法袍	6000	0	0	0	1	1	93	152	0	0	0	31	50	0	0	0	0	0	0	0	0	0	0
1111010804	精品圣灵法袍+4	84	8	1	2	1	7593	0	超度生灵的法袍	6500	1000	18000	0	1	1	97	156	0	0	0	32	52	0	0	0	0	0	0	0	0	0	0
1111010805	精品圣灵法袍+5	84	8	2	2	1	7593	0	超度生灵的法袍	7000	2000	18000	0	1	1	101	160	0	0	0	33	53	0	0	0	0	0	0	0	0	0	0
1111010806	精品圣灵法袍+6	84	8	2	2	1	7593	0	超度生灵的法袍	7500	3000	18000	0	1	1	105	164	0	0	0	35	54	0	0	0	0	0	0	0	0	0	0
1111010807	精品圣灵法袍+7	84	8	2	2	1	7593	0	超度生灵的法袍	8000	4000	18000	0	1	1	109	168	0	0	0	36	56	0	0	0	0	0	0	0	0	0	0
1111010808	精品圣灵法袍+8	84	8	3	2	1	7593	0	超度生灵的法袍	8500	6000	18000	0	1	1	113	172	0	0	0	37	57	0	0	0	0	0	0	0	0	0	0
1111010809	精品圣灵法袍+9	84	8	3	2	1	7593	0	超度生灵的法袍	9000	8000	18000	0	1	1	117	176	0	0	0	39	58	0	0	0	0	0	0	0	0	0	0
1111010810	精品圣灵法袍+10	84	8	4	2	1	7593	0	超度生灵的法袍	0	10000	18000	0	1	1	121	180	0	0	0	40	60	0	0	0	0	0	0	0	0	0	0
1111020800	极品圣灵法袍	84	8	0	2	2	7593	0	超度生灵的法袍	4500	0	0	0	1	1	81	140	0	0	0	27	46	2	0	0	0	2	0	0	0	0	0
1111020801	极品圣灵法袍+1	84	8	0	2	2	7593	0	超度生灵的法袍	5000	0	0	0	1	1	85	144	0	0	0	28	48	2	0	0	0	2	0	0	0	0	0
1111020802	极品圣灵法袍+2	84	8	0	2	2	7593	0	超度生灵的法袍	5500	0	0	0	1	1	89	148	0	0	0	29	49	2	0	0	0	2	0	0	0	0	0
1111020803	极品圣灵法袍+3	84	8	2	2	2	7593	0	超度生灵的法袍	6000	0	0	0	1	1	93	152	0	0	0	31	50	2	0	0	0	2	0	0	0	0	0
1111020804	极品圣灵法袍+4	84	8	2	2	2	7593	0	超度生灵的法袍	6500	0	0	0	1	1	97	156	0	0	0	32	52	2	0	0	0	2	0	0	0	0	0
1111020805	极品圣灵法袍+5	84	8	3	2	2	7593	0	超度生灵的法袍	7000	500	21000	0	1	1	101	160	0	0	0	33	53	2	0	0	0	2	0	0	0	0	0
1111020806	极品圣灵法袍+6	84	8	3	2	2	7593	0	超度生灵的法袍	7500	700	21000	0	1	1	105	164	0	0	0	35	54	2	0	0	0	2	0	0	0	0	0
1111020807	极品圣灵法袍+7	84	8	3	2	2	7593	0	超度生灵的法袍	8000	900	21000	0	1	1	109	168	0	0	0	36	56	2	0	0	0	2	0	0	0	0	0
1111020808	极品圣灵法袍+8	84	8	4	2	2	7593	0	超度生灵的法袍	8500	1100	21000	0	1	1	113	172	0	0	0	37	57	2	0	0	0	2	0	0	0	0	0
1111020809	极品圣灵法袍+9	84	8	4	2	2	7593	0	超度生灵的法袍	9000	1300	21000	0	1	1	117	176	0	0	0	39	58	2	0	0	0	2	0	0	0	0	0
1111020810	极品圣灵法袍+10	84	8	5	2	2	7593	0	超度生灵的法袍	0	1500	21000	0	1	1	121	180	0	0	0	40	60	2	0	0	0	2	0	0	0	0	0
1111030800	完美圣灵法袍	84	8	0	2	3	3120000	109	超度生灵的法袍	4500	0	0	480	1	1	81	140	0	0	0	27	46	2	0	0	10	2	0	0	10	240	400
1111030801	完美圣灵法袍+1	84	8	0	2	3	3120000	109	超度生灵的法袍	5000	0	0	480	1	1	85	144	0	0	0	28	48	2	0	0	10	2	0	0	10	245	400
1111030802	完美圣灵法袍+2	84	8	0	2	3	3120000	109	超度生灵的法袍	5500	0	0	480	1	1	89	148	0	0	0	29	49	2	0	0	10	2	0	0	10	250	400
1111030803	完美圣灵法袍+3	84	8	3	2	3	3120000	109	超度生灵的法袍	6000	0	0	480	1	1	93	152	0	0	0	31	50	2	0	0	10	2	0	0	10	255	400
1111030804	完美圣灵法袍+4	84	8	3	2	3	3120000	109	超度生灵的法袍	6500	0	0	480	1	1	97	156	0	0	0	32	52	2	0	0	10	2	0	0	10	260	400
1111030805	完美圣灵法袍+5	84	8	4	2	3	3120000	109	超度生灵的法袍	7000	0	0	480	1	1	101	160	0	0	0	33	53	2	0	0	10	2	0	0	10	265	400
1111030806	完美圣灵法袍+6	84	8	4	2	3	3120000	109	超度生灵的法袍	7500	0	0	480	1	1	105	164	0	0	0	35	54	2	0	0	10	2	0	0	10	270	400
1111030807	完美圣灵法袍+7	84	8	4	2	3	3120000	109	超度生灵的法袍	8000	50	24000	480	1	1	109	168	0	0	0	36	56	2	0	0	10	2	0	0	10	275	400
1111030808	完美圣灵法袍+8	84	8	5	2	3	3120000	109	超度生灵的法袍	8500	150	24000	480	1	1	113	172	0	0	0	37	57	2	0	0	10	2	0	0	10	280	400
1111030809	完美圣灵法袍+9	84	8	5	2	3	3120000	109	超度生灵的法袍	9000	250	24000	480	1	1	117	176	0	0	0	39	58	2	0	0	10	2	0	0	10	285	400
1111030810	完美圣灵法袍+10	84	8	6	2	3	3120000	109	超度生灵的法袍	0	350	24000	480	1	1	121	180	0	0	0	40	60	2	0	0	10	2	0	0	10	290	400
1111040800	神品圣灵法袍	84	8	0	2	4	5200000	182	超度生灵的法袍	4500	0	0	800	1	1	81	140	0	0	0	27	46	2	10	10	10	2	10	10	10	240	400
1111040801	神品圣灵法袍+1	84	8	0	2	4	5200000	182	超度生灵的法袍	5000	0	0	800	1	1	85	144	0	0	0	28	48	2	10	10	10	2	10	10	10	245	400
1111040802	神品圣灵法袍+2	84	8	0	2	4	5200000	182	超度生灵的法袍	5500	0	0	800	1	1	89	148	0	0	0	29	49	2	10	10	10	2	10	10	10	250	400
1111040803	神品圣灵法袍+3	84	8	4	2	4	5200000	182	超度生灵的法袍	6000	0	0	800	1	1	93	152	0	0	0	31	50	2	10	10	10	2	10	10	10	255	400
1111040804	神品圣灵法袍+4	84	8	4	2	4	5200000	182	超度生灵的法袍	6500	0	0	800	1	1	97	156	0	0	0	32	52	2	10	10	10	2	10	10	10	260	400
1111040805	神品圣灵法袍+5	84	8	5	2	4	5200000	182	超度生灵的法袍	7000	0	0	800	1	1	101	160	0	0	0	33	53	2	10	10	10	2	10	10	10	265	400
1111040806	神品圣灵法袍+6	84	8	5	2	4	5200000	182	超度生灵的法袍	7500	0	0	800	1	1	105	164	0	0	0	35	54	2	10	10	10	2	10	10	10	270	400
1111040807	神品圣灵法袍+7	84	8	5	2	4	5200000	182	超度生灵的法袍	8000	0	0	800	1	1	109	168	0	0	0	36	56	2	10	10	10	2	10	10	10	275	400
1111040808	神品圣灵法袍+8	84	8	6	2	4	5200000	182	超度生灵的法袍	8500	0	0	800	1	1	113	172	0	0	0	37	57	2	10	10	10	2	10	10	10	280	400
1111040809	神品圣灵法袍+9	84	8	6	2	4	5200000	182	超度生灵的法袍	9000	0	0	800	1	1	117	176	0	0	0	39	58	2	10	10	10	2	10	10	10	285	400
1111040810	神品圣灵法袍+10	84	8	7	2	4	5200000	182	超度生灵的法袍	0	0	0	800	1	1	121	180	0	0	0	40	60	2	10	10	10	2	10	10	10	290	400
1111000900	附魂法袍	96	9	0	2	0	11390	0	附着着前人魂魄的法袍	6000	0	0	0	1	1	96	170	0	0	0	0	0	0	0	0	0	0	0	0	0	0	0
1111000901	附魂法袍+1	96	9	0	2	0	11390	0	附着着前人魂魄的法袍	7000	0	0	0	1	1	100	174	0	0	0	0	0	0	0	0	0	0	0	0	0	0	0
1111000902	附魂法袍+2	96	9	0	2	0	11390	0	附着着前人魂魄的法袍	8000	0	0	0	1	1	104	178	0	0	0	0	0	0	0	0	0	0	0	0	0	0	0
1111000903	附魂法袍+3	96	9	0	2	0	11390	0	附着着前人魂魄的法袍	9000	6000	21000	0	1	1	108	182	0	0	0	0	0	0	0	0	0	0	0	0	0	0	0
1111000904	附魂法袍+4	96	9	0	2	0	11390	0	附着着前人魂魄的法袍	10000	7000	21000	0	1	1	112	186	0	0	0	0	0	0	0	0	0	0	0	0	0	0	0
1111000905	附魂法袍+5	96	9	0	2	0	11390	0	附着着前人魂魄的法袍	11000	8000	21000	0	1	1	116	190	0	0	0	0	0	0	0	0	0	0	0	0	0	0	0
1111000906	附魂法袍+6	96	9	0	2	0	11390	0	附着着前人魂魄的法袍	12000	9000	21000	0	1	1	120	194	0	0	0	0	0	0	0	0	0	0	0	0	0	0	0
1111000907	附魂法袍+7	96	9	0	2	0	11390	0	附着着前人魂魄的法袍	13000	10000	21000	0	1	1	124	198	0	0	0	0	0	0	0	0	0	0	0	0	0	0	0
1111000908	附魂法袍+8	96	9	0	2	0	11390	0	附着着前人魂魄的法袍	14000	10000	21000	0	1	1	128	202	0	0	0	0	0	0	0	0	0	0	0	0	0	0	0
1111000909	附魂法袍+9	96	9	0	2	0	11390	0	附着着前人魂魄的法袍	15000	10000	21000	0	1	1	132	206	0	0	0	0	0	0	0	0	0	0	0	0	0	0	0
1111000910	附魂法袍+10	96	9	0	2	0	11390	0	附着着前人魂魄的法袍	0	10000	21000	0	1	1	136	210	0	0	0	0	0	0	0	0	0	0	0	0	0	0	0
1111010900	精品附魂法袍	96	9	0	2	1	11390	0	附着着前人魂魄的法袍	6000	0	0	0	1	1	96	170	0	0	0	32	56	0	0	0	0	0	0	0	0	0	0
1111010901	精品附魂法袍+1	96	9	0	2	1	11390	0	附着着前人魂魄的法袍	7000	0	0	0	1	1	100	174	0	0	0	33	58	0	0	0	0	0	0	0	0	0	0
1111010902	精品附魂法袍+2	96	9	0	2	1	11390	0	附着着前人魂魄的法袍	8000	0	0	0	1	1	104	178	0	0	0	34	59	0	0	0	0	0	0	0	0	0	0
1111010903	精品附魂法袍+3	96	9	1	2	1	11390	0	附着着前人魂魄的法袍	9000	0	0	0	1	1	108	182	0	0	0	36	60	0	0	0	0	0	0	0	0	0	0
1111010904	精品附魂法袍+4	96	9	1	2	1	11390	0	附着着前人魂魄的法袍	10000	1000	24000	0	1	1	112	186	0	0	0	37	62	0	0	0	0	0	0	0	0	0	0
1111010905	精品附魂法袍+5	96	9	2	2	1	11390	0	附着着前人魂魄的法袍	11000	2000	24000	0	1	1	116	190	0	0	0	38	63	0	0	0	0	0	0	0	0	0	0
1111010906	精品附魂法袍+6	96	9	2	2	1	11390	0	附着着前人魂魄的法袍	12000	3000	24000	0	1	1	120	194	0	0	0	40	64	0	0	0	0	0	0	0	0	0	0
1111010907	精品附魂法袍+7	96	9	2	2	1	11390	0	附着着前人魂魄的法袍	13000	4000	24000	0	1	1	124	198	0	0	0	41	66	0	0	0	0	0	0	0	0	0	0
1111010908	精品附魂法袍+8	96	9	3	2	1	11390	0	附着着前人魂魄的法袍	14000	6000	24000	0	1	1	128	202	0	0	0	42	67	0	0	0	0	0	0	0	0	0	0
1111010909	精品附魂法袍+9	96	9	3	2	1	11390	0	附着着前人魂魄的法袍	15000	8000	24000	0	1	1	132	206	0	0	0	44	68	0	0	0	0	0	0	0	0	0	0
1111010910	精品附魂法袍+10	96	9	4	2	1	11390	0	附着着前人魂魄的法袍	0	10000	24000	0	1	1	136	210	0	0	0	45	70	0	0	0	0	0	0	0	0	0	0
1111020900	极品附魂法袍	96	9	0	2	2	11390	0	附着着前人魂魄的法袍	6000	0	0	0	1	1	96	170	0	0	0	32	56	2	0	0	0	2	0	0	0	0	0
1111020901	极品附魂法袍+1	96	9	0	2	2	11390	0	附着着前人魂魄的法袍	7000	0	0	0	1	1	100	174	0	0	0	33	58	2	0	0	0	2	0	0	0	0	0
1111020902	极品附魂法袍+2	96	9	0	2	2	11390	0	附着着前人魂魄的法袍	8000	0	0	0	1	1	104	178	0	0	0	34	59	2	0	0	0	2	0	0	0	0	0
1111020903	极品附魂法袍+3	96	9	2	2	2	11390	0	附着着前人魂魄的法袍	9000	0	0	0	1	1	108	182	0	0	0	36	60	2	0	0	0	2	0	0	0	0	0
1111020904	极品附魂法袍+4	96	9	2	2	2	11390	0	附着着前人魂魄的法袍	10000	0	0	0	1	1	112	186	0	0	0	37	62	2	0	0	0	2	0	0	0	0	0
1111020905	极品附魂法袍+5	96	9	3	2	2	11390	0	附着着前人魂魄的法袍	11000	200	27000	0	1	1	116	190	0	0	0	38	63	2	0	0	0	2	0	0	0	0	0
1111020906	极品附魂法袍+6	96	9	3	2	2	11390	0	附着着前人魂魄的法袍	12000	400	27000	0	1	1	120	194	0	0	0	40	64	2	0	0	0	2	0	0	0	0	0
1111020907	极品附魂法袍+7	96	9	3	2	2	11390	0	附着着前人魂魄的法袍	13000	600	27000	0	1	1	124	198	0	0	0	41	66	2	0	0	0	2	0	0	0	0	0
1111020908	极品附魂法袍+8	96	9	4	2	2	11390	0	附着着前人魂魄的法袍	14000	800	27000	0	1	1	128	202	0	0	0	42	67	2	0	0	0	2	0	0	0	0	0
1111020909	极品附魂法袍+9	96	9	4	2	2	11390	0	附着着前人魂魄的法袍	15000	1000	27000	0	1	1	132	206	0	0	0	44	68	2	0	0	0	2	0	0	0	0	0
1111020910	极品附魂法袍+10	96	9	5	2	2	11390	0	附着着前人魂魄的法袍	0	1200	27000	0	1	1	136	210	0	0	0	45	70	2	0	0	0	2	0	0	0	0	0
1111030900	完美附魂法袍	96	9	0	2	3	4320000	130	附着着前人魂魄的法袍	6000	0	0	576	1	1	96	170	0	0	0	32	56	2	0	0	10	2	0	0	10	270	450
1111030901	完美附魂法袍+1	96	9	0	2	3	4320000	130	附着着前人魂魄的法袍	7000	0	0	576	1	1	100	174	0	0	0	33	58	2	0	0	10	2	0	0	10	275	450
1111030902	完美附魂法袍+2	96	9	0	2	3	4320000	130	附着着前人魂魄的法袍	8000	0	0	576	1	1	104	178	0	0	0	34	59	2	0	0	10	2	0	0	10	280	450
1111030903	完美附魂法袍+3	96	9	3	2	3	4320000	130	附着着前人魂魄的法袍	9000	0	0	576	1	1	108	182	0	0	0	36	60	2	0	0	10	2	0	0	10	285	450
1111030904	完美附魂法袍+4	96	9	3	2	3	4320000	130	附着着前人魂魄的法袍	10000	0	0	576	1	1	112	186	0	0	0	37	62	2	0	0	10	2	0	0	10	290	450
1111030905	完美附魂法袍+5	96	9	4	2	3	4320000	130	附着着前人魂魄的法袍	11000	0	0	576	1	1	116	190	0	0	0	38	63	2	0	0	10	2	0	0	10	295	450
1111030906	完美附魂法袍+6	96	9	4	2	3	4320000	130	附着着前人魂魄的法袍	12000	0	0	576	1	1	120	194	0	0	0	40	64	2	0	0	10	2	0	0	10	300	450
1111030907	完美附魂法袍+7	96	9	4	2	3	4320000	130	附着着前人魂魄的法袍	13000	70	30000	576	1	1	124	198	0	0	0	41	66	2	0	0	10	2	0	0	10	305	450
1111030908	完美附魂法袍+8	96	9	5	2	3	4320000	130	附着着前人魂魄的法袍	14000	170	30000	576	1	1	128	202	0	0	0	42	67	2	0	0	10	2	0	0	10	310	450
1111030909	完美附魂法袍+9	96	9	5	2	3	4320000	130	附着着前人魂魄的法袍	15000	270	30000	576	1	1	132	206	0	0	0	44	68	2	0	0	10	2	0	0	10	315	450
1111030910	完美附魂法袍+10	96	9	6	2	3	4320000	130	附着着前人魂魄的法袍	0	370	30000	576	1	1	136	210	0	0	0	45	70	2	0	0	10	2	0	0	10	320	450
1111040900	神品附魂法袍	96	9	0	2	4	7200000	216	附着着前人魂魄的法袍	6000	0	0	960	1	1	96	170	0	0	0	32	56	2	10	10	10	2	10	10	10	270	450
1111040901	神品附魂法袍+1	96	9	0	2	4	7200000	216	附着着前人魂魄的法袍	7000	0	0	960	1	1	100	174	0	0	0	33	58	2	10	10	10	2	10	10	10	275	450
1111040902	神品附魂法袍+2	96	9	0	2	4	7200000	216	附着着前人魂魄的法袍	8000	0	0	960	1	1	104	178	0	0	0	34	59	2	10	10	10	2	10	10	10	280	450
1111040903	神品附魂法袍+3	96	9	4	2	4	7200000	216	附着着前人魂魄的法袍	9000	0	0	960	1	1	108	182	0	0	0	36	60	2	10	10	10	2	10	10	10	285	450
1111040904	神品附魂法袍+4	96	9	4	2	4	7200000	216	附着着前人魂魄的法袍	10000	0	0	960	1	1	112	186	0	0	0	37	62	2	10	10	10	2	10	10	10	290	450
1111040905	神品附魂法袍+5	96	9	5	2	4	7200000	216	附着着前人魂魄的法袍	11000	0	0	960	1	1	116	190	0	0	0	38	63	2	10	10	10	2	10	10	10	295	450
1111040906	神品附魂法袍+6	96	9	5	2	4	7200000	216	附着着前人魂魄的法袍	12000	0	0	960	1	1	120	194	0	0	0	40	64	2	10	10	10	2	10	10	10	300	450
1111040907	神品附魂法袍+7	96	9	5	2	4	7200000	216	附着着前人魂魄的法袍	13000	0	0	960	1	1	124	198	0	0	0	41	66	2	10	10	10	2	10	10	10	305	450
1111040908	神品附魂法袍+8	96	9	6	2	4	7200000	216	附着着前人魂魄的法袍	14000	0	0	960	1	1	128	202	0	0	0	42	67	2	10	10	10	2	10	10	10	310	450
1111040909	神品附魂法袍+9	96	9	6	2	4	7200000	216	附着着前人魂魄的法袍	15000	0	0	960	1	1	132	206	0	0	0	44	68	2	10	10	10	2	10	10	10	315	450
1111040910	神品附魂法袍+10	96	9	7	2	4	7200000	216	附着着前人魂魄的法袍	0	0	0	960	1	1	136	210	0	0	0	45	70	2	10	10	10	2	10	10	10	320	450
1111001000	神恩法袍	108	10	0	3	0	21357	0	光明神赐予大魔导师的法袍	10000	0	0	0	1	1	111	210	0	0	0	0	0	0	0	0	0	0	0	0	0	0	0
1111001001	神恩法袍+1	108	10	0	3	0	21357	0	光明神赐予大魔导师的法袍	11000	0	0	0	1	1	115	214	0	0	0	0	0	0	0	0	0	0	0	0	0	0	0
1111001002	神恩法袍+2	108	10	0	3	0	21357	0	光明神赐予大魔导师的法袍	12000	0	0	0	1	1	119	218	0	0	0	0	0	0	0	0	0	0	0	0	0	0	0
1111001003	神恩法袍+3	108	10	0	3	0	21357	0	光明神赐予大魔导师的法袍	13000	6000	27000	0	1	1	123	222	0	0	0	0	0	0	0	0	0	0	0	0	0	0	0
1111001004	神恩法袍+4	108	10	0	3	0	21357	0	光明神赐予大魔导师的法袍	14000	6500	27000	0	1	1	127	226	0	0	0	0	0	0	0	0	0	0	0	0	0	0	0
1111001005	神恩法袍+5	108	10	0	3	0	21357	0	光明神赐予大魔导师的法袍	15000	7000	27000	0	1	1	131	230	0	0	0	0	0	0	0	0	0	0	0	0	0	0	0
1111001006	神恩法袍+6	108	10	0	3	0	21357	0	光明神赐予大魔导师的法袍	16000	7500	27000	0	1	1	135	234	0	0	0	0	0	0	0	0	0	0	0	0	0	0	0
1111001007	神恩法袍+7	108	10	0	3	0	21357	0	光明神赐予大魔导师的法袍	17000	8000	27000	0	1	1	139	238	0	0	0	0	0	0	0	0	0	0	0	0	0	0	0
1111001008	神恩法袍+8	108	10	0	3	0	21357	0	光明神赐予大魔导师的法袍	18000	8500	27000	0	1	1	143	242	0	0	0	0	0	0	0	0	0	0	0	0	0	0	0
1111001009	神恩法袍+9	108	10	0	3	0	21357	0	光明神赐予大魔导师的法袍	19000	9000	27000	0	1	1	147	246	0	0	0	0	0	0	0	0	0	0	0	0	0	0	0
1111001010	神恩法袍+10	108	10	0	3	0	21357	0	光明神赐予大魔导师的法袍	0	9500	27000	0	1	1	151	250	0	0	0	0	0	0	0	0	0	0	0	0	0	0	0
1111011000	精品神恩法袍	108	10	0	3	1	21357	0	光明神赐予大魔导师的法袍	10000	0	0	0	1	1	111	210	0	0	0	37	70	0	0	0	0	0	0	0	0	0	0
1111011001	精品神恩法袍+1	108	10	0	3	1	21357	0	光明神赐予大魔导师的法袍	11000	0	0	0	1	1	115	214	0	0	0	38	71	0	0	0	0	0	0	0	0	0	0
1111011002	精品神恩法袍+2	108	10	0	3	1	21357	0	光明神赐予大魔导师的法袍	12000	0	0	0	1	1	119	218	0	0	0	39	72	0	0	0	0	0	0	0	0	0	0
1111011003	精品神恩法袍+3	108	10	1	3	1	21357	0	光明神赐予大魔导师的法袍	13000	0	0	0	1	1	123	222	0	0	0	41	74	0	0	0	0	0	0	0	0	0	0
1111011004	精品神恩法袍+4	108	10	1	3	1	21357	0	光明神赐予大魔导师的法袍	14000	1000	31000	0	1	1	127	226	0	0	0	42	75	0	0	0	0	0	0	0	0	0	0
1111011005	精品神恩法袍+5	108	10	2	3	1	21357	0	光明神赐予大魔导师的法袍	15000	2000	31000	0	1	1	131	230	0	0	0	43	76	0	0	0	0	0	0	0	0	0	0
1111011006	精品神恩法袍+6	108	10	2	3	1	21357	0	光明神赐予大魔导师的法袍	16000	3000	31000	0	1	1	135	234	0	0	0	45	78	0	0	0	0	0	0	0	0	0	0
1111011007	精品神恩法袍+7	108	10	2	3	1	21357	0	光明神赐予大魔导师的法袍	17000	4000	31000	0	1	1	139	238	0	0	0	46	79	0	0	0	0	0	0	0	0	0	0
1111011008	精品神恩法袍+8	108	10	3	3	1	21357	0	光明神赐予大魔导师的法袍	18000	6000	31000	0	1	1	143	242	0	0	0	47	80	0	0	0	0	0	0	0	0	0	0
1111011009	精品神恩法袍+9	108	10	3	3	1	21357	0	光明神赐予大魔导师的法袍	19000	8000	31000	0	1	1	147	246	0	0	0	49	82	0	0	0	0	0	0	0	0	0	0
1111011010	精品神恩法袍+10	108	10	4	3	1	21357	0	光明神赐予大魔导师的法袍	0	10000	31000	0	1	1	151	250	0	0	0	50	83	0	0	0	0	0	0	0	0	0	0
1111021000	极品神恩法袍	108	10	0	3	2	21357	0	光明神赐予大魔导师的法袍	10000	0	0	0	1	1	111	210	0	0	0	37	70	2	0	0	0	2	0	0	0	0	0
1111021001	极品神恩法袍+1	108	10	0	3	2	21357	0	光明神赐予大魔导师的法袍	11000	0	0	0	1	1	115	214	0	0	0	38	71	2	0	0	0	2	0	0	0	0	0
1111021002	极品神恩法袍+2	108	10	0	3	2	21357	0	光明神赐予大魔导师的法袍	12000	0	0	0	1	1	119	218	0	0	0	39	72	2	0	0	0	2	0	0	0	0	0
1111021003	极品神恩法袍+3	108	10	2	3	2	21357	0	光明神赐予大魔导师的法袍	13000	0	0	0	1	1	123	222	0	0	0	41	74	2	0	0	0	2	0	0	0	0	0
1111021004	极品神恩法袍+4	108	10	2	3	2	21357	0	光明神赐予大魔导师的法袍	14000	0	0	0	1	1	127	226	0	0	0	42	75	2	0	0	0	2	0	0	0	0	0
1111021005	极品神恩法袍+5	108	10	3	3	2	21357	0	光明神赐予大魔导师的法袍	15000	200	35000	0	1	1	131	230	0	0	0	43	76	2	0	0	0	2	0	0	0	0	0
1111021006	极品神恩法袍+6	108	10	3	3	2	21357	0	光明神赐予大魔导师的法袍	16000	400	35000	0	1	1	135	234	0	0	0	45	78	2	0	0	0	2	0	0	0	0	0
1111021007	极品神恩法袍+7	108	10	3	3	2	21357	0	光明神赐予大魔导师的法袍	17000	600	35000	0	1	1	139	238	0	0	0	46	79	2	0	0	0	2	0	0	0	0	0
1111021008	极品神恩法袍+8	108	10	4	3	2	21357	0	光明神赐予大魔导师的法袍	18000	800	35000	0	1	1	143	242	0	0	0	47	80	2	0	0	0	2	0	0	0	0	0
1111021009	极品神恩法袍+9	108	10	4	3	2	21357	0	光明神赐予大魔导师的法袍	19000	1000	35000	0	1	1	147	246	0	0	0	49	82	2	0	0	0	2	0	0	0	0	0
1111021010	极品神恩法袍+10	108	10	5	3	2	21357	0	光明神赐予大魔导师的法袍	0	1200	35000	0	1	1	151	250	0	0	0	50	83	2	0	0	0	2	0	0	0	0	0
1111031000	完美神恩法袍	108	10	0	3	3	5760000	173	光明神赐予大魔导师的法袍	10000	0	0	672	1	1	111	210	0	0	0	37	70	2	0	0	10	2	0	0	10	300	500
1111031001	完美神恩法袍+1	108	10	0	3	3	5760000	173	光明神赐予大魔导师的法袍	11000	0	0	672	1	1	115	214	0	0	0	38	71	2	0	0	10	2	0	0	10	305	500
1111031002	完美神恩法袍+2	108	10	0	3	3	5760000	173	光明神赐予大魔导师的法袍	12000	0	0	672	1	1	119	218	0	0	0	39	72	2	0	0	10	2	0	0	10	310	500
1111031003	完美神恩法袍+3	108	10	3	3	3	5760000	173	光明神赐予大魔导师的法袍	13000	0	0	672	1	1	123	222	0	0	0	41	74	2	0	0	10	2	0	0	10	315	500
1111031004	完美神恩法袍+4	108	10	3	3	3	5760000	173	光明神赐予大魔导师的法袍	14000	0	0	672	1	1	127	226	0	0	0	42	75	2	0	0	10	2	0	0	10	320	500
1111031005	完美神恩法袍+5	108	10	4	3	3	5760000	173	光明神赐予大魔导师的法袍	15000	0	0	672	1	1	131	230	0	0	0	43	76	2	0	0	10	2	0	0	10	325	500
1111031006	完美神恩法袍+6	108	10	4	3	3	5760000	173	光明神赐予大魔导师的法袍	16000	0	0	672	1	1	135	234	0	0	0	45	78	2	0	0	10	2	0	0	10	330	500
1111031007	完美神恩法袍+7	108	10	4	3	3	5760000	173	光明神赐予大魔导师的法袍	17000	70	39000	672	1	1	139	238	0	0	0	46	79	2	0	0	10	2	0	0	10	335	500
1111031008	完美神恩法袍+8	108	10	5	3	3	5760000	173	光明神赐予大魔导师的法袍	18000	170	39000	672	1	1	143	242	0	0	0	47	80	2	0	0	10	2	0	0	10	340	500
1111031009	完美神恩法袍+9	108	10	5	3	3	5760000	173	光明神赐予大魔导师的法袍	19000	270	39000	672	1	1	147	246	0	0	0	49	82	2	0	0	10	2	0	0	10	345	500
1111031010	完美神恩法袍+10	108	10	6	3	3	5760000	173	光明神赐予大魔导师的法袍	0	370	39000	672	1	1	151	250	0	0	0	50	83	2	0	0	10	2	0	0	10	350	500
1111041000	神品神恩法袍	108	10	0	3	4	9600000	288	光明神赐予大魔导师的法袍	10000	0	0	1120	1	1	111	210	0	0	0	37	70	2	10	10	10	2	10	10	10	300	500
1111041001	神品神恩法袍+1	108	10	0	3	4	9600000	288	光明神赐予大魔导师的法袍	11000	0	0	1120	1	1	115	214	0	0	0	38	71	2	10	10	10	2	10	10	10	305	500
1111041002	神品神恩法袍+2	108	10	0	3	4	9600000	288	光明神赐予大魔导师的法袍	12000	0	0	1120	1	1	119	218	0	0	0	39	72	2	10	10	10	2	10	10	10	310	500
1111041003	神品神恩法袍+3	108	10	4	3	4	9600000	288	光明神赐予大魔导师的法袍	13000	0	0	1120	1	1	123	222	0	0	0	41	74	2	10	10	10	2	10	10	10	315	500
1111041004	神品神恩法袍+4	108	10	4	3	4	9600000	288	光明神赐予大魔导师的法袍	14000	0	0	1120	1	1	127	226	0	0	0	42	75	2	10	10	10	2	10	10	10	320	500
1111041005	神品神恩法袍+5	108	10	5	3	4	9600000	288	光明神赐予大魔导师的法袍	15000	0	0	1120	1	1	131	230	0	0	0	43	76	2	10	10	10	2	10	10	10	325	500
1111041006	神品神恩法袍+6	108	10	5	3	4	9600000	288	光明神赐予大魔导师的法袍	16000	0	0	1120	1	1	135	234	0	0	0	45	78	2	10	10	10	2	10	10	10	330	500
1111041007	神品神恩法袍+7	108	10	5	3	4	9600000	288	光明神赐予大魔导师的法袍	17000	0	0	1120	1	1	139	238	0	0	0	46	79	2	10	10	10	2	10	10	10	335	500
1111041008	神品神恩法袍+8	108	10	6	3	4	9600000	288	光明神赐予大魔导师的法袍	18000	0	0	1120	1	1	143	242	0	0	0	47	80	2	10	10	10	2	10	10	10	340	500
1111041009	神品神恩法袍+9	108	10	6	3	4	9600000	288	光明神赐予大魔导师的法袍	19000	0	0	1120	1	1	147	246	0	0	0	49	82	2	10	10	10	2	10	10	10	345	500
1111041010	神品神恩法袍+10	108	10	7	3	4	9600000	288	光明神赐予大魔导师的法袍	0	0	0	1120	1	1	151	250	0	0	0	50	83	2	10	10	10	2	10	10	10	350	500
1111001100	天光法袍	120	11	0	3	0	38442	0	反抗世间一切力量的法袍	15000	0	0	0	1	1	126	250	0	0	0	0	0	0	0	0	0	0	0	0	0	0	0
1111001101	天光法袍+1	120	11	0	3	0	38442	0	反抗世间一切力量的法袍	17000	0	0	0	1	1	131	255	0	0	0	0	0	0	0	0	0	0	0	0	0	0	0
1111001102	天光法袍+2	120	11	0	3	0	38442	0	反抗世间一切力量的法袍	19000	0	0	0	1	1	136	260	0	0	0	0	0	0	0	0	0	0	0	0	0	0	0
1111001103	天光法袍+3	120	11	0	3	0	38442	0	反抗世间一切力量的法袍	21000	5000	35000	0	1	1	141	265	0	0	0	0	0	0	0	0	0	0	0	0	0	0	0
1111001104	天光法袍+4	120	11	0	3	0	38442	0	反抗世间一切力量的法袍	23000	5500	35000	0	1	1	146	270	0	0	0	0	0	0	0	0	0	0	0	0	0	0	0
1111001105	天光法袍+5	120	11	0	3	0	38442	0	反抗世间一切力量的法袍	25000	6000	35000	0	1	1	151	275	0	0	0	0	0	0	0	0	0	0	0	0	0	0	0
1111001106	天光法袍+6	120	11	0	3	0	38442	0	反抗世间一切力量的法袍	27000	6500	35000	0	1	1	156	280	0	0	0	0	0	0	0	0	0	0	0	0	0	0	0
1111001107	天光法袍+7	120	11	0	3	0	38442	0	反抗世间一切力量的法袍	29000	7000	35000	0	1	1	161	285	0	0	0	0	0	0	0	0	0	0	0	0	0	0	0
1111001108	天光法袍+8	120	11	0	3	0	38442	0	反抗世间一切力量的法袍	31000	7500	35000	0	1	1	166	290	0	0	0	0	0	0	0	0	0	0	0	0	0	0	0
1111001109	天光法袍+9	120	11	0	3	0	38442	0	反抗世间一切力量的法袍	33000	8000	35000	0	1	1	171	295	0	0	0	0	0	0	0	0	0	0	0	0	0	0	0
1111001110	天光法袍+10	120	11	0	3	0	38442	0	反抗世间一切力量的法袍	0	8500	35000	0	1	1	176	300	0	0	0	0	0	0	0	0	0	0	0	0	0	0	0
1111011100	精品天光法袍	120	11	0	3	1	38442	0	反抗世间一切力量的法袍	15000	0	0	0	1	1	126	250	0	0	0	42	83	0	0	0	0	0	0	0	0	0	0
1111011101	精品天光法袍+1	120	11	0	3	1	38442	0	反抗世间一切力量的法袍	17000	0	0	0	1	1	131	255	0	0	0	43	85	0	0	0	0	0	0	0	0	0	0
1111011102	精品天光法袍+2	120	11	0	3	1	38442	0	反抗世间一切力量的法袍	19000	0	0	0	1	1	136	260	0	0	0	45	86	0	0	0	0	0	0	0	0	0	0
1111011103	精品天光法袍+3	120	11	1	3	1	38442	0	反抗世间一切力量的法袍	21000	0	0	0	1	1	141	265	0	0	0	47	88	0	0	0	0	0	0	0	0	0	0
1111011104	精品天光法袍+4	120	11	1	3	1	38442	0	反抗世间一切力量的法袍	23000	1000	40000	0	1	1	146	270	0	0	0	48	90	0	0	0	0	0	0	0	0	0	0
1111011105	精品天光法袍+5	120	11	2	3	1	38442	0	反抗世间一切力量的法袍	25000	2000	40000	0	1	1	151	275	0	0	0	50	91	0	0	0	0	0	0	0	0	0	0
1111011106	精品天光法袍+6	120	11	2	3	1	38442	0	反抗世间一切力量的法袍	27000	3000	40000	0	1	1	156	280	0	0	0	52	93	0	0	0	0	0	0	0	0	0	0
1111011107	精品天光法袍+7	120	11	2	3	1	38442	0	反抗世间一切力量的法袍	29000	4000	40000	0	1	1	161	285	0	0	0	53	95	0	0	0	0	0	0	0	0	0	0
1111011108	精品天光法袍+8	120	11	3	3	1	38442	0	反抗世间一切力量的法袍	31000	6000	40000	0	1	1	166	290	0	0	0	55	96	0	0	0	0	0	0	0	0	0	0
1111011109	精品天光法袍+9	120	11	3	3	1	38442	0	反抗世间一切力量的法袍	33000	8000	40000	0	1	1	171	295	0	0	0	57	98	0	0	0	0	0	0	0	0	0	0
1111011110	精品天光法袍+10	120	11	4	3	1	38442	0	反抗世间一切力量的法袍	0	10000	40000	0	1	1	176	300	0	0	0	58	100	0	0	0	0	0	0	0	0	0	0
1111021100	极品天光法袍	120	11	0	3	2	38442	0	反抗世间一切力量的法袍	15000	0	0	0	1	1	126	250	0	0	0	42	83	2	0	0	0	2	0	0	0	0	0
1111021101	极品天光法袍+1	120	11	0	3	2	38442	0	反抗世间一切力量的法袍	17000	0	0	0	1	1	131	255	0	0	0	43	85	2	0	0	0	2	0	0	0	0	0
1111021102	极品天光法袍+2	120	11	0	3	2	38442	0	反抗世间一切力量的法袍	19000	0	0	0	1	1	136	260	0	0	0	45	86	2	0	0	0	2	0	0	0	0	0
1111021103	极品天光法袍+3	120	11	2	3	2	38442	0	反抗世间一切力量的法袍	21000	0	0	0	1	1	141	265	0	0	0	47	88	2	0	0	0	2	0	0	0	0	0
1111021104	极品天光法袍+4	120	11	2	3	2	38442	0	反抗世间一切力量的法袍	23000	0	0	0	1	1	146	270	0	0	0	48	90	2	0	0	0	2	0	0	0	0	0
1111021105	极品天光法袍+5	120	11	3	3	2	38442	0	反抗世间一切力量的法袍	25000	100	50000	0	1	1	151	275	0	0	0	50	91	2	0	0	0	2	0	0	0	0	0
1111021106	极品天光法袍+6	120	11	3	3	2	38442	0	反抗世间一切力量的法袍	27000	300	50000	0	1	1	156	280	0	0	0	52	93	2	0	0	0	2	0	0	0	0	0
1111021107	极品天光法袍+7	120	11	3	3	2	38442	0	反抗世间一切力量的法袍	29000	500	50000	0	1	1	161	285	0	0	0	53	95	2	0	0	0	2	0	0	0	0	0
1111021108	极品天光法袍+8	120	11	4	3	2	38442	0	反抗世间一切力量的法袍	31000	700	50000	0	1	1	166	290	0	0	0	55	96	2	0	0	0	2	0	0	0	0	0
1111021109	极品天光法袍+9	120	11	4	3	2	38442	0	反抗世间一切力量的法袍	33000	900	50000	0	1	1	171	295	0	0	0	57	98	2	0	0	0	2	0	0	0	0	0
1111021110	极品天光法袍+10	120	11	5	3	2	38442	0	反抗世间一切力量的法袍	0	1100	50000	0	1	1	176	300	0	0	0	58	100	2	0	0	0	2	0	0	0	0	0
1111031100	完美天光法袍	120	11	0	3	3	7440000	223	反抗世间一切力量的法袍	15000	0	0	0	1	1	126	250	0	0	0	42	83	2	0	0	10	2	0	0	10	330	550
1111031101	完美天光法袍+1	120	11	0	3	3	7440000	223	反抗世间一切力量的法袍	17000	0	0	0	1	1	131	255	0	0	0	43	85	2	0	0	10	2	0	0	10	335	550
1111031102	完美天光法袍+2	120	11	0	3	3	7440000	223	反抗世间一切力量的法袍	19000	0	0	0	1	1	136	260	0	0	0	45	86	2	0	0	10	2	0	0	10	340	550
1111031103	完美天光法袍+3	120	11	3	3	3	7440000	223	反抗世间一切力量的法袍	21000	0	0	0	1	1	141	265	0	0	0	47	88	2	0	0	10	2	0	0	10	345	550
1111031104	完美天光法袍+4	120	11	3	3	3	7440000	223	反抗世间一切力量的法袍	23000	0	0	0	1	1	146	270	0	0	0	48	90	2	0	0	10	2	0	0	10	350	550
1111031105	完美天光法袍+5	120	11	4	3	3	7440000	223	反抗世间一切力量的法袍	25000	0	0	0	1	1	151	275	0	0	0	50	91	2	0	0	10	2	0	0	10	355	550
1111031106	完美天光法袍+6	120	11	4	3	3	7440000	223	反抗世间一切力量的法袍	27000	0	0	0	1	1	156	280	0	0	0	52	93	2	0	0	10	2	0	0	10	360	550
1111031107	完美天光法袍+7	120	11	4	3	3	7440000	223	反抗世间一切力量的法袍	29000	70	60000	0	1	1	161	285	0	0	0	53	95	2	0	0	10	2	0	0	10	365	550
1111031108	完美天光法袍+8	120	11	5	3	3	7440000	223	反抗世间一切力量的法袍	31000	170	60000	0	1	1	166	290	0	0	0	55	96	2	0	0	10	2	0	0	10	370	550
1111031109	完美天光法袍+9	120	11	5	3	3	7440000	223	反抗世间一切力量的法袍	33000	270	60000	0	1	1	171	295	0	0	0	57	98	2	0	0	10	2	0	0	10	375	550
1111031110	完美天光法袍+10	120	11	6	3	3	7440000	223	反抗世间一切力量的法袍	0	370	60000	0	1	1	176	300	0	0	0	58	100	2	0	0	10	2	0	0	10	380	550
1111041100	神品天光法袍	120	11	0	3	4	12400000	372	反抗世间一切力量的法袍	15000	0	0	0	1	1	126	250	0	0	0	42	83	2	10	10	10	2	10	10	10	330	550
1111041101	神品天光法袍+1	120	11	0	3	4	12400000	372	反抗世间一切力量的法袍	17000	0	0	0	1	1	131	255	0	0	0	43	85	2	10	10	10	2	10	10	10	335	550
1111041102	神品天光法袍+2	120	11	0	3	4	12400000	372	反抗世间一切力量的法袍	19000	0	0	0	1	1	136	260	0	0	0	45	86	2	10	10	10	2	10	10	10	340	550
1111041103	神品天光法袍+3	120	11	4	3	4	12400000	372	反抗世间一切力量的法袍	21000	0	0	0	1	1	141	265	0	0	0	47	88	2	10	10	10	2	10	10	10	345	550
1111041104	神品天光法袍+4	120	11	4	3	4	12400000	372	反抗世间一切力量的法袍	23000	0	0	0	1	1	146	270	0	0	0	48	90	2	10	10	10	2	10	10	10	350	550
1111041105	神品天光法袍+5	120	11	5	3	4	12400000	372	反抗世间一切力量的法袍	25000	0	0	0	1	1	151	275	0	0	0	50	91	2	10	10	10	2	10	10	10	355	550
1111041106	神品天光法袍+6	120	11	5	3	4	12400000	372	反抗世间一切力量的法袍	27000	0	0	0	1	1	156	280	0	0	0	52	93	2	10	10	10	2	10	10	10	360	550
1111041107	神品天光法袍+7	120	11	5	3	4	12400000	372	反抗世间一切力量的法袍	29000	0	0	0	1	1	161	285	0	0	0	53	95	2	10	10	10	2	10	10	10	365	550
1111041108	神品天光法袍+8	120	11	6	3	4	12400000	372	反抗世间一切力量的法袍	31000	0	0	0	1	1	166	290	0	0	0	55	96	2	10	10	10	2	10	10	10	370	550
1111041109	神品天光法袍+9	120	11	6	3	4	12400000	372	反抗世间一切力量的法袍	33000	0	0	0	1	1	171	295	0	0	0	57	98	2	10	10	10	2	10	10	10	375	550
1111041110	神品天光法袍+10	120	11	7	3	4	12400000	372	反抗世间一切力量的法袍	0	0	0	0	1	1	176	300	0	0	0	58	100	2	10	10	10	2	10	10	10	380	550
1111031200	超级新手法袍	0	4	0	1	3	1100000	83	为新手准备的超级装备	1200	0	0	0	1	1	34	51	0	0	0	11	17	2	0	0	10	2	0	0	10	120	200
1111031201	超级新手法袍+1	0	4	0	1	3	1100000	83	为新手准备的超级装备	1300	0	0	0	1	1	37	54	0	0	0	12	18	2	0	0	10	2	0	0	10	125	200
1111031202	超级新手法袍+2	0	4	0	1	3	1100000	83	为新手准备的超级装备	1400	0	0	0	1	1	40	57	0	0	0	13	19	2	0	0	10	2	0	0	10	130	200
1111031203	超级新手法袍+3	0	4	5	1	3	1100000	83	为新手准备的超级装备	1500	0	0	0	1	1	43	60	0	0	0	14	20	2	0	0	10	2	0	0	10	135	200
1111031204	超级新手法袍+4	0	4	5	1	3	1100000	83	为新手准备的超级装备	1600	0	0	0	1	1	46	63	0	0	0	15	21	2	0	0	10	2	0	0	10	140	200
1111031205	超级新手法袍+5	0	4	6	1	3	1100000	83	为新手准备的超级装备	1700	0	0	0	1	1	49	66	0	0	0	16	22	2	0	0	10	2	0	0	10	145	200
1111031206	超级新手法袍+6	0	4	6	1	3	1100000	83	为新手准备的超级装备	1800	0	0	0	1	1	52	69	0	0	0	17	23	2	0	0	10	2	0	0	10	150	200
1111031207	超级新手法袍+7	0	4	6	1	3	1100000	83	为新手准备的超级装备	1900	0	0	0	1	1	55	72	0	0	0	18	24	2	0	0	10	2	0	0	10	155	200
1111031208	超级新手法袍+8	0	4	7	1	3	1100000	83	为新手准备的超级装备	2000	0	0	0	1	1	58	75	0	0	0	19	25	2	0	0	10	2	0	0	10	160	200
1111031209	超级新手法袍+9	0	4	7	1	3	1100000	83	为新手准备的超级装备	2100	0	0	0	1	1	61	78	0	0	0	20	26	2	0	0	10	2	0	0	10	165	200
1111031210	超级新手法袍+10	0	4	8	1	3	1100000	83	为新手准备的超级装备	0	0	0	0	1	1	64	81	0	0	0	21	27	2	0	0	10	2	0	0	10	170	200
1111031300	超级小强法袍	36	7	0	2	3	8800000	660	为小强准备的超级装备	3000	0	0	0	1	1	69	115	0	0	0	23	38	2	0	0	10	2	0	0	10	210	350
1111031301	超级小强法袍+1	36	7	0	2	3	8800000	660	为小强准备的超级装备	3500	0	0	0	1	1	73	119	0	0	0	24	39	2	0	0	10	2	0	0	10	215	350
1111031302	超级小强法袍+2	36	7	0	2	3	8800000	660	为小强准备的超级装备	4000	0	0	0	1	1	77	123	0	0	0	25	41	2	0	0	10	2	0	0	10	220	350
1111031303	超级小强法袍+3	36	7	5	2	3	8800000	660	为小强准备的超级装备	4500	0	0	0	1	1	81	127	0	0	0	27	42	2	0	0	10	2	0	0	10	225	350
1111031304	超级小强法袍+4	36	7	5	2	3	8800000	660	为小强准备的超级装备	5000	0	0	0	1	1	85	131	0	0	0	28	43	2	0	0	10	2	0	0	10	230	350
1111031305	超级小强法袍+5	36	7	6	2	3	8800000	660	为小强准备的超级装备	5500	0	0	0	1	1	89	135	0	0	0	29	45	2	0	0	10	2	0	0	10	235	350
1111031306	超级小强法袍+6	36	7	6	2	3	8800000	660	为小强准备的超级装备	6000	0	0	0	1	1	93	139	0	0	0	31	46	2	0	0	10	2	0	0	10	240	350
1111031307	超级小强法袍+7	36	7	6	2	3	8800000	660	为小强准备的超级装备	6500	0	0	0	1	1	97	143	0	0	0	32	47	2	0	0	10	2	0	0	10	245	350
1111031308	超级小强法袍+8	36	7	7	2	3	8800000	660	为小强准备的超级装备	7000	0	0	0	1	1	101	147	0	0	0	33	49	2	0	0	10	2	0	0	10	250	350
1111031309	超级小强法袍+9	36	7	7	2	3	8800000	660	为小强准备的超级装备	7500	0	0	0	1	1	105	151	0	0	0	35	50	2	0	0	10	2	0	0	10	255	350
1111031310	超级小强法袍+10	36	7	8	2	3	8800000	660	为小强准备的超级装备	0	0	0	0	1	1	109	155	0	0	0	36	51	2	0	0	10	2	0	0	10	260	350
1111031400	超级专业法袍	60	10	0	3	3	32000000	2400	为专业人士准备的超级装备	10000	0	0	0	1	1	111	210	0	0	0	37	70	2	0	0	10	2	0	0	10	300	500
1111031401	超级专业法袍+1	60	10	0	3	3	32000000	2400	为专业人士准备的超级装备	11000	0	0	0	1	1	115	214	0	0	0	38	71	2	0	0	10	2	0	0	10	305	500
1111031402	超级专业法袍+2	60	10	0	3	3	32000000	2400	为专业人士准备的超级装备	12000	0	0	0	1	1	119	218	0	0	0	39	72	2	0	0	10	2	0	0	10	310	500
1111031403	超级专业法袍+3	60	10	5	3	3	32000000	2400	为专业人士准备的超级装备	13000	0	0	0	1	1	123	222	0	0	0	41	74	2	0	0	10	2	0	0	10	315	500
1111031404	超级专业法袍+4	60	10	5	3	3	32000000	2400	为专业人士准备的超级装备	14000	0	0	0	1	1	127	226	0	0	0	42	75	2	0	0	10	2	0	0	10	320	500
1111031405	超级专业法袍+5	60	10	6	3	3	32000000	2400	为专业人士准备的超级装备	15000	0	0	0	1	1	131	230	0	0	0	43	76	2	0	0	10	2	0	0	10	325	500
1111031406	超级专业法袍+6	60	10	6	3	3	32000000	2400	为专业人士准备的超级装备	16000	0	0	0	1	1	135	234	0	0	0	45	78	2	0	0	10	2	0	0	10	330	500
1111031407	超级专业法袍+7	60	10	6	3	3	32000000	2400	为专业人士准备的超级装备	17000	0	0	0	1	1	139	238	0	0	0	46	79	2	0	0	10	2	0	0	10	335	500
1111031408	超级专业法袍+8	60	10	7	3	3	32000000	2400	为专业人士准备的超级装备	18000	0	0	0	1	1	143	242	0	0	0	47	80	2	0	0	10	2	0	0	10	340	500
1111031409	超级专业法袍+9	60	10	7	3	3	32000000	2400	为专业人士准备的超级装备	19000	0	0	0	1	1	147	246	0	0	0	49	82	2	0	0	10	2	0	0	10	345	500
1111031410	超级专业法袍+10	60	10	8	3	3	32000000	2400	为专业人士准备的超级装备	0	0	0	0	1	1	151	250	0	0	0	50	83	2	0	0	10	2	0	0	10	350	500
1111031500	超级噬魂法袍	96	11	0	3	3	52000000	3900	恶魔的贡品	20000	0	0	0	1	1	153	305	0	0	0	51	102	2	0	0	10	2	0	0	10	390	650
1111031501	超级噬魂法袍+1	96	11	0	3	3	52000000	3900	恶魔的贡品	21000	0	0	0	1	1	157	309	0	0	0	53	104	2	0	0	10	2	0	0	10	395	650
1111031502	超级噬魂法袍+2	96	11	0	3	3	52000000	3900	恶魔的贡品	22000	0	0	0	1	1	161	313	0	0	0	55	106	2	0	0	10	2	0	0	10	400	650
1111031503	超级噬魂法袍+3	96	11	5	3	3	52000000	3900	恶魔的贡品	23000	0	0	0	1	1	165	317	0	0	0	57	108	2	0	0	10	2	0	0	10	405	650
1111031504	超级噬魂法袍+4	96	11	5	3	3	52000000	3900	恶魔的贡品	24000	0	0	0	1	1	169	321	0	0	0	59	110	2	0	0	10	2	0	0	10	410	650
1111031505	超级噬魂法袍+5	96	11	6	3	3	52000000	3900	恶魔的贡品	25000	0	0	0	1	1	173	325	0	0	0	61	112	2	0	0	10	2	0	0	10	415	650
1111031506	超级噬魂法袍+6	96	11	6	3	3	52000000	3900	恶魔的贡品	26000	0	0	0	1	1	177	329	0	0	0	63	114	2	0	0	10	2	0	0	10	420	650
1111031507	超级噬魂法袍+7	96	11	6	3	3	52000000	3900	恶魔的贡品	27000	0	0	0	1	1	181	333	0	0	0	65	116	2	0	0	10	2	0	0	10	425	650
1111031508	超级噬魂法袍+8	96	11	7	3	3	52000000	3900	恶魔的贡品	28000	0	0	0	1	1	185	337	0	0	0	67	118	2	0	0	10	2	0	0	10	430	650
1111031509	超级噬魂法袍+9	96	11	7	3	3	52000000	3900	恶魔的贡品	29000	0	0	0	1	1	189	341	0	0	0	69	120	2	0	0	10	2	0	0	10	435	650
1111031510	超级噬魂法袍+10	96	11	8	3	3	52000000	3900	恶魔的贡品	0	0	0	0	1	1	193	345	0	0	0	71	122	2	0	0	10	2	0	0	10	440	650
1111031600	超级化神法袍	120	12	0	3	3	70000000	5250	上帝的恩赐	30000	0	0	0	1	1	195	400	0	0	0	72	141	2	0	0	10	2	0	0	10	480	800
1111031601	超级化神法袍+1	120	12	0	3	3	70000000	5250	上帝的恩赐	31000	0	0	0	1	1	199	404	0	0	0	74	143	2	0	0	10	2	0	0	10	485	800
1111031602	超级化神法袍+2	120	12	0	3	3	70000000	5250	上帝的恩赐	32000	0	0	0	1	1	203	408	0	0	0	76	145	2	0	0	10	2	0	0	10	490	800
1111031603	超级化神法袍+3	120	12	5	3	3	70000000	5250	上帝的恩赐	33000	0	0	0	1	1	207	412	0	0	0	78	147	2	0	0	10	2	0	0	10	495	800
1111031604	超级化神法袍+4	120	12	5	3	3	70000000	5250	上帝的恩赐	34000	0	0	0	1	1	211	416	0	0	0	80	149	2	0	0	10	2	0	0	10	500	800
1111031605	超级化神法袍+5	120	12	6	3	3	70000000	5250	上帝的恩赐	35000	0	0	0	1	1	215	420	0	0	0	82	151	2	0	0	10	2	0	0	10	505	800
1111031606	超级化神法袍+6	120	12	6	3	3	70000000	5250	上帝的恩赐	36000	0	0	0	1	1	219	424	0	0	0	84	153	2	0	0	10	2	0	0	10	510	800
1111031607	超级化神法袍+7	120	12	6	3	3	70000000	5250	上帝的恩赐	37000	0	0	0	1	1	223	428	0	0	0	86	155	2	0	0	10	2	0	0	10	515	800
1111031608	超级化神法袍+8	120	12	7	3	3	70000000	5250	上帝的恩赐	38000	0	0	0	1	1	227	432	0	0	0	88	157	2	0	0	10	2	0	0	10	520	800
1111031609	超级化神法袍+9	120	12	7	3	3	70000000	5250	上帝的恩赐	39000	0	0	0	1	1	231	436	0	0	0	90	159	2	0	0	10	2	0	0	10	525	800
1111031610	超级化神法袍+10	120	12	8	3	3	70000000	5250	上帝的恩赐	0	0	0	0	1	1	235	440	0	0	0	92	161	2	0	0	10	2	0	0	10	530	800
