编号	名字	等级需求	光影等级	图标	品质	金币	元宝	描述	升等费用	精炼几率	精炼费用	升级费用	种族要求	装备类型	物理防御	魔法防御	闪避	移动时间增加	格档	附加物理防御	附加魔法防御	物防加成（等级）	物防加成（强壮）	物防加成（敏捷）	物防加成（智慧）	魔防加成（等级）	魔防加成（强壮）	魔防加成（敏捷）	魔防加成（智慧）	附加生命上限	附加魔法上限
id	name	requiredLevel	haloIndex	icon	quality	moneyCost	treasureCost	description	increaseCost	refineRate	refineCost	upgradeCost	requiredRace	eType	physicalDefense	magicDefense	evadingAbility	stepTime	withstandingRate	extraPhysicalDefense	extraMagicDefense	pdLevelFactor	pdStrengthFactor	pdDexterityFactor	pdWisdomFactor	mdLevelFactor	mdStrengthFactor	mdDexterityFactor	mdWisdomFactor	lifeRaised	manaRaised
1121000100	粗布帽	0	0	1	0	9	0	很普通的布制帽子	0	0	0	0	1	2	1	2	0	0	0	0	0	0	0	0	0	0	0	0	0	0	0
1121000101	粗布帽+1	0	0	1	0	9	0	很普通的布制帽子	0	0	0	0	1	2	3	4	0	0	0	0	0	0	0	0	0	0	0	0	0	0	0
1121000102	粗布帽+2	0	0	1	0	9	0	很普通的布制帽子	0	0	0	0	1	2	5	6	0	0	0	0	0	0	0	0	0	0	0	0	0	0	0
1121000103	粗布帽+3	0	0	1	0	9	0	很普通的布制帽子	0	0	0	0	1	2	7	8	0	0	0	0	0	0	0	0	0	0	0	0	0	0	0
1121000104	粗布帽+4	0	0	1	0	9	0	很普通的布制帽子	0	0	0	0	1	2	9	10	0	0	0	0	0	0	0	0	0	0	0	0	0	0	0
1121000105	粗布帽+5	0	0	1	0	9	0	很普通的布制帽子	0	0	0	0	1	2	11	12	0	0	0	0	0	0	0	0	0	0	0	0	0	0	0
1121000106	粗布帽+6	0	0	1	0	9	0	很普通的布制帽子	0	0	0	0	1	2	13	14	0	0	0	0	0	0	0	0	0	0	0	0	0	0	0
1121000107	粗布帽+7	0	0	1	0	9	0	很普通的布制帽子	0	0	0	0	1	2	15	16	0	0	0	0	0	0	0	0	0	0	0	0	0	0	0
1121000108	粗布帽+8	0	0	1	0	9	0	很普通的布制帽子	0	0	0	0	1	2	17	18	0	0	0	0	0	0	0	0	0	0	0	0	0	0	0
1121000109	粗布帽+9	0	0	1	0	9	0	很普通的布制帽子	0	0	0	0	1	2	19	20	0	0	0	0	0	0	0	0	0	0	0	0	0	0	0
1121000110	粗布帽+10	0	0	1	0	9	0	很普通的布制帽子	0	0	0	0	1	2	21	22	0	0	0	0	0	0	0	0	0	0	0	0	0	0	0
1121000200	兽皮帽	12	0	2	0	500	0	动物皮所制成的帽子	500	0	0	0	1	2	7	10	0	0	0	0	0	0	0	0	0	0	0	0	0	0	0
1121000201	兽皮帽+1	12	0	2	0	500	0	动物皮所制成的帽子	600	0	0	0	1	2	9	12	0	0	0	0	0	0	0	0	0	0	0	0	0	0	0
1121000202	兽皮帽+2	12	0	2	0	500	0	动物皮所制成的帽子	700	0	0	0	1	2	11	14	0	0	0	0	0	0	0	0	0	0	0	0	0	0	0
1121000203	兽皮帽+3	12	0	2	0	500	0	动物皮所制成的帽子	800	10000	500	0	1	2	13	16	0	0	0	0	0	0	0	0	0	0	0	0	0	0	0
1121000204	兽皮帽+4	12	0	2	0	500	0	动物皮所制成的帽子	900	10000	500	0	1	2	15	18	0	0	0	0	0	0	0	0	0	0	0	0	0	0	0
1121000205	兽皮帽+5	12	0	2	0	500	0	动物皮所制成的帽子	1000	10000	500	0	1	2	17	20	0	0	0	0	0	0	0	0	0	0	0	0	0	0	0
1121000206	兽皮帽+6	12	0	2	0	500	0	动物皮所制成的帽子	1100	10000	500	0	1	2	19	22	0	0	0	0	0	0	0	0	0	0	0	0	0	0	0
1121000207	兽皮帽+7	12	0	2	0	500	0	动物皮所制成的帽子	1200	10000	500	0	1	2	21	24	0	0	0	0	0	0	0	0	0	0	0	0	0	0	0
1121000208	兽皮帽+8	12	0	2	0	500	0	动物皮所制成的帽子	1300	10000	500	0	1	2	23	26	0	0	0	0	0	0	0	0	0	0	0	0	0	0	0
1121000209	兽皮帽+9	12	0	2	0	500	0	动物皮所制成的帽子	1400	10000	500	0	1	2	25	28	0	0	0	0	0	0	0	0	0	0	0	0	0	0	0
1121000210	兽皮帽+10	12	0	2	0	500	0	动物皮所制成的帽子	0	10000	500	0	1	2	27	30	0	0	0	0	0	0	0	0	0	0	0	0	0	0	0
1121010200	精品兽皮帽	12	0	2	1	500	0	动物皮所制成的帽子	500	0	0	0	1	2	7	10	0	0	0	2	3	0	0	0	0	0	0	0	0	0	0
1121010201	精品兽皮帽+1	12	0	2	1	500	0	动物皮所制成的帽子	600	0	0	0	1	2	9	12	0	0	0	3	4	0	0	0	0	0	0	0	0	0	0
1121010202	精品兽皮帽+2	12	0	2	1	500	0	动物皮所制成的帽子	700	0	0	0	1	2	11	14	0	0	0	3	4	0	0	0	0	0	0	0	0	0	0
1121010203	精品兽皮帽+3	12	1	2	1	500	0	动物皮所制成的帽子	800	0	0	0	1	2	13	16	0	0	0	4	5	0	0	0	0	0	0	0	0	0	0
1121010204	精品兽皮帽+4	12	1	2	1	500	0	动物皮所制成的帽子	900	5000	1000	0	1	2	15	18	0	0	0	5	6	0	0	0	0	0	0	0	0	0	0
1121010205	精品兽皮帽+5	12	2	2	1	500	0	动物皮所制成的帽子	1000	6000	1000	0	1	2	17	20	0	0	0	5	6	0	0	0	0	0	0	0	0	0	0
1121010206	精品兽皮帽+6	12	2	2	1	500	0	动物皮所制成的帽子	1100	7000	1000	0	1	2	19	22	0	0	0	6	7	0	0	0	0	0	0	0	0	0	0
1121010207	精品兽皮帽+7	12	2	2	1	500	0	动物皮所制成的帽子	1200	8000	1000	0	1	2	21	24	0	0	0	7	8	0	0	0	0	0	0	0	0	0	0
1121010208	精品兽皮帽+8	12	3	2	1	500	0	动物皮所制成的帽子	1300	9000	1000	0	1	2	23	26	0	0	0	7	8	0	0	0	0	0	0	0	0	0	0
1121010209	精品兽皮帽+9	12	3	2	1	500	0	动物皮所制成的帽子	1400	10000	1000	0	1	2	25	28	0	0	0	8	9	0	0	0	0	0	0	0	0	0	0
1121010210	精品兽皮帽+10	12	4	2	1	500	0	动物皮所制成的帽子	0	10000	1000	0	1	2	27	30	0	0	0	9	10	0	0	0	0	0	0	0	0	0	0
1121020200	极品兽皮帽	12	0	2	2	500	0	动物皮所制成的帽子	500	0	0	0	1	2	7	10	0	0	0	2	3	2	0	0	0	2	0	0	0	0	0
1121020201	极品兽皮帽+1	12	0	2	2	500	0	动物皮所制成的帽子	600	0	0	0	1	2	9	12	0	0	0	3	4	2	0	0	0	2	0	0	0	0	0
1121020202	极品兽皮帽+2	12	0	2	2	500	0	动物皮所制成的帽子	700	0	0	0	1	2	11	14	0	0	0	3	4	2	0	0	0	2	0	0	0	0	0
1121020203	极品兽皮帽+3	12	2	2	2	500	0	动物皮所制成的帽子	800	0	0	0	1	2	13	16	0	0	0	4	5	2	0	0	0	2	0	0	0	0	0
1121020204	极品兽皮帽+4	12	2	2	2	500	0	动物皮所制成的帽子	900	0	0	0	1	2	15	18	0	0	0	5	6	2	0	0	0	2	0	0	0	0	0
1121020205	极品兽皮帽+5	12	3	2	2	500	0	动物皮所制成的帽子	1000	2500	1500	0	1	2	17	20	0	0	0	5	6	2	0	0	0	2	0	0	0	0	0
1121020206	极品兽皮帽+6	12	3	2	2	500	0	动物皮所制成的帽子	1100	3500	1500	0	1	2	19	22	0	0	0	6	7	2	0	0	0	2	0	0	0	0	0
1121020207	极品兽皮帽+7	12	3	2	2	500	0	动物皮所制成的帽子	1200	4500	1500	0	1	2	21	24	0	0	0	7	8	2	0	0	0	2	0	0	0	0	0
1121020208	极品兽皮帽+8	12	4	2	2	500	0	动物皮所制成的帽子	1300	5500	1500	0	1	2	23	26	0	0	0	7	8	2	0	0	0	2	0	0	0	0	0
1121020209	极品兽皮帽+9	12	4	2	2	500	0	动物皮所制成的帽子	1400	7000	1500	0	1	2	25	28	0	0	0	8	9	2	0	0	0	2	0	0	0	0	0
1121020210	极品兽皮帽+10	12	5	2	2	500	0	动物皮所制成的帽子	0	10000	1500	0	1	2	27	30	0	0	0	9	10	2	0	0	0	2	0	0	0	0	0
1121030200	完美兽皮帽	12	0	2	3	84000	17	动物皮所制成的帽子	500	0	0	33	1	2	7	10	0	0	0	2	3	2	0	0	10	2	0	0	10	30	50
1121030201	完美兽皮帽+1	12	0	2	3	84000	17	动物皮所制成的帽子	600	0	0	33	1	2	9	12	0	0	0	3	4	2	0	0	10	2	0	0	10	35	50
1121030202	完美兽皮帽+2	12	0	2	3	84000	17	动物皮所制成的帽子	700	0	0	33	1	2	11	14	0	0	0	3	4	2	0	0	10	2	0	0	10	40	50
1121030203	完美兽皮帽+3	12	3	2	3	84000	17	动物皮所制成的帽子	800	0	0	33	1	2	13	16	0	0	0	4	5	2	0	0	10	2	0	0	10	45	50
1121030204	完美兽皮帽+4	12	3	2	3	84000	17	动物皮所制成的帽子	900	0	0	33	1	2	15	18	0	0	0	5	6	2	0	0	10	2	0	0	10	50	50
1121030205	完美兽皮帽+5	12	4	2	3	84000	17	动物皮所制成的帽子	1000	0	0	33	1	2	17	20	0	0	0	5	6	2	0	0	10	2	0	0	10	55	50
1121030206	完美兽皮帽+6	12	4	2	3	84000	17	动物皮所制成的帽子	1100	0	0	33	1	2	19	22	0	0	0	6	7	2	0	0	10	2	0	0	10	60	50
1121030207	完美兽皮帽+7	12	4	2	3	84000	17	动物皮所制成的帽子	1200	1000	2000	33	1	2	21	24	0	0	0	7	8	2	0	0	10	2	0	0	10	65	50
1121030208	完美兽皮帽+8	12	5	2	3	84000	17	动物皮所制成的帽子	1300	1100	2000	33	1	2	23	26	0	0	0	7	8	2	0	0	10	2	0	0	10	70	50
1121030209	完美兽皮帽+9	12	5	2	3	84000	17	动物皮所制成的帽子	1400	1200	2000	33	1	2	25	28	0	0	0	8	9	2	0	0	10	2	0	0	10	75	50
1121030210	完美兽皮帽+10	12	6	2	3	84000	17	动物皮所制成的帽子	0	1300	2000	33	1	2	27	30	0	0	0	9	10	2	0	0	10	2	0	0	10	80	50
1121040200	神品兽皮帽	12	0	2	4	140000	28	动物皮所制成的帽子	500	0	0	56	1	2	7	10	0	0	0	2	3	2	10	10	10	2	10	10	10	30	50
1121040201	神品兽皮帽+1	12	0	2	4	140000	28	动物皮所制成的帽子	600	0	0	56	1	2	9	12	0	0	0	3	4	2	10	10	10	2	10	10	10	35	50
1121040202	神品兽皮帽+2	12	0	2	4	140000	28	动物皮所制成的帽子	700	0	0	56	1	2	11	14	0	0	0	3	4	2	10	10	10	2	10	10	10	40	50
1121040203	神品兽皮帽+3	12	4	2	4	140000	28	动物皮所制成的帽子	800	0	0	56	1	2	13	16	0	0	0	4	5	2	10	10	10	2	10	10	10	45	50
1121040204	神品兽皮帽+4	12	4	2	4	140000	28	动物皮所制成的帽子	900	0	0	56	1	2	15	18	0	0	0	5	6	2	10	10	10	2	10	10	10	50	50
1121040205	神品兽皮帽+5	12	5	2	4	140000	28	动物皮所制成的帽子	1000	0	0	56	1	2	17	20	0	0	0	5	6	2	10	10	10	2	10	10	10	55	50
1121040206	神品兽皮帽+6	12	5	2	4	140000	28	动物皮所制成的帽子	1100	0	0	56	1	2	19	22	0	0	0	6	7	2	10	10	10	2	10	10	10	60	50
1121040207	神品兽皮帽+7	12	5	2	4	140000	28	动物皮所制成的帽子	1200	0	0	56	1	2	21	24	0	0	0	7	8	2	10	10	10	2	10	10	10	65	50
1121040208	神品兽皮帽+8	12	6	2	4	140000	28	动物皮所制成的帽子	1300	0	0	56	1	2	23	26	0	0	0	7	8	2	10	10	10	2	10	10	10	70	50
1121040209	神品兽皮帽+9	12	6	2	4	140000	28	动物皮所制成的帽子	1400	0	0	56	1	2	25	28	0	0	0	8	9	2	10	10	10	2	10	10	10	75	50
1121040210	神品兽皮帽+10	12	7	2	4	140000	28	动物皮所制成的帽子	0	0	0	56	1	2	27	30	0	0	0	9	10	2	10	10	10	2	10	10	10	80	50
1121000300	密法帽	24	0	3	0	750	0	具有神秘特性的帽子	800	0	0	0	1	2	15	20	0	0	0	0	0	0	0	0	0	0	0	0	0	0	0
1121000301	密法帽+1	24	0	3	0	750	0	具有神秘特性的帽子	900	0	0	0	1	2	18	23	0	0	0	0	0	0	0	0	0	0	0	0	0	0	0
1121000302	密法帽+2	24	0	3	0	750	0	具有神秘特性的帽子	1000	0	0	0	1	2	21	26	0	0	0	0	0	0	0	0	0	0	0	0	0	0	0
1121000303	密法帽+3	24	0	3	0	750	0	具有神秘特性的帽子	1100	10000	1500	0	1	2	24	29	0	0	0	0	0	0	0	0	0	0	0	0	0	0	0
1121000304	密法帽+4	24	0	3	0	750	0	具有神秘特性的帽子	1200	10000	1500	0	1	2	27	32	0	0	0	0	0	0	0	0	0	0	0	0	0	0	0
1121000305	密法帽+5	24	0	3	0	750	0	具有神秘特性的帽子	1300	10000	1500	0	1	2	30	35	0	0	0	0	0	0	0	0	0	0	0	0	0	0	0
1121000306	密法帽+6	24	0	3	0	750	0	具有神秘特性的帽子	1400	10000	1500	0	1	2	33	38	0	0	0	0	0	0	0	0	0	0	0	0	0	0	0
1121000307	密法帽+7	24	0	3	0	750	0	具有神秘特性的帽子	1500	10000	1500	0	1	2	36	41	0	0	0	0	0	0	0	0	0	0	0	0	0	0	0
1121000308	密法帽+8	24	0	3	0	750	0	具有神秘特性的帽子	1600	10000	1500	0	1	2	39	44	0	0	0	0	0	0	0	0	0	0	0	0	0	0	0
1121000309	密法帽+9	24	0	3	0	750	0	具有神秘特性的帽子	1700	10000	1500	0	1	2	42	47	0	0	0	0	0	0	0	0	0	0	0	0	0	0	0
1121000310	密法帽+10	24	0	3	0	750	0	具有神秘特性的帽子	0	10000	1500	0	1	2	45	50	0	0	0	0	0	0	0	0	0	0	0	0	0	0	0
1121010300	精品密法帽	24	0	3	1	750	0	具有神秘特性的帽子	800	0	0	0	1	2	15	20	0	0	0	5	6	0	0	0	0	0	0	0	0	0	0
1121010301	精品密法帽+1	24	0	3	1	750	0	具有神秘特性的帽子	900	0	0	0	1	2	18	23	0	0	0	6	7	0	0	0	0	0	0	0	0	0	0
1121010302	精品密法帽+2	24	0	3	1	750	0	具有神秘特性的帽子	1000	0	0	0	1	2	21	26	0	0	0	7	8	0	0	0	0	0	0	0	0	0	0
1121010303	精品密法帽+3	24	1	3	1	750	0	具有神秘特性的帽子	1100	0	0	0	1	2	24	29	0	0	0	8	9	0	0	0	0	0	0	0	0	0	0
1121010304	精品密法帽+4	24	1	3	1	750	0	具有神秘特性的帽子	1200	5000	2000	0	1	2	27	32	0	0	0	9	10	0	0	0	0	0	0	0	0	0	0
1121010305	精品密法帽+5	24	2	3	1	750	0	具有神秘特性的帽子	1300	6000	2000	0	1	2	30	35	0	0	0	10	11	0	0	0	0	0	0	0	0	0	0
1121010306	精品密法帽+6	24	2	3	1	750	0	具有神秘特性的帽子	1400	7000	2000	0	1	2	33	38	0	0	0	11	12	0	0	0	0	0	0	0	0	0	0
1121010307	精品密法帽+7	24	2	3	1	750	0	具有神秘特性的帽子	1500	8000	2000	0	1	2	36	41	0	0	0	12	13	0	0	0	0	0	0	0	0	0	0
1121010308	精品密法帽+8	24	3	3	1	750	0	具有神秘特性的帽子	1600	9000	2000	0	1	2	39	44	0	0	0	13	14	0	0	0	0	0	0	0	0	0	0
1121010309	精品密法帽+9	24	3	3	1	750	0	具有神秘特性的帽子	1700	10000	2000	0	1	2	42	47	0	0	0	14	15	0	0	0	0	0	0	0	0	0	0
1121010310	精品密法帽+10	24	4	3	1	750	0	具有神秘特性的帽子	0	10000	2000	0	1	2	45	50	0	0	0	15	16	0	0	0	0	0	0	0	0	0	0
1121020300	极品密法帽	24	0	3	2	750	0	具有神秘特性的帽子	800	0	0	0	1	2	15	20	0	0	0	5	6	2	0	0	0	2	0	0	0	0	0
1121020301	极品密法帽+1	24	0	3	2	750	0	具有神秘特性的帽子	900	0	0	0	1	2	18	23	0	0	0	6	7	2	0	0	0	2	0	0	0	0	0
1121020302	极品密法帽+2	24	0	3	2	750	0	具有神秘特性的帽子	1000	0	0	0	1	2	21	26	0	0	0	7	8	2	0	0	0	2	0	0	0	0	0
1121020303	极品密法帽+3	24	2	3	2	750	0	具有神秘特性的帽子	1100	0	0	0	1	2	24	29	0	0	0	8	9	2	0	0	0	2	0	0	0	0	0
1121020304	极品密法帽+4	24	2	3	2	750	0	具有神秘特性的帽子	1200	0	0	0	1	2	27	32	0	0	0	9	10	2	0	0	0	2	0	0	0	0	0
1121020305	极品密法帽+5	24	3	3	2	750	0	具有神秘特性的帽子	1300	2500	2500	0	1	2	30	35	0	0	0	10	11	2	0	0	0	2	0	0	0	0	0
1121020306	极品密法帽+6	24	3	3	2	750	0	具有神秘特性的帽子	1400	3500	2500	0	1	2	33	38	0	0	0	11	12	2	0	0	0	2	0	0	0	0	0
1121020307	极品密法帽+7	24	3	3	2	750	0	具有神秘特性的帽子	1500	4500	2500	0	1	2	36	41	0	0	0	12	13	2	0	0	0	2	0	0	0	0	0
1121020308	极品密法帽+8	24	4	3	2	750	0	具有神秘特性的帽子	1600	5500	2500	0	1	2	39	44	0	0	0	13	14	2	0	0	0	2	0	0	0	0	0
1121020309	极品密法帽+9	24	4	3	2	750	0	具有神秘特性的帽子	1700	7000	2500	0	1	2	42	47	0	0	0	14	15	2	0	0	0	2	0	0	0	0	0
1121020310	极品密法帽+10	24	5	3	2	750	0	具有神秘特性的帽子	0	10000	2500	0	1	2	45	50	0	0	0	15	16	2	0	0	0	2	0	0	0	0	0
1121030300	完美密法帽	24	0	3	3	168000	25	具有神秘特性的帽子	800	0	0	100	1	2	15	20	0	0	0	5	6	2	0	0	10	2	0	0	10	60	100
1121030301	完美密法帽+1	24	0	3	3	168000	25	具有神秘特性的帽子	900	0	0	100	1	2	18	23	0	0	0	6	7	2	0	0	10	2	0	0	10	65	100
1121030302	完美密法帽+2	24	0	3	3	168000	25	具有神秘特性的帽子	1000	0	0	100	1	2	21	26	0	0	0	7	8	2	0	0	10	2	0	0	10	70	100
1121030303	完美密法帽+3	24	3	3	3	168000	25	具有神秘特性的帽子	1100	0	0	100	1	2	24	29	0	0	0	8	9	2	0	0	10	2	0	0	10	75	100
1121030304	完美密法帽+4	24	3	3	3	168000	25	具有神秘特性的帽子	1200	0	0	100	1	2	27	32	0	0	0	9	10	2	0	0	10	2	0	0	10	80	100
1121030305	完美密法帽+5	24	4	3	3	168000	25	具有神秘特性的帽子	1300	0	0	100	1	2	30	35	0	0	0	10	11	2	0	0	10	2	0	0	10	85	100
1121030306	完美密法帽+6	24	4	3	3	168000	25	具有神秘特性的帽子	1400	0	0	100	1	2	33	38	0	0	0	11	12	2	0	0	10	2	0	0	10	90	100
1121030307	完美密法帽+7	24	4	3	3	168000	25	具有神秘特性的帽子	1500	1000	3000	100	1	2	36	41	0	0	0	12	13	2	0	0	10	2	0	0	10	95	100
1121030308	完美密法帽+8	24	5	3	3	168000	25	具有神秘特性的帽子	1600	2000	3000	100	1	2	39	44	0	0	0	13	14	2	0	0	10	2	0	0	10	100	100
1121030309	完美密法帽+9	24	5	3	3	168000	25	具有神秘特性的帽子	1700	3000	3000	100	1	2	42	47	0	0	0	14	15	2	0	0	10	2	0	0	10	105	100
1121030310	完美密法帽+10	24	6	3	3	168000	25	具有神秘特性的帽子	0	4000	3000	100	1	2	45	50	0	0	0	15	16	2	0	0	10	2	0	0	10	110	100
1121040300	神品密法帽	24	0	3	4	280000	42	具有神秘特性的帽子	800	0	0	168	1	2	15	20	0	0	0	5	6	2	10	10	10	2	10	10	10	60	100
1121040301	神品密法帽+1	24	0	3	4	280000	42	具有神秘特性的帽子	900	0	0	168	1	2	18	23	0	0	0	6	7	2	10	10	10	2	10	10	10	65	100
1121040302	神品密法帽+2	24	0	3	4	280000	42	具有神秘特性的帽子	1000	0	0	168	1	2	21	26	0	0	0	7	8	2	10	10	10	2	10	10	10	70	100
1121040303	神品密法帽+3	24	4	3	4	280000	42	具有神秘特性的帽子	1100	0	0	168	1	2	24	29	0	0	0	8	9	2	10	10	10	2	10	10	10	75	100
1121040304	神品密法帽+4	24	4	3	4	280000	42	具有神秘特性的帽子	1200	0	0	168	1	2	27	32	0	0	0	9	10	2	10	10	10	2	10	10	10	80	100
1121040305	神品密法帽+5	24	5	3	4	280000	42	具有神秘特性的帽子	1300	0	0	168	1	2	30	35	0	0	0	10	11	2	10	10	10	2	10	10	10	85	100
1121040306	神品密法帽+6	24	5	3	4	280000	42	具有神秘特性的帽子	1400	0	0	168	1	2	33	38	0	0	0	11	12	2	10	10	10	2	10	10	10	90	100
1121040307	神品密法帽+7	24	5	3	4	280000	42	具有神秘特性的帽子	1500	0	0	168	1	2	36	41	0	0	0	12	13	2	10	10	10	2	10	10	10	95	100
1121040308	神品密法帽+8	24	6	3	4	280000	42	具有神秘特性的帽子	1600	0	0	168	1	2	39	44	0	0	0	13	14	2	10	10	10	2	10	10	10	100	100
1121040309	神品密法帽+9	24	6	3	4	280000	42	具有神秘特性的帽子	1700	0	0	168	1	2	42	47	0	0	0	14	15	2	10	10	10	2	10	10	10	105	100
1121040310	神品密法帽+10	24	7	3	4	280000	42	具有神秘特性的帽子	0	0	0	168	1	2	45	50	0	0	0	15	16	2	10	10	10	2	10	10	10	110	100
1121000400	繁星帽	36	0	4	0	1125	0	镶嵌着颗颗宝石的帽子	1200	0	0	0	1	2	23	34	0	0	0	0	0	0	0	0	0	0	0	0	0	0	0
1121000401	繁星帽+1	36	0	4	0	1125	0	镶嵌着颗颗宝石的帽子	1300	0	0	0	1	2	26	37	0	0	0	0	0	0	0	0	0	0	0	0	0	0	0
1121000402	繁星帽+2	36	0	4	0	1125	0	镶嵌着颗颗宝石的帽子	1400	0	3000	0	1	2	29	40	0	0	0	0	0	0	0	0	0	0	0	0	0	0	0
1121000403	繁星帽+3	36	0	4	0	1125	0	镶嵌着颗颗宝石的帽子	1500	10000	3000	0	1	2	32	43	0	0	0	0	0	0	0	0	0	0	0	0	0	0	0
1121000404	繁星帽+4	36	0	4	0	1125	0	镶嵌着颗颗宝石的帽子	1600	10000	3000	0	1	2	35	46	0	0	0	0	0	0	0	0	0	0	0	0	0	0	0
1121000405	繁星帽+5	36	0	4	0	1125	0	镶嵌着颗颗宝石的帽子	1700	10000	3000	0	1	2	38	49	0	0	0	0	0	0	0	0	0	0	0	0	0	0	0
1121000406	繁星帽+6	36	0	4	0	1125	0	镶嵌着颗颗宝石的帽子	1800	10000	3000	0	1	2	41	52	0	0	0	0	0	0	0	0	0	0	0	0	0	0	0
1121000407	繁星帽+7	36	0	4	0	1125	0	镶嵌着颗颗宝石的帽子	1900	10000	3000	0	1	2	44	55	0	0	0	0	0	0	0	0	0	0	0	0	0	0	0
1121000408	繁星帽+8	36	0	4	0	1125	0	镶嵌着颗颗宝石的帽子	2000	10000	3000	0	1	2	47	58	0	0	0	0	0	0	0	0	0	0	0	0	0	0	0
1121000409	繁星帽+9	36	0	4	0	1125	0	镶嵌着颗颗宝石的帽子	2100	10000	3000	0	1	2	50	61	0	0	0	0	0	0	0	0	0	0	0	0	0	0	0
1121000410	繁星帽+10	36	0	4	0	1125	0	镶嵌着颗颗宝石的帽子	0	10000	3000	0	1	2	53	64	0	0	0	0	0	0	0	0	0	0	0	0	0	0	0
1121010400	精品繁星帽	36	0	4	1	1125	0	镶嵌着颗颗宝石的帽子	1200	0	0	0	1	2	23	34	0	0	0	7	11	0	0	0	0	0	0	0	0	0	0
1121010401	精品繁星帽+1	36	0	4	1	1125	0	镶嵌着颗颗宝石的帽子	1300	0	0	0	1	2	26	37	0	0	0	8	12	0	0	0	0	0	0	0	0	0	0
1121010402	精品繁星帽+2	36	0	4	1	1125	0	镶嵌着颗颗宝石的帽子	1400	0	0	0	1	2	29	40	0	0	0	9	13	0	0	0	0	0	0	0	0	0	0
1121010403	精品繁星帽+3	36	1	4	1	1125	0	镶嵌着颗颗宝石的帽子	1500	0	0	0	1	2	32	43	0	0	0	10	14	0	0	0	0	0	0	0	0	0	0
1121010404	精品繁星帽+4	36	1	4	1	1125	0	镶嵌着颗颗宝石的帽子	1600	5000	4000	0	1	2	35	46	0	0	0	11	15	0	0	0	0	0	0	0	0	0	0
1121010405	精品繁星帽+5	36	2	4	1	1125	0	镶嵌着颗颗宝石的帽子	1700	6000	4000	0	1	2	38	49	0	0	0	12	16	0	0	0	0	0	0	0	0	0	0
1121010406	精品繁星帽+6	36	2	4	1	1125	0	镶嵌着颗颗宝石的帽子	1800	7000	4000	0	1	2	41	52	0	0	0	13	17	0	0	0	0	0	0	0	0	0	0
1121010407	精品繁星帽+7	36	2	4	1	1125	0	镶嵌着颗颗宝石的帽子	1900	8000	4000	0	1	2	44	55	0	0	0	14	18	0	0	0	0	0	0	0	0	0	0
1121010408	精品繁星帽+8	36	3	4	1	1125	0	镶嵌着颗颗宝石的帽子	2000	9000	4000	0	1	2	47	58	0	0	0	15	19	0	0	0	0	0	0	0	0	0	0
1121010409	精品繁星帽+9	36	3	4	1	1125	0	镶嵌着颗颗宝石的帽子	2100	10000	4000	0	1	2	50	61	0	0	0	16	20	0	0	0	0	0	0	0	0	0	0
1121010410	精品繁星帽+10	36	4	4	1	1125	0	镶嵌着颗颗宝石的帽子	0	10000	4000	0	1	2	53	64	0	0	0	17	21	0	0	0	0	0	0	0	0	0	0
1121020400	极品繁星帽	36	0	4	2	1125	0	镶嵌着颗颗宝石的帽子	1200	0	0	0	1	2	23	34	0	0	0	7	11	2	0	0	0	2	0	0	0	0	0
1121020401	极品繁星帽+1	36	0	4	2	1125	0	镶嵌着颗颗宝石的帽子	1300	0	0	0	1	2	26	37	0	0	0	8	12	2	0	0	0	2	0	0	0	0	0
1121020402	极品繁星帽+2	36	0	4	2	1125	0	镶嵌着颗颗宝石的帽子	1400	0	0	0	1	2	29	40	0	0	0	9	13	2	0	0	0	2	0	0	0	0	0
1121020403	极品繁星帽+3	36	2	4	2	1125	0	镶嵌着颗颗宝石的帽子	1500	0	0	0	1	2	32	43	0	0	0	10	14	2	0	0	0	2	0	0	0	0	0
1121020404	极品繁星帽+4	36	2	4	2	1125	0	镶嵌着颗颗宝石的帽子	1600	0	0	0	1	2	35	46	0	0	0	11	15	2	0	0	0	2	0	0	0	0	0
1121020405	极品繁星帽+5	36	3	4	2	1125	0	镶嵌着颗颗宝石的帽子	1700	1000	5000	0	1	2	38	49	0	0	0	12	16	2	0	0	0	2	0	0	0	0	0
1121020406	极品繁星帽+6	36	3	4	2	1125	0	镶嵌着颗颗宝石的帽子	1800	2000	5000	0	1	2	41	52	0	0	0	13	17	2	0	0	0	2	0	0	0	0	0
1121020407	极品繁星帽+7	36	3	4	2	1125	0	镶嵌着颗颗宝石的帽子	1900	3500	5000	0	1	2	44	55	0	0	0	14	18	2	0	0	0	2	0	0	0	0	0
1121020408	极品繁星帽+8	36	4	4	2	1125	0	镶嵌着颗颗宝石的帽子	2000	5000	5000	0	1	2	47	58	0	0	0	15	19	2	0	0	0	2	0	0	0	0	0
1121020409	极品繁星帽+9	36	4	4	2	1125	0	镶嵌着颗颗宝石的帽子	2100	7000	5000	0	1	2	50	61	0	0	0	16	20	2	0	0	0	2	0	0	0	0	0
1121020410	极品繁星帽+10	36	5	4	2	1125	0	镶嵌着颗颗宝石的帽子	0	10000	5000	0	1	2	53	64	0	0	0	17	21	2	0	0	0	2	0	0	0	0	0
1121030400	完美繁星帽	36	0	4	3	420000	32	镶嵌着颗颗宝石的帽子	1200	0	0	100	1	2	23	34	0	0	0	7	11	2	0	0	10	2	0	0	10	90	150
1121030401	完美繁星帽+1	36	0	4	3	420000	32	镶嵌着颗颗宝石的帽子	1300	0	0	100	1	2	26	37	0	0	0	8	12	2	0	0	10	2	0	0	10	95	150
1121030402	完美繁星帽+2	36	0	4	3	420000	32	镶嵌着颗颗宝石的帽子	1400	0	0	100	1	2	29	40	0	0	0	9	13	2	0	0	10	2	0	0	10	100	150
1121030403	完美繁星帽+3	36	3	4	3	420000	32	镶嵌着颗颗宝石的帽子	1500	0	0	100	1	2	32	43	0	0	0	10	14	2	0	0	10	2	0	0	10	105	150
1121030404	完美繁星帽+4	36	3	4	3	420000	32	镶嵌着颗颗宝石的帽子	1600	0	0	100	1	2	35	46	0	0	0	11	15	2	0	0	10	2	0	0	10	110	150
1121030405	完美繁星帽+5	36	4	4	3	420000	32	镶嵌着颗颗宝石的帽子	1700	0	0	100	1	2	38	49	0	0	0	12	16	2	0	0	10	2	0	0	10	115	150
1121030406	完美繁星帽+6	36	4	4	3	420000	32	镶嵌着颗颗宝石的帽子	1800	0	0	100	1	2	41	52	0	0	0	13	17	2	0	0	10	2	0	0	10	120	150
1121030407	完美繁星帽+7	36	4	4	3	420000	32	镶嵌着颗颗宝石的帽子	1900	1000	6000	100	1	2	44	55	0	0	0	14	18	2	0	0	10	2	0	0	10	125	150
1121030408	完美繁星帽+8	36	5	4	3	420000	32	镶嵌着颗颗宝石的帽子	2000	2000	6000	100	1	2	47	58	0	0	0	15	19	2	0	0	10	2	0	0	10	130	150
1121030409	完美繁星帽+9	36	5	4	3	420000	32	镶嵌着颗颗宝石的帽子	2100	3000	6000	100	1	2	50	61	0	0	0	16	20	2	0	0	10	2	0	0	10	135	150
1121030410	完美繁星帽+10	36	6	4	3	420000	32	镶嵌着颗颗宝石的帽子	0	4000	6000	100	1	2	53	64	0	0	0	17	21	2	0	0	10	2	0	0	10	140	150
1121040400	神品繁星帽	36	0	4	4	700000	53	镶嵌着颗颗宝石的帽子	1200	0	0	168	1	2	23	34	0	0	0	7	11	2	10	10	10	2	10	10	10	90	150
1121040401	神品繁星帽+1	36	0	4	4	700000	53	镶嵌着颗颗宝石的帽子	1300	0	0	168	1	2	26	37	0	0	0	8	12	2	10	10	10	2	10	10	10	95	150
1121040402	神品繁星帽+2	36	0	4	4	700000	53	镶嵌着颗颗宝石的帽子	1400	0	0	168	1	2	29	40	0	0	0	9	13	2	10	10	10	2	10	10	10	100	150
1121040403	神品繁星帽+3	36	4	4	4	700000	53	镶嵌着颗颗宝石的帽子	1500	0	0	168	1	2	32	43	0	0	0	10	14	2	10	10	10	2	10	10	10	105	150
1121040404	神品繁星帽+4	36	4	4	4	700000	53	镶嵌着颗颗宝石的帽子	1600	0	0	168	1	2	35	46	0	0	0	11	15	2	10	10	10	2	10	10	10	110	150
1121040405	神品繁星帽+5	36	5	4	4	700000	53	镶嵌着颗颗宝石的帽子	1700	0	0	168	1	2	38	49	0	0	0	12	16	2	10	10	10	2	10	10	10	115	150
1121040406	神品繁星帽+6	36	5	4	4	700000	53	镶嵌着颗颗宝石的帽子	1800	0	0	168	1	2	41	52	0	0	0	13	17	2	10	10	10	2	10	10	10	120	150
1121040407	神品繁星帽+7	36	5	4	4	700000	53	镶嵌着颗颗宝石的帽子	1900	0	0	168	1	2	44	55	0	0	0	14	18	2	10	10	10	2	10	10	10	125	150
1121040408	神品繁星帽+8	36	6	4	4	700000	53	镶嵌着颗颗宝石的帽子	2000	0	0	168	1	2	47	58	0	0	0	15	19	2	10	10	10	2	10	10	10	130	150
1121040409	神品繁星帽+9	36	6	4	4	700000	53	镶嵌着颗颗宝石的帽子	2100	0	0	168	1	2	50	61	0	0	0	16	20	2	10	10	10	2	10	10	10	135	150
1121040410	神品繁星帽+10	36	7	4	4	700000	53	镶嵌着颗颗宝石的帽子	0	0	0	168	1	2	53	64	0	0	0	17	21	2	10	10	10	2	10	10	10	140	150
1121000500	暗晶帽	48	0	5	0	1406	0	镶嵌着黑色水晶的帽子	1600	0	0	0	1	2	31	48	0	0	0	0	0	0	0	0	0	0	0	0	0	0	0
1121000501	暗晶帽+1	48	0	5	0	1406	0	镶嵌着黑色水晶的帽子	1800	0	0	0	1	2	34	51	0	0	0	0	0	0	0	0	0	0	0	0	0	0	0
1121000502	暗晶帽+2	48	0	5	0	1406	0	镶嵌着黑色水晶的帽子	2000	0	0	0	1	2	37	54	0	0	0	0	0	0	0	0	0	0	0	0	0	0	0
1121000503	暗晶帽+3	48	0	5	0	1406	0	镶嵌着黑色水晶的帽子	2200	9000	5000	0	1	2	40	57	0	0	0	0	0	0	0	0	0	0	0	0	0	0	0
1121000504	暗晶帽+4	48	0	5	0	1406	0	镶嵌着黑色水晶的帽子	2400	10000	5000	0	1	2	43	60	0	0	0	0	0	0	0	0	0	0	0	0	0	0	0
1121000505	暗晶帽+5	48	0	5	0	1406	0	镶嵌着黑色水晶的帽子	2600	10000	5000	0	1	2	46	63	0	0	0	0	0	0	0	0	0	0	0	0	0	0	0
1121000506	暗晶帽+6	48	0	5	0	1406	0	镶嵌着黑色水晶的帽子	2800	10000	5000	0	1	2	49	66	0	0	0	0	0	0	0	0	0	0	0	0	0	0	0
1121000507	暗晶帽+7	48	0	5	0	1406	0	镶嵌着黑色水晶的帽子	3000	10000	5000	0	1	2	52	69	0	0	0	0	0	0	0	0	0	0	0	0	0	0	0
1121000508	暗晶帽+8	48	0	5	0	1406	0	镶嵌着黑色水晶的帽子	3200	10000	5000	0	1	2	55	72	0	0	0	0	0	0	0	0	0	0	0	0	0	0	0
1121000509	暗晶帽+9	48	0	5	0	1406	0	镶嵌着黑色水晶的帽子	3400	10000	5000	0	1	2	58	75	0	0	0	0	0	0	0	0	0	0	0	0	0	0	0
1121000510	暗晶帽+10	48	0	5	0	1406	0	镶嵌着黑色水晶的帽子	0	10000	5000	0	1	2	61	78	0	0	0	0	0	0	0	0	0	0	0	0	0	0	0
1121010500	精品暗晶帽	48	0	5	1	1406	0	镶嵌着黑色水晶的帽子	1600	0	0	0	1	2	31	48	0	0	0	10	16	0	0	0	0	0	0	0	0	0	0
1121010501	精品暗晶帽+1	48	0	5	1	1406	0	镶嵌着黑色水晶的帽子	1800	0	0	0	1	2	34	51	0	0	0	11	17	0	0	0	0	0	0	0	0	0	0
1121010502	精品暗晶帽+2	48	0	5	1	1406	0	镶嵌着黑色水晶的帽子	2000	0	0	0	1	2	37	54	0	0	0	12	18	0	0	0	0	0	0	0	0	0	0
1121010503	精品暗晶帽+3	48	1	5	1	1406	0	镶嵌着黑色水晶的帽子	2200	0	0	0	1	2	40	57	0	0	0	13	19	0	0	0	0	0	0	0	0	0	0
1121010504	精品暗晶帽+4	48	1	5	1	1406	0	镶嵌着黑色水晶的帽子	2400	1000	6000	0	1	2	43	60	0	0	0	14	20	0	0	0	0	0	0	0	0	0	0
1121010505	精品暗晶帽+5	48	2	5	1	1406	0	镶嵌着黑色水晶的帽子	2600	3000	6000	0	1	2	46	63	0	0	0	15	21	0	0	0	0	0	0	0	0	0	0
1121010506	精品暗晶帽+6	48	2	5	1	1406	0	镶嵌着黑色水晶的帽子	2800	5000	6000	0	1	2	49	66	0	0	0	16	22	0	0	0	0	0	0	0	0	0	0
1121010507	精品暗晶帽+7	48	2	5	1	1406	0	镶嵌着黑色水晶的帽子	3000	7000	6000	0	1	2	52	69	0	0	0	17	23	0	0	0	0	0	0	0	0	0	0
1121010508	精品暗晶帽+8	48	3	5	1	1406	0	镶嵌着黑色水晶的帽子	3200	8000	6000	0	1	2	55	72	0	0	0	18	24	0	0	0	0	0	0	0	0	0	0
1121010509	精品暗晶帽+9	48	3	5	1	1406	0	镶嵌着黑色水晶的帽子	3400	9000	6000	0	1	2	58	75	0	0	0	19	25	0	0	0	0	0	0	0	0	0	0
1121010510	精品暗晶帽+10	48	4	5	1	1406	0	镶嵌着黑色水晶的帽子	0	10000	6000	0	1	2	61	78	0	0	0	20	26	0	0	0	0	0	0	0	0	0	0
1121020500	极品暗晶帽	48	0	5	2	1406	0	镶嵌着黑色水晶的帽子	1600	0	0	0	1	2	31	48	0	0	0	10	16	2	0	0	0	2	0	0	0	0	0
1121020501	极品暗晶帽+1	48	0	5	2	1406	0	镶嵌着黑色水晶的帽子	1800	0	0	0	1	2	34	51	0	0	0	11	17	2	0	0	0	2	0	0	0	0	0
1121020502	极品暗晶帽+2	48	0	5	2	1406	0	镶嵌着黑色水晶的帽子	2000	0	0	0	1	2	37	54	0	0	0	12	18	2	0	0	0	2	0	0	0	0	0
1121020503	极品暗晶帽+3	48	2	5	2	1406	0	镶嵌着黑色水晶的帽子	2200	0	0	0	1	2	40	57	0	0	0	13	19	2	0	0	0	2	0	0	0	0	0
1121020504	极品暗晶帽+4	48	2	5	2	1406	0	镶嵌着黑色水晶的帽子	2400	0	0	0	1	2	43	60	0	0	0	14	20	2	0	0	0	2	0	0	0	0	0
1121020505	极品暗晶帽+5	48	3	5	2	1406	0	镶嵌着黑色水晶的帽子	2600	1000	7000	0	1	2	46	63	0	0	0	15	21	2	0	0	0	2	0	0	0	0	0
1121020506	极品暗晶帽+6	48	3	5	2	1406	0	镶嵌着黑色水晶的帽子	2800	2000	7000	0	1	2	49	66	0	0	0	16	22	2	0	0	0	2	0	0	0	0	0
1121020507	极品暗晶帽+7	48	3	5	2	1406	0	镶嵌着黑色水晶的帽子	3000	3000	7000	0	1	2	52	69	0	0	0	17	23	2	0	0	0	2	0	0	0	0	0
1121020508	极品暗晶帽+8	48	4	5	2	1406	0	镶嵌着黑色水晶的帽子	3200	4000	7000	0	1	2	55	72	0	0	0	18	24	2	0	0	0	2	0	0	0	0	0
1121020509	极品暗晶帽+9	48	4	5	2	1406	0	镶嵌着黑色水晶的帽子	3400	5000	7000	0	1	2	58	75	0	0	0	19	25	2	0	0	0	2	0	0	0	0	0
1121020510	极品暗晶帽+10	48	5	5	2	1406	0	镶嵌着黑色水晶的帽子	0	6000	7000	0	1	2	61	78	0	0	0	20	26	2	0	0	0	2	0	0	0	0	0
1121030500	完美暗晶帽	48	0	5	3	672000	37	镶嵌着黑色水晶的帽子	1600	0	0	134	1	2	31	48	0	0	0	10	16	2	0	0	10	2	0	0	10	120	200
1121030501	完美暗晶帽+1	48	0	5	3	672000	37	镶嵌着黑色水晶的帽子	1800	0	0	134	1	2	34	51	0	0	0	11	17	2	0	0	10	2	0	0	10	125	200
1121030502	完美暗晶帽+2	48	0	5	3	672000	37	镶嵌着黑色水晶的帽子	2000	0	0	134	1	2	37	54	0	0	0	12	18	2	0	0	10	2	0	0	10	130	200
1121030503	完美暗晶帽+3	48	3	5	3	672000	37	镶嵌着黑色水晶的帽子	2200	0	0	134	1	2	40	57	0	0	0	13	19	2	0	0	10	2	0	0	10	135	200
1121030504	完美暗晶帽+4	48	3	5	3	672000	37	镶嵌着黑色水晶的帽子	2400	0	0	134	1	2	43	60	0	0	0	14	20	2	0	0	10	2	0	0	10	140	200
1121030505	完美暗晶帽+5	48	4	5	3	672000	37	镶嵌着黑色水晶的帽子	2600	0	0	134	1	2	46	63	0	0	0	15	21	2	0	0	10	2	0	0	10	145	200
1121030506	完美暗晶帽+6	48	4	5	3	672000	37	镶嵌着黑色水晶的帽子	2800	0	0	134	1	2	49	66	0	0	0	16	22	2	0	0	10	2	0	0	10	150	200
1121030507	完美暗晶帽+7	48	4	5	3	672000	37	镶嵌着黑色水晶的帽子	3000	100	8000	134	1	2	52	69	0	0	0	17	23	2	0	0	10	2	0	0	10	155	200
1121030508	完美暗晶帽+8	48	5	5	3	672000	37	镶嵌着黑色水晶的帽子	3200	600	8000	134	1	2	55	72	0	0	0	18	24	2	0	0	10	2	0	0	10	160	200
1121030509	完美暗晶帽+9	48	5	5	3	672000	37	镶嵌着黑色水晶的帽子	3400	1100	8000	134	1	2	58	75	0	0	0	19	25	2	0	0	10	2	0	0	10	165	200
1121030510	完美暗晶帽+10	48	6	5	3	672000	37	镶嵌着黑色水晶的帽子	0	1600	8000	134	1	2	61	78	0	0	0	20	26	2	0	0	10	2	0	0	10	170	200
1121040500	神品暗晶帽	48	0	5	4	1120000	62	镶嵌着黑色水晶的帽子	1600	0	0	224	1	2	31	48	0	0	0	10	16	2	10	10	10	2	10	10	10	120	200
1121040501	神品暗晶帽+1	48	0	5	4	1120000	62	镶嵌着黑色水晶的帽子	1800	0	0	224	1	2	34	51	0	0	0	11	17	2	10	10	10	2	10	10	10	125	200
1121040502	神品暗晶帽+2	48	0	5	4	1120000	62	镶嵌着黑色水晶的帽子	2000	0	0	224	1	2	37	54	0	0	0	12	18	2	10	10	10	2	10	10	10	130	200
1121040503	神品暗晶帽+3	48	4	5	4	1120000	62	镶嵌着黑色水晶的帽子	2200	0	0	224	1	2	40	57	0	0	0	13	19	2	10	10	10	2	10	10	10	135	200
1121040504	神品暗晶帽+4	48	4	5	4	1120000	62	镶嵌着黑色水晶的帽子	2400	0	0	224	1	2	43	60	0	0	0	14	20	2	10	10	10	2	10	10	10	140	200
1121040505	神品暗晶帽+5	48	5	5	4	1120000	62	镶嵌着黑色水晶的帽子	2600	0	0	224	1	2	46	63	0	0	0	15	21	2	10	10	10	2	10	10	10	145	200
1121040506	神品暗晶帽+6	48	5	5	4	1120000	62	镶嵌着黑色水晶的帽子	2800	0	0	224	1	2	49	66	0	0	0	16	22	2	10	10	10	2	10	10	10	150	200
1121040507	神品暗晶帽+7	48	5	5	4	1120000	62	镶嵌着黑色水晶的帽子	3000	0	0	224	1	2	52	69	0	0	0	17	23	2	10	10	10	2	10	10	10	155	200
1121040508	神品暗晶帽+8	48	6	5	4	1120000	62	镶嵌着黑色水晶的帽子	3200	0	0	224	1	2	55	72	0	0	0	18	24	2	10	10	10	2	10	10	10	160	200
1121040509	神品暗晶帽+9	48	6	5	4	1120000	62	镶嵌着黑色水晶的帽子	3400	0	0	224	1	2	58	75	0	0	0	19	25	2	10	10	10	2	10	10	10	165	200
1121040510	神品暗晶帽+10	48	7	5	4	1120000	62	镶嵌着黑色水晶的帽子	0	0	0	224	1	2	61	78	0	0	0	20	26	2	10	10	10	2	10	10	10	170	200
1121000600	信仰帽	60	0	6	0	2109	0	具有信仰的神奇力量的帽子	2200	0	0	0	1	2	39	62	0	0	0	0	0	0	0	0	0	0	0	0	0	0	0
1121000601	信仰帽+1	60	0	6	0	2109	0	具有信仰的神奇力量的帽子	2400	0	0	0	1	2	43	66	0	0	0	0	0	0	0	0	0	0	0	0	0	0	0
1121000602	信仰帽+2	60	0	6	0	2109	0	具有信仰的神奇力量的帽子	2600	0	0	0	1	2	47	70	0	0	0	0	0	0	0	0	0	0	0	0	0	0	0
1121000603	信仰帽+3	60	0	6	0	2109	0	具有信仰的神奇力量的帽子	2800	9000	7000	0	1	2	51	74	0	0	0	0	0	0	0	0	0	0	0	0	0	0	0
1121000604	信仰帽+4	60	0	6	0	2109	0	具有信仰的神奇力量的帽子	3000	10000	7000	0	1	2	55	78	0	0	0	0	0	0	0	0	0	0	0	0	0	0	0
1121000605	信仰帽+5	60	0	6	0	2109	0	具有信仰的神奇力量的帽子	3200	10000	7000	0	1	2	59	82	0	0	0	0	0	0	0	0	0	0	0	0	0	0	0
1121000606	信仰帽+6	60	0	6	0	2109	0	具有信仰的神奇力量的帽子	3400	10000	7000	0	1	2	63	86	0	0	0	0	0	0	0	0	0	0	0	0	0	0	0
1121000607	信仰帽+7	60	0	6	0	2109	0	具有信仰的神奇力量的帽子	3600	10000	7000	0	1	2	67	90	0	0	0	0	0	0	0	0	0	0	0	0	0	0	0
1121000608	信仰帽+8	60	0	6	0	2109	0	具有信仰的神奇力量的帽子	3800	10000	7000	0	1	2	71	94	0	0	0	0	0	0	0	0	0	0	0	0	0	0	0
1121000609	信仰帽+9	60	0	6	0	2109	0	具有信仰的神奇力量的帽子	4000	10000	7000	0	1	2	75	98	0	0	0	0	0	0	0	0	0	0	0	0	0	0	0
1121000610	信仰帽+10	60	0	6	0	2109	0	具有信仰的神奇力量的帽子	0	10000	7000	0	1	2	79	102	0	0	0	0	0	0	0	0	0	0	0	0	0	0	0
1121010600	精品信仰帽	60	0	6	1	2109	0	具有信仰的神奇力量的帽子	2200	0	0	0	1	2	39	62	0	0	0	13	20	0	0	0	0	0	0	0	0	0	0
1121010601	精品信仰帽+1	60	0	6	1	2109	0	具有信仰的神奇力量的帽子	2400	0	0	0	1	2	43	66	0	0	0	14	22	0	0	0	0	0	0	0	0	0	0
1121010602	精品信仰帽+2	60	0	6	1	2109	0	具有信仰的神奇力量的帽子	2600	0	0	0	1	2	47	70	0	0	0	15	23	0	0	0	0	0	0	0	0	0	0
1121010603	精品信仰帽+3	60	1	6	1	2109	0	具有信仰的神奇力量的帽子	2800	0	0	0	1	2	51	74	0	0	0	17	24	0	0	0	0	0	0	0	0	0	0
1121010604	精品信仰帽+4	60	1	6	1	2109	0	具有信仰的神奇力量的帽子	3000	1000	9000	0	1	2	55	78	0	0	0	18	26	0	0	0	0	0	0	0	0	0	0
1121010605	精品信仰帽+5	60	2	6	1	2109	0	具有信仰的神奇力量的帽子	3200	3000	9000	0	1	2	59	82	0	0	0	19	27	0	0	0	0	0	0	0	0	0	0
1121010606	精品信仰帽+6	60	2	6	1	2109	0	具有信仰的神奇力量的帽子	3400	5000	9000	0	1	2	63	86	0	0	0	21	28	0	0	0	0	0	0	0	0	0	0
1121010607	精品信仰帽+7	60	2	6	1	2109	0	具有信仰的神奇力量的帽子	3600	7000	9000	0	1	2	67	90	0	0	0	22	30	0	0	0	0	0	0	0	0	0	0
1121010608	精品信仰帽+8	60	3	6	1	2109	0	具有信仰的神奇力量的帽子	3800	8000	9000	0	1	2	71	94	0	0	0	23	31	0	0	0	0	0	0	0	0	0	0
1121010609	精品信仰帽+9	60	3	6	1	2109	0	具有信仰的神奇力量的帽子	4000	9000	9000	0	1	2	75	98	0	0	0	25	32	0	0	0	0	0	0	0	0	0	0
1121010610	精品信仰帽+10	60	4	6	1	2109	0	具有信仰的神奇力量的帽子	0	10000	9000	0	1	2	79	102	0	0	0	26	34	0	0	0	0	0	0	0	0	0	0
1121020600	极品信仰帽	60	0	6	2	2109	0	具有信仰的神奇力量的帽子	2200	0	0	0	1	2	39	62	0	0	0	13	20	2	0	0	0	2	0	0	0	0	0
1121020601	极品信仰帽+1	60	0	6	2	2109	0	具有信仰的神奇力量的帽子	2400	0	0	0	1	2	43	66	0	0	0	14	22	2	0	0	0	2	0	0	0	0	0
1121020602	极品信仰帽+2	60	0	6	2	2109	0	具有信仰的神奇力量的帽子	2600	0	0	0	1	2	47	70	0	0	0	15	23	2	0	0	0	2	0	0	0	0	0
1121020603	极品信仰帽+3	60	2	6	2	2109	0	具有信仰的神奇力量的帽子	2800	0	0	0	1	2	51	74	0	0	0	17	24	2	0	0	0	2	0	0	0	0	0
1121020604	极品信仰帽+4	60	2	6	2	2109	0	具有信仰的神奇力量的帽子	3000	0	0	0	1	2	55	78	0	0	0	18	26	2	0	0	0	2	0	0	0	0	0
1121020605	极品信仰帽+5	60	3	6	2	2109	0	具有信仰的神奇力量的帽子	3200	1000	11000	0	1	2	59	82	0	0	0	19	27	2	0	0	0	2	0	0	0	0	0
1121020606	极品信仰帽+6	60	3	6	2	2109	0	具有信仰的神奇力量的帽子	3400	2000	11000	0	1	2	63	86	0	0	0	21	28	2	0	0	0	2	0	0	0	0	0
1121020607	极品信仰帽+7	60	3	6	2	2109	0	具有信仰的神奇力量的帽子	3600	3000	11000	0	1	2	67	90	0	0	0	22	30	2	0	0	0	2	0	0	0	0	0
1121020608	极品信仰帽+8	60	4	6	2	2109	0	具有信仰的神奇力量的帽子	3800	4000	11000	0	1	2	71	94	0	0	0	23	31	2	0	0	0	2	0	0	0	0	0
1121020609	极品信仰帽+9	60	4	6	2	2109	0	具有信仰的神奇力量的帽子	4000	5000	11000	0	1	2	75	98	0	0	0	25	32	2	0	0	0	2	0	0	0	0	0
1121020610	极品信仰帽+10	60	5	6	2	2109	0	具有信仰的神奇力量的帽子	0	6000	11000	0	1	2	79	102	0	0	0	26	34	2	0	0	0	2	0	0	0	0	0
1121030600	完美信仰帽	60	0	6	3	1008000	45	具有信仰的神奇力量的帽子	2200	0	0	201	1	2	39	62	0	0	0	13	20	2	0	0	10	2	0	0	10	150	250
1121030601	完美信仰帽+1	60	0	6	3	1008000	45	具有信仰的神奇力量的帽子	2400	0	0	201	1	2	43	66	0	0	0	14	22	2	0	0	10	2	0	0	10	155	250
1121030602	完美信仰帽+2	60	0	6	3	1008000	45	具有信仰的神奇力量的帽子	2600	0	0	201	1	2	47	70	0	0	0	15	23	2	0	0	10	2	0	0	10	160	250
1121030603	完美信仰帽+3	60	3	6	3	1008000	45	具有信仰的神奇力量的帽子	2800	0	0	201	1	2	51	74	0	0	0	17	24	2	0	0	10	2	0	0	10	165	250
1121030604	完美信仰帽+4	60	3	6	3	1008000	45	具有信仰的神奇力量的帽子	3000	0	0	201	1	2	55	78	0	0	0	18	26	2	0	0	10	2	0	0	10	170	250
1121030605	完美信仰帽+5	60	4	6	3	1008000	45	具有信仰的神奇力量的帽子	3200	0	0	201	1	2	59	82	0	0	0	19	27	2	0	0	10	2	0	0	10	175	250
1121030606	完美信仰帽+6	60	4	6	3	1008000	45	具有信仰的神奇力量的帽子	3400	0	0	201	1	2	63	86	0	0	0	21	28	2	0	0	10	2	0	0	10	180	250
1121030607	完美信仰帽+7	60	4	6	3	1008000	45	具有信仰的神奇力量的帽子	3600	100	13000	201	1	2	67	90	0	0	0	22	30	2	0	0	10	2	0	0	10	185	250
1121030608	完美信仰帽+8	60	5	6	3	1008000	45	具有信仰的神奇力量的帽子	3800	200	13000	201	1	2	71	94	0	0	0	23	31	2	0	0	10	2	0	0	10	190	250
1121030609	完美信仰帽+9	60	5	6	3	1008000	45	具有信仰的神奇力量的帽子	4000	300	13000	201	1	2	75	98	0	0	0	25	32	2	0	0	10	2	0	0	10	195	250
1121030610	完美信仰帽+10	60	6	6	3	1008000	45	具有信仰的神奇力量的帽子	0	400	13000	201	1	2	79	102	0	0	0	26	34	2	0	0	10	2	0	0	10	200	250
1121040600	神品信仰帽	60	0	6	4	1680000	76	具有信仰的神奇力量的帽子	2200	0	0	336	1	2	39	62	0	0	0	13	20	2	10	10	10	2	10	10	10	150	250
1121040601	神品信仰帽+1	60	0	6	4	1680000	76	具有信仰的神奇力量的帽子	2400	0	0	336	1	2	43	66	0	0	0	14	22	2	10	10	10	2	10	10	10	155	250
1121040602	神品信仰帽+2	60	0	6	4	1680000	76	具有信仰的神奇力量的帽子	2600	0	0	336	1	2	47	70	0	0	0	15	23	2	10	10	10	2	10	10	10	160	250
1121040603	神品信仰帽+3	60	4	6	4	1680000	76	具有信仰的神奇力量的帽子	2800	0	0	336	1	2	51	74	0	0	0	17	24	2	10	10	10	2	10	10	10	165	250
1121040604	神品信仰帽+4	60	4	6	4	1680000	76	具有信仰的神奇力量的帽子	3000	0	0	336	1	2	55	78	0	0	0	18	26	2	10	10	10	2	10	10	10	170	250
1121040605	神品信仰帽+5	60	5	6	4	1680000	76	具有信仰的神奇力量的帽子	3200	0	0	336	1	2	59	82	0	0	0	19	27	2	10	10	10	2	10	10	10	175	250
1121040606	神品信仰帽+6	60	5	6	4	1680000	76	具有信仰的神奇力量的帽子	3400	0	0	336	1	2	63	86	0	0	0	21	28	2	10	10	10	2	10	10	10	180	250
1121040607	神品信仰帽+7	60	5	6	4	1680000	76	具有信仰的神奇力量的帽子	3600	0	0	336	1	2	67	90	0	0	0	22	30	2	10	10	10	2	10	10	10	185	250
1121040608	神品信仰帽+8	60	6	6	4	1680000	76	具有信仰的神奇力量的帽子	3800	0	0	336	1	2	71	94	0	0	0	23	31	2	10	10	10	2	10	10	10	190	250
1121040609	神品信仰帽+9	60	6	6	4	1680000	76	具有信仰的神奇力量的帽子	4000	0	0	336	1	2	75	98	0	0	0	25	32	2	10	10	10	2	10	10	10	195	250
1121040610	神品信仰帽+10	60	7	6	4	1680000	76	具有信仰的神奇力量的帽子	0	0	0	336	1	2	79	102	0	0	0	26	34	2	10	10	10	2	10	10	10	200	250
1121000700	祝福帽	72	0	7	0	2531	0	为大地带来圣洁之爱的帽子	3000	0	0	0	1	2	47	77	0	0	0	0	0	0	0	0	0	0	0	0	0	0	0
1121000701	祝福帽+1	72	0	7	0	2531	0	为大地带来圣洁之爱的帽子	3500	0	0	0	1	2	51	81	0	0	0	0	0	0	0	0	0	0	0	0	0	0	0
1121000702	祝福帽+2	72	0	7	0	2531	0	为大地带来圣洁之爱的帽子	4000	0	0	0	1	2	55	85	0	0	0	0	0	0	0	0	0	0	0	0	0	0	0
1121000703	祝福帽+3	72	0	7	0	2531	0	为大地带来圣洁之爱的帽子	4500	7500	11000	0	1	2	59	89	0	0	0	0	0	0	0	0	0	0	0	0	0	0	0
1121000704	祝福帽+4	72	0	7	0	2531	0	为大地带来圣洁之爱的帽子	5000	8500	11000	0	1	2	63	93	0	0	0	0	0	0	0	0	0	0	0	0	0	0	0
1121000705	祝福帽+5	72	0	7	0	2531	0	为大地带来圣洁之爱的帽子	5500	9500	11000	0	1	2	67	97	0	0	0	0	0	0	0	0	0	0	0	0	0	0	0
1121000706	祝福帽+6	72	0	7	0	2531	0	为大地带来圣洁之爱的帽子	6000	10000	11000	0	1	2	71	101	0	0	0	0	0	0	0	0	0	0	0	0	0	0	0
1121000707	祝福帽+7	72	0	7	0	2531	0	为大地带来圣洁之爱的帽子	6500	10000	11000	0	1	2	75	105	0	0	0	0	0	0	0	0	0	0	0	0	0	0	0
1121000708	祝福帽+8	72	0	7	0	2531	0	为大地带来圣洁之爱的帽子	7000	10000	11000	0	1	2	79	109	0	0	0	0	0	0	0	0	0	0	0	0	0	0	0
1121000709	祝福帽+9	72	0	7	0	2531	0	为大地带来圣洁之爱的帽子	7500	10000	11000	0	1	2	83	113	0	0	0	0	0	0	0	0	0	0	0	0	0	0	0
1121000710	祝福帽+10	72	0	7	0	2531	0	为大地带来圣洁之爱的帽子	0	10000	11000	0	1	2	87	117	0	0	0	0	0	0	0	0	0	0	0	0	0	0	0
1121010700	精品祝福帽	72	0	7	1	2531	0	为大地带来圣洁之爱的帽子	3000	0	0	0	1	2	47	77	0	0	0	15	25	0	0	0	0	0	0	0	0	0	0
1121010701	精品祝福帽+1	72	0	7	1	2531	0	为大地带来圣洁之爱的帽子	3500	0	0	0	1	2	51	81	0	0	0	17	27	0	0	0	0	0	0	0	0	0	0
1121010702	精品祝福帽+2	72	0	7	1	2531	0	为大地带来圣洁之爱的帽子	4000	0	0	0	1	2	55	85	0	0	0	18	28	0	0	0	0	0	0	0	0	0	0
1121010703	精品祝福帽+3	72	1	7	1	2531	0	为大地带来圣洁之爱的帽子	4500	0	0	0	1	2	59	89	0	0	0	19	29	0	0	0	0	0	0	0	0	0	0
1121010704	精品祝福帽+4	72	1	7	1	2531	0	为大地带来圣洁之爱的帽子	5000	1000	13000	0	1	2	63	93	0	0	0	21	31	0	0	0	0	0	0	0	0	0	0
1121010705	精品祝福帽+5	72	2	7	1	2531	0	为大地带来圣洁之爱的帽子	5500	3000	13000	0	1	2	67	97	0	0	0	22	32	0	0	0	0	0	0	0	0	0	0
1121010706	精品祝福帽+6	72	2	7	1	2531	0	为大地带来圣洁之爱的帽子	6000	5000	13000	0	1	2	71	101	0	0	0	23	33	0	0	0	0	0	0	0	0	0	0
1121010707	精品祝福帽+7	72	2	7	1	2531	0	为大地带来圣洁之爱的帽子	6500	7000	13000	0	1	2	75	105	0	0	0	25	35	0	0	0	0	0	0	0	0	0	0
1121010708	精品祝福帽+8	72	3	7	1	2531	0	为大地带来圣洁之爱的帽子	7000	8000	13000	0	1	2	79	109	0	0	0	26	36	0	0	0	0	0	0	0	0	0	0
1121010709	精品祝福帽+9	72	3	7	1	2531	0	为大地带来圣洁之爱的帽子	7500	9000	13000	0	1	2	83	113	0	0	0	27	37	0	0	0	0	0	0	0	0	0	0
1121010710	精品祝福帽+10	72	4	7	1	2531	0	为大地带来圣洁之爱的帽子	0	10000	13000	0	1	2	87	117	0	0	0	29	39	0	0	0	0	0	0	0	0	0	0
1121020700	极品祝福帽	72	0	7	2	2531	0	为大地带来圣洁之爱的帽子	3000	0	0	0	1	2	47	77	0	0	0	15	25	2	0	0	0	2	0	0	0	0	0
1121020701	极品祝福帽+1	72	0	7	2	2531	0	为大地带来圣洁之爱的帽子	3500	0	0	0	1	2	51	81	0	0	0	17	27	2	0	0	0	2	0	0	0	0	0
1121020702	极品祝福帽+2	72	0	7	2	2531	0	为大地带来圣洁之爱的帽子	4000	0	0	0	1	2	55	85	0	0	0	18	28	2	0	0	0	2	0	0	0	0	0
1121020703	极品祝福帽+3	72	2	7	2	2531	0	为大地带来圣洁之爱的帽子	4500	0	0	0	1	2	59	89	0	0	0	19	29	2	0	0	0	2	0	0	0	0	0
1121020704	极品祝福帽+4	72	2	7	2	2531	0	为大地带来圣洁之爱的帽子	5000	0	0	0	1	2	63	93	0	0	0	21	31	2	0	0	0	2	0	0	0	0	0
1121020705	极品祝福帽+5	72	3	7	2	2531	0	为大地带来圣洁之爱的帽子	5500	500	15000	0	1	2	67	97	0	0	0	22	32	2	0	0	0	2	0	0	0	0	0
1121020706	极品祝福帽+6	72	3	7	2	2531	0	为大地带来圣洁之爱的帽子	6000	700	15000	0	1	2	71	101	0	0	0	23	33	2	0	0	0	2	0	0	0	0	0
1121020707	极品祝福帽+7	72	3	7	2	2531	0	为大地带来圣洁之爱的帽子	6500	900	15000	0	1	2	75	105	0	0	0	25	35	2	0	0	0	2	0	0	0	0	0
1121020708	极品祝福帽+8	72	4	7	2	2531	0	为大地带来圣洁之爱的帽子	7000	1100	15000	0	1	2	79	109	0	0	0	26	36	2	0	0	0	2	0	0	0	0	0
1121020709	极品祝福帽+9	72	4	7	2	2531	0	为大地带来圣洁之爱的帽子	7500	1300	15000	0	1	2	83	113	0	0	0	27	37	2	0	0	0	2	0	0	0	0	0
1121020710	极品祝福帽+10	72	5	7	2	2531	0	为大地带来圣洁之爱的帽子	0	1500	15000	0	1	2	87	117	0	0	0	29	39	2	0	0	0	2	0	0	0	0	0
1121030700	完美祝福帽	72	0	7	3	1512000	60	为大地带来圣洁之爱的帽子	3000	0	0	268	1	2	47	77	0	0	0	15	25	2	0	0	10	2	0	0	10	180	300
1121030701	完美祝福帽+1	72	0	7	3	1512000	60	为大地带来圣洁之爱的帽子	3500	0	0	268	1	2	51	81	0	0	0	17	27	2	0	0	10	2	0	0	10	185	300
1121030702	完美祝福帽+2	72	0	7	3	1512000	60	为大地带来圣洁之爱的帽子	4000	0	0	268	1	2	55	85	0	0	0	18	28	2	0	0	10	2	0	0	10	190	300
1121030703	完美祝福帽+3	72	3	7	3	1512000	60	为大地带来圣洁之爱的帽子	4500	0	0	268	1	2	59	89	0	0	0	19	29	2	0	0	10	2	0	0	10	195	300
1121030704	完美祝福帽+4	72	3	7	3	1512000	60	为大地带来圣洁之爱的帽子	5000	0	0	268	1	2	63	93	0	0	0	21	31	2	0	0	10	2	0	0	10	200	300
1121030705	完美祝福帽+5	72	4	7	3	1512000	60	为大地带来圣洁之爱的帽子	5500	0	0	268	1	2	67	97	0	0	0	22	32	2	0	0	10	2	0	0	10	205	300
1121030706	完美祝福帽+6	72	4	7	3	1512000	60	为大地带来圣洁之爱的帽子	6000	0	0	268	1	2	71	101	0	0	0	23	33	2	0	0	10	2	0	0	10	210	300
1121030707	完美祝福帽+7	72	4	7	3	1512000	60	为大地带来圣洁之爱的帽子	6500	50	17000	268	1	2	75	105	0	0	0	25	35	2	0	0	10	2	0	0	10	215	300
1121030708	完美祝福帽+8	72	5	7	3	1512000	60	为大地带来圣洁之爱的帽子	7000	150	17000	268	1	2	79	109	0	0	0	26	36	2	0	0	10	2	0	0	10	220	300
1121030709	完美祝福帽+9	72	5	7	3	1512000	60	为大地带来圣洁之爱的帽子	7500	250	17000	268	1	2	83	113	0	0	0	27	37	2	0	0	10	2	0	0	10	225	300
1121030710	完美祝福帽+10	72	6	7	3	1512000	60	为大地带来圣洁之爱的帽子	0	350	17000	268	1	2	87	117	0	0	0	29	39	2	0	0	10	2	0	0	10	230	300
1121040700	神品祝福帽	72	0	7	4	2520000	101	为大地带来圣洁之爱的帽子	3000	0	0	448	1	2	47	77	0	0	0	15	25	2	10	10	10	2	10	10	10	180	300
1121040701	神品祝福帽+1	72	0	7	4	2520000	101	为大地带来圣洁之爱的帽子	3500	0	0	448	1	2	51	81	0	0	0	17	27	2	10	10	10	2	10	10	10	185	300
1121040702	神品祝福帽+2	72	0	7	4	2520000	101	为大地带来圣洁之爱的帽子	4000	0	0	448	1	2	55	85	0	0	0	18	28	2	10	10	10	2	10	10	10	190	300
1121040703	神品祝福帽+3	72	4	7	4	2520000	101	为大地带来圣洁之爱的帽子	4500	0	0	448	1	2	59	89	0	0	0	19	29	2	10	10	10	2	10	10	10	195	300
1121040704	神品祝福帽+4	72	4	7	4	2520000	101	为大地带来圣洁之爱的帽子	5000	0	0	448	1	2	63	93	0	0	0	21	31	2	10	10	10	2	10	10	10	200	300
1121040705	神品祝福帽+5	72	5	7	4	2520000	101	为大地带来圣洁之爱的帽子	5500	0	0	448	1	2	67	97	0	0	0	22	32	2	10	10	10	2	10	10	10	205	300
1121040706	神品祝福帽+6	72	5	7	4	2520000	101	为大地带来圣洁之爱的帽子	6000	0	0	448	1	2	71	101	0	0	0	23	33	2	10	10	10	2	10	10	10	210	300
1121040707	神品祝福帽+7	72	5	7	4	2520000	101	为大地带来圣洁之爱的帽子	6500	0	0	448	1	2	75	105	0	0	0	25	35	2	10	10	10	2	10	10	10	215	300
1121040708	神品祝福帽+8	72	6	7	4	2520000	101	为大地带来圣洁之爱的帽子	7000	0	0	448	1	2	79	109	0	0	0	26	36	2	10	10	10	2	10	10	10	220	300
1121040709	神品祝福帽+9	72	6	7	4	2520000	101	为大地带来圣洁之爱的帽子	7500	0	0	448	1	2	83	113	0	0	0	27	37	2	10	10	10	2	10	10	10	225	300
1121040710	神品祝福帽+10	72	7	7	4	2520000	101	为大地带来圣洁之爱的帽子	0	0	0	448	1	2	87	117	0	0	0	29	39	2	10	10	10	2	10	10	10	230	300
1121000800	圣灵帽	84	0	8	0	3796	0	超度生灵的帽子	4500	0	0	0	1	2	55	97	0	0	0	0	0	0	0	0	0	0	0	0	0	0	0
1121000801	圣灵帽+1	84	0	8	0	3796	0	超度生灵的帽子	5000	0	0	0	1	2	59	101	0	0	0	0	0	0	0	0	0	0	0	0	0	0	0
1121000802	圣灵帽+2	84	0	8	0	3796	0	超度生灵的帽子	5500	0	0	0	1	2	63	105	0	0	0	0	0	0	0	0	0	0	0	0	0	0	0
1121000803	圣灵帽+3	84	0	8	0	3796	0	超度生灵的帽子	6000	7500	15000	0	1	2	67	109	0	0	0	0	0	0	0	0	0	0	0	0	0	0	0
1121000804	圣灵帽+4	84	0	8	0	3796	0	超度生灵的帽子	6500	8500	15000	0	1	2	71	113	0	0	0	0	0	0	0	0	0	0	0	0	0	0	0
1121000805	圣灵帽+5	84	0	8	0	3796	0	超度生灵的帽子	7000	9500	15000	0	1	2	75	117	0	0	0	0	0	0	0	0	0	0	0	0	0	0	0
1121000806	圣灵帽+6	84	0	8	0	3796	0	超度生灵的帽子	7500	10000	15000	0	1	2	79	121	0	0	0	0	0	0	0	0	0	0	0	0	0	0	0
1121000807	圣灵帽+7	84	0	8	0	3796	0	超度生灵的帽子	8000	10000	15000	0	1	2	83	125	0	0	0	0	0	0	0	0	0	0	0	0	0	0	0
1121000808	圣灵帽+8	84	0	8	0	3796	0	超度生灵的帽子	8500	10000	15000	0	1	2	87	129	0	0	0	0	0	0	0	0	0	0	0	0	0	0	0
1121000809	圣灵帽+9	84	0	8	0	3796	0	超度生灵的帽子	9000	10000	15000	0	1	2	91	133	0	0	0	0	0	0	0	0	0	0	0	0	0	0	0
1121000810	圣灵帽+10	84	0	8	0	3796	0	超度生灵的帽子	0	10000	15000	0	1	2	95	137	0	0	0	0	0	0	0	0	0	0	0	0	0	0	0
1121010800	精品圣灵帽	84	0	8	1	3796	0	超度生灵的帽子	4500	0	0	0	1	2	55	97	0	0	0	18	32	0	0	0	0	0	0	0	0	0	0
1121010801	精品圣灵帽+1	84	0	8	1	3796	0	超度生灵的帽子	5000	0	0	0	1	2	59	101	0	0	0	19	33	0	0	0	0	0	0	0	0	0	0
1121010802	精品圣灵帽+2	84	0	8	1	3796	0	超度生灵的帽子	5500	0	0	0	1	2	63	105	0	0	0	21	35	0	0	0	0	0	0	0	0	0	0
1121010803	精品圣灵帽+3	84	1	8	1	3796	0	超度生灵的帽子	6000	0	0	0	1	2	67	109	0	0	0	22	36	0	0	0	0	0	0	0	0	0	0
1121010804	精品圣灵帽+4	84	1	8	1	3796	0	超度生灵的帽子	6500	1000	18000	0	1	2	71	113	0	0	0	23	37	0	0	0	0	0	0	0	0	0	0
1121010805	精品圣灵帽+5	84	2	8	1	3796	0	超度生灵的帽子	7000	2000	18000	0	1	2	75	117	0	0	0	25	39	0	0	0	0	0	0	0	0	0	0
1121010806	精品圣灵帽+6	84	2	8	1	3796	0	超度生灵的帽子	7500	3000	18000	0	1	2	79	121	0	0	0	26	40	0	0	0	0	0	0	0	0	0	0
1121010807	精品圣灵帽+7	84	2	8	1	3796	0	超度生灵的帽子	8000	4000	18000	0	1	2	83	125	0	0	0	27	41	0	0	0	0	0	0	0	0	0	0
1121010808	精品圣灵帽+8	84	3	8	1	3796	0	超度生灵的帽子	8500	6000	18000	0	1	2	87	129	0	0	0	29	43	0	0	0	0	0	0	0	0	0	0
1121010809	精品圣灵帽+9	84	3	8	1	3796	0	超度生灵的帽子	9000	8000	18000	0	1	2	91	133	0	0	0	30	44	0	0	0	0	0	0	0	0	0	0
1121010810	精品圣灵帽+10	84	4	8	1	3796	0	超度生灵的帽子	0	10000	18000	0	1	2	95	137	0	0	0	31	45	0	0	0	0	0	0	0	0	0	0
1121020800	极品圣灵帽	84	0	8	2	3796	0	超度生灵的帽子	4500	0	0	0	1	2	55	97	0	0	0	18	32	2	0	0	0	2	0	0	0	0	0
1121020801	极品圣灵帽+1	84	0	8	2	3796	0	超度生灵的帽子	5000	0	0	0	1	2	59	101	0	0	0	19	33	2	0	0	0	2	0	0	0	0	0
1121020802	极品圣灵帽+2	84	0	8	2	3796	0	超度生灵的帽子	5500	0	0	0	1	2	63	105	0	0	0	21	35	2	0	0	0	2	0	0	0	0	0
1121020803	极品圣灵帽+3	84	2	8	2	3796	0	超度生灵的帽子	6000	0	0	0	1	2	67	109	0	0	0	22	36	2	0	0	0	2	0	0	0	0	0
1121020804	极品圣灵帽+4	84	2	8	2	3796	0	超度生灵的帽子	6500	0	0	0	1	2	71	113	0	0	0	23	37	2	0	0	0	2	0	0	0	0	0
1121020805	极品圣灵帽+5	84	3	8	2	3796	0	超度生灵的帽子	7000	500	21000	0	1	2	75	117	0	0	0	25	39	2	0	0	0	2	0	0	0	0	0
1121020806	极品圣灵帽+6	84	3	8	2	3796	0	超度生灵的帽子	7500	700	21000	0	1	2	79	121	0	0	0	26	40	2	0	0	0	2	0	0	0	0	0
1121020807	极品圣灵帽+7	84	3	8	2	3796	0	超度生灵的帽子	8000	900	21000	0	1	2	83	125	0	0	0	27	41	2	0	0	0	2	0	0	0	0	0
1121020808	极品圣灵帽+8	84	4	8	2	3796	0	超度生灵的帽子	8500	1100	21000	0	1	2	87	129	0	0	0	29	43	2	0	0	0	2	0	0	0	0	0
1121020809	极品圣灵帽+9	84	4	8	2	3796	0	超度生灵的帽子	9000	1300	21000	0	1	2	91	133	0	0	0	30	44	2	0	0	0	2	0	0	0	0	0
1121020810	极品圣灵帽+10	84	5	8	2	3796	0	超度生灵的帽子	0	1500	21000	0	1	2	95	137	0	0	0	31	45	2	0	0	0	2	0	0	0	0	0
1121030800	完美圣灵帽	84	0	8	3	2184000	76	超度生灵的帽子	4500	0	0	336	1	2	55	97	0	0	0	18	32	2	0	0	10	2	0	0	10	210	350
1121030801	完美圣灵帽+1	84	0	8	3	2184000	76	超度生灵的帽子	5000	0	0	336	1	2	59	101	0	0	0	19	33	2	0	0	10	2	0	0	10	215	350
1121030802	完美圣灵帽+2	84	0	8	3	2184000	76	超度生灵的帽子	5500	0	0	336	1	2	63	105	0	0	0	21	35	2	0	0	10	2	0	0	10	220	350
1121030803	完美圣灵帽+3	84	3	8	3	2184000	76	超度生灵的帽子	6000	0	0	336	1	2	67	109	0	0	0	22	36	2	0	0	10	2	0	0	10	225	350
1121030804	完美圣灵帽+4	84	3	8	3	2184000	76	超度生灵的帽子	6500	0	0	336	1	2	71	113	0	0	0	23	37	2	0	0	10	2	0	0	10	230	350
1121030805	完美圣灵帽+5	84	4	8	3	2184000	76	超度生灵的帽子	7000	0	0	336	1	2	75	117	0	0	0	25	39	2	0	0	10	2	0	0	10	235	350
1121030806	完美圣灵帽+6	84	4	8	3	2184000	76	超度生灵的帽子	7500	0	0	336	1	2	79	121	0	0	0	26	40	2	0	0	10	2	0	0	10	240	350
1121030807	完美圣灵帽+7	84	4	8	3	2184000	76	超度生灵的帽子	8000	50	24000	336	1	2	83	125	0	0	0	27	41	2	0	0	10	2	0	0	10	245	350
1121030808	完美圣灵帽+8	84	5	8	3	2184000	76	超度生灵的帽子	8500	150	24000	336	1	2	87	129	0	0	0	29	43	2	0	0	10	2	0	0	10	250	350
1121030809	完美圣灵帽+9	84	5	8	3	2184000	76	超度生灵的帽子	9000	250	24000	336	1	2	91	133	0	0	0	30	44	2	0	0	10	2	0	0	10	255	350
1121030810	完美圣灵帽+10	84	6	8	3	2184000	76	超度生灵的帽子	0	350	24000	336	1	2	95	137	0	0	0	31	45	2	0	0	10	2	0	0	10	260	350
1121040800	神品圣灵帽	84	0	8	4	3640000	127	超度生灵的帽子	4500	0	0	560	1	2	55	97	0	0	0	18	32	2	10	10	10	2	10	10	10	210	350
1121040801	神品圣灵帽+1	84	0	8	4	3640000	127	超度生灵的帽子	5000	0	0	560	1	2	59	101	0	0	0	19	33	2	10	10	10	2	10	10	10	215	350
1121040802	神品圣灵帽+2	84	0	8	4	3640000	127	超度生灵的帽子	5500	0	0	560	1	2	63	105	0	0	0	21	35	2	10	10	10	2	10	10	10	220	350
1121040803	神品圣灵帽+3	84	4	8	4	3640000	127	超度生灵的帽子	6000	0	0	560	1	2	67	109	0	0	0	22	36	2	10	10	10	2	10	10	10	225	350
1121040804	神品圣灵帽+4	84	4	8	4	3640000	127	超度生灵的帽子	6500	0	0	560	1	2	71	113	0	0	0	23	37	2	10	10	10	2	10	10	10	230	350
1121040805	神品圣灵帽+5	84	5	8	4	3640000	127	超度生灵的帽子	7000	0	0	560	1	2	75	117	0	0	0	25	39	2	10	10	10	2	10	10	10	235	350
1121040806	神品圣灵帽+6	84	5	8	4	3640000	127	超度生灵的帽子	7500	0	0	560	1	2	79	121	0	0	0	26	40	2	10	10	10	2	10	10	10	240	350
1121040807	神品圣灵帽+7	84	5	8	4	3640000	127	超度生灵的帽子	8000	0	0	560	1	2	83	125	0	0	0	27	41	2	10	10	10	2	10	10	10	245	350
1121040808	神品圣灵帽+8	84	6	8	4	3640000	127	超度生灵的帽子	8500	0	0	560	1	2	87	129	0	0	0	29	43	2	10	10	10	2	10	10	10	250	350
1121040809	神品圣灵帽+9	84	6	8	4	3640000	127	超度生灵的帽子	9000	0	0	560	1	2	91	133	0	0	0	30	44	2	10	10	10	2	10	10	10	255	350
1121040810	神品圣灵帽+10	84	7	8	4	3640000	127	超度生灵的帽子	0	0	0	560	1	2	95	137	0	0	0	31	45	2	10	10	10	2	10	10	10	260	350
1121000900	附魂帽	96	0	9	0	5695	0	附着着前人魂魄的帽子	6000	0	0	0	1	2	64	117	0	0	0	0	0	0	0	0	0	0	0	0	0	0	0
1121000901	附魂帽+1	96	0	9	0	5695	0	附着着前人魂魄的帽子	7000	0	0	0	1	2	68	121	0	0	0	0	0	0	0	0	0	0	0	0	0	0	0
1121000902	附魂帽+2	96	0	9	0	5695	0	附着着前人魂魄的帽子	8000	0	0	0	1	2	72	125	0	0	0	0	0	0	0	0	0	0	0	0	0	0	0
1121000903	附魂帽+3	96	0	9	0	5695	0	附着着前人魂魄的帽子	9000	6000	21000	0	1	2	76	129	0	0	0	0	0	0	0	0	0	0	0	0	0	0	0
1121000904	附魂帽+4	96	0	9	0	5695	0	附着着前人魂魄的帽子	10000	7000	21000	0	1	2	80	133	0	0	0	0	0	0	0	0	0	0	0	0	0	0	0
1121000905	附魂帽+5	96	0	9	0	5695	0	附着着前人魂魄的帽子	11000	8000	21000	0	1	2	84	137	0	0	0	0	0	0	0	0	0	0	0	0	0	0	0
1121000906	附魂帽+6	96	0	9	0	5695	0	附着着前人魂魄的帽子	12000	9000	21000	0	1	2	88	141	0	0	0	0	0	0	0	0	0	0	0	0	0	0	0
1121000907	附魂帽+7	96	0	9	0	5695	0	附着着前人魂魄的帽子	13000	10000	21000	0	1	2	92	145	0	0	0	0	0	0	0	0	0	0	0	0	0	0	0
1121000908	附魂帽+8	96	0	9	0	5695	0	附着着前人魂魄的帽子	14000	10000	21000	0	1	2	96	149	0	0	0	0	0	0	0	0	0	0	0	0	0	0	0
1121000909	附魂帽+9	96	0	9	0	5695	0	附着着前人魂魄的帽子	15000	10000	21000	0	1	2	100	153	0	0	0	0	0	0	0	0	0	0	0	0	0	0	0
1121000910	附魂帽+10	96	0	9	0	5695	0	附着着前人魂魄的帽子	0	10000	21000	0	1	2	104	157	0	0	0	0	0	0	0	0	0	0	0	0	0	0	0
1121010900	精品附魂帽	96	0	9	1	5695	0	附着着前人魂魄的帽子	6000	0	0	0	1	2	64	117	0	0	0	21	39	0	0	0	0	0	0	0	0	0	0
1121010901	精品附魂帽+1	96	0	9	1	5695	0	附着着前人魂魄的帽子	7000	0	0	0	1	2	68	121	0	0	0	22	40	0	0	0	0	0	0	0	0	0	0
1121010902	精品附魂帽+2	96	0	9	1	5695	0	附着着前人魂魄的帽子	8000	0	0	0	1	2	72	125	0	0	0	24	41	0	0	0	0	0	0	0	0	0	0
1121010903	精品附魂帽+3	96	1	9	1	5695	0	附着着前人魂魄的帽子	9000	0	0	0	1	2	76	129	0	0	0	25	43	0	0	0	0	0	0	0	0	0	0
1121010904	精品附魂帽+4	96	1	9	1	5695	0	附着着前人魂魄的帽子	10000	1000	24000	0	1	2	80	133	0	0	0	26	44	0	0	0	0	0	0	0	0	0	0
1121010905	精品附魂帽+5	96	2	9	1	5695	0	附着着前人魂魄的帽子	11000	2000	24000	0	1	2	84	137	0	0	0	28	45	0	0	0	0	0	0	0	0	0	0
1121010906	精品附魂帽+6	96	2	9	1	5695	0	附着着前人魂魄的帽子	12000	3000	24000	0	1	2	88	141	0	0	0	29	47	0	0	0	0	0	0	0	0	0	0
1121010907	精品附魂帽+7	96	2	9	1	5695	0	附着着前人魂魄的帽子	13000	4000	24000	0	1	2	92	145	0	0	0	30	48	0	0	0	0	0	0	0	0	0	0
1121010908	精品附魂帽+8	96	3	9	1	5695	0	附着着前人魂魄的帽子	14000	6000	24000	0	1	2	96	149	0	0	0	32	49	0	0	0	0	0	0	0	0	0	0
1121010909	精品附魂帽+9	96	3	9	1	5695	0	附着着前人魂魄的帽子	15000	8000	24000	0	1	2	100	153	0	0	0	33	51	0	0	0	0	0	0	0	0	0	0
1121010910	精品附魂帽+10	96	4	9	1	5695	0	附着着前人魂魄的帽子	0	10000	24000	0	1	2	104	157	0	0	0	34	52	0	0	0	0	0	0	0	0	0	0
1121020900	极品附魂帽	96	0	9	2	5695	0	附着着前人魂魄的帽子	6000	0	0	0	1	2	64	117	0	0	0	21	39	2	0	0	0	2	0	0	0	0	0
1121020901	极品附魂帽+1	96	0	9	2	5695	0	附着着前人魂魄的帽子	7000	0	0	0	1	2	68	121	0	0	0	22	40	2	0	0	0	2	0	0	0	0	0
1121020902	极品附魂帽+2	96	0	9	2	5695	0	附着着前人魂魄的帽子	8000	0	0	0	1	2	72	125	0	0	0	24	41	2	0	0	0	2	0	0	0	0	0
1121020903	极品附魂帽+3	96	2	9	2	5695	0	附着着前人魂魄的帽子	9000	0	0	0	1	2	76	129	0	0	0	25	43	2	0	0	0	2	0	0	0	0	0
1121020904	极品附魂帽+4	96	2	9	2	5695	0	附着着前人魂魄的帽子	10000	0	0	0	1	2	80	133	0	0	0	26	44	2	0	0	0	2	0	0	0	0	0
1121020905	极品附魂帽+5	96	3	9	2	5695	0	附着着前人魂魄的帽子	11000	200	27000	0	1	2	84	137	0	0	0	28	45	2	0	0	0	2	0	0	0	0	0
1121020906	极品附魂帽+6	96	3	9	2	5695	0	附着着前人魂魄的帽子	12000	400	27000	0	1	2	88	141	0	0	0	29	47	2	0	0	0	2	0	0	0	0	0
1121020907	极品附魂帽+7	96	3	9	2	5695	0	附着着前人魂魄的帽子	13000	600	27000	0	1	2	92	145	0	0	0	30	48	2	0	0	0	2	0	0	0	0	0
1121020908	极品附魂帽+8	96	4	9	2	5695	0	附着着前人魂魄的帽子	14000	800	27000	0	1	2	96	149	0	0	0	32	49	2	0	0	0	2	0	0	0	0	0
1121020909	极品附魂帽+9	96	4	9	2	5695	0	附着着前人魂魄的帽子	15000	1000	27000	0	1	2	100	153	0	0	0	33	51	2	0	0	0	2	0	0	0	0	0
1121020910	极品附魂帽+10	96	5	9	2	5695	0	附着着前人魂魄的帽子	0	1200	27000	0	1	2	104	157	0	0	0	34	52	2	0	0	0	2	0	0	0	0	0
1121030900	完美附魂帽	96	0	9	3	3024000	91	附着着前人魂魄的帽子	6000	0	0	403	1	2	64	117	0	0	0	21	39	2	0	0	10	2	0	0	10	240	400
1121030901	完美附魂帽+1	96	0	9	3	3024000	91	附着着前人魂魄的帽子	7000	0	0	403	1	2	68	121	0	0	0	22	40	2	0	0	10	2	0	0	10	245	400
1121030902	完美附魂帽+2	96	0	9	3	3024000	91	附着着前人魂魄的帽子	8000	0	0	403	1	2	72	125	0	0	0	24	41	2	0	0	10	2	0	0	10	250	400
1121030903	完美附魂帽+3	96	3	9	3	3024000	91	附着着前人魂魄的帽子	9000	0	0	403	1	2	76	129	0	0	0	25	43	2	0	0	10	2	0	0	10	255	400
1121030904	完美附魂帽+4	96	3	9	3	3024000	91	附着着前人魂魄的帽子	10000	0	0	403	1	2	80	133	0	0	0	26	44	2	0	0	10	2	0	0	10	260	400
1121030905	完美附魂帽+5	96	4	9	3	3024000	91	附着着前人魂魄的帽子	11000	0	0	403	1	2	84	137	0	0	0	28	45	2	0	0	10	2	0	0	10	265	400
1121030906	完美附魂帽+6	96	4	9	3	3024000	91	附着着前人魂魄的帽子	12000	0	0	403	1	2	88	141	0	0	0	29	47	2	0	0	10	2	0	0	10	270	400
1121030907	完美附魂帽+7	96	4	9	3	3024000	91	附着着前人魂魄的帽子	13000	70	30000	403	1	2	92	145	0	0	0	30	48	2	0	0	10	2	0	0	10	275	400
1121030908	完美附魂帽+8	96	5	9	3	3024000	91	附着着前人魂魄的帽子	14000	170	30000	403	1	2	96	149	0	0	0	32	49	2	0	0	10	2	0	0	10	280	400
1121030909	完美附魂帽+9	96	5	9	3	3024000	91	附着着前人魂魄的帽子	15000	270	30000	403	1	2	100	153	0	0	0	33	51	2	0	0	10	2	0	0	10	285	400
1121030910	完美附魂帽+10	96	6	9	3	3024000	91	附着着前人魂魄的帽子	0	370	30000	403	1	2	104	157	0	0	0	34	52	2	0	0	10	2	0	0	10	290	400
1121040900	神品附魂帽	96	0	9	4	5040000	151	附着着前人魂魄的帽子	6000	0	0	672	1	2	64	117	0	0	0	21	39	2	10	10	10	2	10	10	10	240	400
1121040901	神品附魂帽+1	96	0	9	4	5040000	151	附着着前人魂魄的帽子	7000	0	0	672	1	2	68	121	0	0	0	22	40	2	10	10	10	2	10	10	10	245	400
1121040902	神品附魂帽+2	96	0	9	4	5040000	151	附着着前人魂魄的帽子	8000	0	0	672	1	2	72	125	0	0	0	24	41	2	10	10	10	2	10	10	10	250	400
1121040903	神品附魂帽+3	96	4	9	4	5040000	151	附着着前人魂魄的帽子	9000	0	0	672	1	2	76	129	0	0	0	25	43	2	10	10	10	2	10	10	10	255	400
1121040904	神品附魂帽+4	96	4	9	4	5040000	151	附着着前人魂魄的帽子	10000	0	0	672	1	2	80	133	0	0	0	26	44	2	10	10	10	2	10	10	10	260	400
1121040905	神品附魂帽+5	96	5	9	4	5040000	151	附着着前人魂魄的帽子	11000	0	0	672	1	2	84	137	0	0	0	28	45	2	10	10	10	2	10	10	10	265	400
1121040906	神品附魂帽+6	96	5	9	4	5040000	151	附着着前人魂魄的帽子	12000	0	0	672	1	2	88	141	0	0	0	29	47	2	10	10	10	2	10	10	10	270	400
1121040907	神品附魂帽+7	96	5	9	4	5040000	151	附着着前人魂魄的帽子	13000	0	0	672	1	2	92	145	0	0	0	30	48	2	10	10	10	2	10	10	10	275	400
1121040908	神品附魂帽+8	96	6	9	4	5040000	151	附着着前人魂魄的帽子	14000	0	0	672	1	2	96	149	0	0	0	32	49	2	10	10	10	2	10	10	10	280	400
1121040909	神品附魂帽+9	96	6	9	4	5040000	151	附着着前人魂魄的帽子	15000	0	0	672	1	2	100	153	0	0	0	33	51	2	10	10	10	2	10	10	10	285	400
1121040910	神品附魂帽+10	96	7	9	4	5040000	151	附着着前人魂魄的帽子	0	0	0	672	1	2	104	157	0	0	0	34	52	2	10	10	10	2	10	10	10	290	400
1121001000	神恩帽	108	0	10	0	10678	0	光明神赐予大魔导师的帽子	10000	0	0	0	1	2	74	127	0	0	0	0	0	0	0	0	0	0	0	0	0	0	0
1121001001	神恩帽+1	108	0	10	0	10678	0	光明神赐予大魔导师的帽子	11000	0	0	0	1	2	78	131	0	0	0	0	0	0	0	0	0	0	0	0	0	0	0
1121001002	神恩帽+2	108	0	10	0	10678	0	光明神赐予大魔导师的帽子	12000	0	0	0	1	2	82	135	0	0	0	0	0	0	0	0	0	0	0	0	0	0	0
1121001003	神恩帽+3	108	0	10	0	10678	0	光明神赐予大魔导师的帽子	13000	6000	27000	0	1	2	86	139	0	0	0	0	0	0	0	0	0	0	0	0	0	0	0
1121001004	神恩帽+4	108	0	10	0	10678	0	光明神赐予大魔导师的帽子	14000	6500	27000	0	1	2	90	143	0	0	0	0	0	0	0	0	0	0	0	0	0	0	0
1121001005	神恩帽+5	108	0	10	0	10678	0	光明神赐予大魔导师的帽子	15000	7000	27000	0	1	2	94	147	0	0	0	0	0	0	0	0	0	0	0	0	0	0	0
1121001006	神恩帽+6	108	0	10	0	10678	0	光明神赐予大魔导师的帽子	16000	7500	27000	0	1	2	98	151	0	0	0	0	0	0	0	0	0	0	0	0	0	0	0
1121001007	神恩帽+7	108	0	10	0	10678	0	光明神赐予大魔导师的帽子	17000	8000	27000	0	1	2	102	155	0	0	0	0	0	0	0	0	0	0	0	0	0	0	0
1121001008	神恩帽+8	108	0	10	0	10678	0	光明神赐予大魔导师的帽子	18000	8500	27000	0	1	2	106	159	0	0	0	0	0	0	0	0	0	0	0	0	0	0	0
1121001009	神恩帽+9	108	0	10	0	10678	0	光明神赐予大魔导师的帽子	19000	9000	27000	0	1	2	110	163	0	0	0	0	0	0	0	0	0	0	0	0	0	0	0
1121001010	神恩帽+10	108	0	10	0	10678	0	光明神赐予大魔导师的帽子	0	9500	27000	0	1	2	114	167	0	0	0	0	0	0	0	0	0	0	0	0	0	0	0
1121011000	精品神恩帽	108	0	10	1	10678	0	光明神赐予大魔导师的帽子	10000	0	0	0	1	2	74	127	0	0	0	24	42	0	0	0	0	0	0	0	0	0	0
1121011001	精品神恩帽+1	108	0	10	1	10678	0	光明神赐予大魔导师的帽子	11000	0	0	0	1	2	78	131	0	0	0	26	43	0	0	0	0	0	0	0	0	0	0
1121011002	精品神恩帽+2	108	0	10	1	10678	0	光明神赐予大魔导师的帽子	12000	0	0	0	1	2	82	135	0	0	0	27	45	0	0	0	0	0	0	0	0	0	0
1121011003	精品神恩帽+3	108	1	10	1	10678	0	光明神赐予大魔导师的帽子	13000	0	0	0	1	2	86	139	0	0	0	28	46	0	0	0	0	0	0	0	0	0	0
1121011004	精品神恩帽+4	108	1	10	1	10678	0	光明神赐予大魔导师的帽子	14000	1000	31000	0	1	2	90	143	0	0	0	30	47	0	0	0	0	0	0	0	0	0	0
1121011005	精品神恩帽+5	108	2	10	1	10678	0	光明神赐予大魔导师的帽子	15000	2000	31000	0	1	2	94	147	0	0	0	31	49	0	0	0	0	0	0	0	0	0	0
1121011006	精品神恩帽+6	108	2	10	1	10678	0	光明神赐予大魔导师的帽子	16000	3000	31000	0	1	2	98	151	0	0	0	32	50	0	0	0	0	0	0	0	0	0	0
1121011007	精品神恩帽+7	108	2	10	1	10678	0	光明神赐予大魔导师的帽子	17000	4000	31000	0	1	2	102	155	0	0	0	34	51	0	0	0	0	0	0	0	0	0	0
1121011008	精品神恩帽+8	108	3	10	1	10678	0	光明神赐予大魔导师的帽子	18000	6000	31000	0	1	2	106	159	0	0	0	35	53	0	0	0	0	0	0	0	0	0	0
1121011009	精品神恩帽+9	108	3	10	1	10678	0	光明神赐予大魔导师的帽子	19000	8000	31000	0	1	2	110	163	0	0	0	36	54	0	0	0	0	0	0	0	0	0	0
1121011010	精品神恩帽+10	108	4	10	1	10678	0	光明神赐予大魔导师的帽子	0	10000	31000	0	1	2	114	167	0	0	0	38	55	0	0	0	0	0	0	0	0	0	0
1121021000	极品神恩帽	108	0	10	2	10678	0	光明神赐予大魔导师的帽子	10000	0	0	0	1	2	74	127	0	0	0	24	42	2	0	0	0	2	0	0	0	0	0
1121021001	极品神恩帽+1	108	0	10	2	10678	0	光明神赐予大魔导师的帽子	11000	0	0	0	1	2	78	131	0	0	0	26	43	2	0	0	0	2	0	0	0	0	0
1121021002	极品神恩帽+2	108	0	10	2	10678	0	光明神赐予大魔导师的帽子	12000	0	0	0	1	2	82	135	0	0	0	27	45	2	0	0	0	2	0	0	0	0	0
1121021003	极品神恩帽+3	108	2	10	2	10678	0	光明神赐予大魔导师的帽子	13000	0	0	0	1	2	86	139	0	0	0	28	46	2	0	0	0	2	0	0	0	0	0
1121021004	极品神恩帽+4	108	2	10	2	10678	0	光明神赐予大魔导师的帽子	14000	0	0	0	1	2	90	143	0	0	0	30	47	2	0	0	0	2	0	0	0	0	0
1121021005	极品神恩帽+5	108	3	10	2	10678	0	光明神赐予大魔导师的帽子	15000	200	35000	0	1	2	94	147	0	0	0	31	49	2	0	0	0	2	0	0	0	0	0
1121021006	极品神恩帽+6	108	3	10	2	10678	0	光明神赐予大魔导师的帽子	16000	400	35000	0	1	2	98	151	0	0	0	32	50	2	0	0	0	2	0	0	0	0	0
1121021007	极品神恩帽+7	108	3	10	2	10678	0	光明神赐予大魔导师的帽子	17000	600	35000	0	1	2	102	155	0	0	0	34	51	2	0	0	0	2	0	0	0	0	0
1121021008	极品神恩帽+8	108	4	10	2	10678	0	光明神赐予大魔导师的帽子	18000	800	35000	0	1	2	106	159	0	0	0	35	53	2	0	0	0	2	0	0	0	0	0
1121021009	极品神恩帽+9	108	4	10	2	10678	0	光明神赐予大魔导师的帽子	19000	1000	35000	0	1	2	110	163	0	0	0	36	54	2	0	0	0	2	0	0	0	0	0
1121021010	极品神恩帽+10	108	5	10	2	10678	0	光明神赐予大魔导师的帽子	0	1200	35000	0	1	2	114	167	0	0	0	38	55	2	0	0	0	2	0	0	0	0	0
1121031000	完美神恩帽	108	0	10	3	4032000	121	光明神赐予大魔导师的帽子	10000	0	0	470	1	2	74	127	0	0	0	24	42	2	0	0	10	2	0	0	10	300	450
1121031001	完美神恩帽+1	108	0	10	3	4032000	121	光明神赐予大魔导师的帽子	11000	0	0	470	1	2	78	131	0	0	0	26	43	2	0	0	10	2	0	0	10	305	450
1121031002	完美神恩帽+2	108	0	10	3	4032000	121	光明神赐予大魔导师的帽子	12000	0	0	470	1	2	82	135	0	0	0	27	45	2	0	0	10	2	0	0	10	310	450
1121031003	完美神恩帽+3	108	3	10	3	4032000	121	光明神赐予大魔导师的帽子	13000	0	0	470	1	2	86	139	0	0	0	28	46	2	0	0	10	2	0	0	10	315	450
1121031004	完美神恩帽+4	108	3	10	3	4032000	121	光明神赐予大魔导师的帽子	14000	0	0	470	1	2	90	143	0	0	0	30	47	2	0	0	10	2	0	0	10	320	450
1121031005	完美神恩帽+5	108	4	10	3	4032000	121	光明神赐予大魔导师的帽子	15000	0	0	470	1	2	94	147	0	0	0	31	49	2	0	0	10	2	0	0	10	325	450
1121031006	完美神恩帽+6	108	4	10	3	4032000	121	光明神赐予大魔导师的帽子	16000	0	0	470	1	2	98	151	0	0	0	32	50	2	0	0	10	2	0	0	10	330	450
1121031007	完美神恩帽+7	108	4	10	3	4032000	121	光明神赐予大魔导师的帽子	17000	70	39000	470	1	2	102	155	0	0	0	34	51	2	0	0	10	2	0	0	10	335	450
1121031008	完美神恩帽+8	108	5	10	3	4032000	121	光明神赐予大魔导师的帽子	18000	170	39000	470	1	2	106	159	0	0	0	35	53	2	0	0	10	2	0	0	10	340	450
1121031009	完美神恩帽+9	108	5	10	3	4032000	121	光明神赐予大魔导师的帽子	19000	270	39000	470	1	2	110	163	0	0	0	36	54	2	0	0	10	2	0	0	10	345	450
1121031010	完美神恩帽+10	108	6	10	3	4032000	121	光明神赐予大魔导师的帽子	0	370	39000	470	1	2	114	167	0	0	0	38	55	2	0	0	10	2	0	0	10	350	450
1121041000	神品神恩帽	108	0	10	4	6720000	202	光明神赐予大魔导师的帽子	10000	0	0	784	1	2	74	127	0	0	0	24	42	2	10	10	10	2	10	10	10	300	450
1121041001	神品神恩帽+1	108	0	10	4	6720000	202	光明神赐予大魔导师的帽子	11000	0	0	784	1	2	78	131	0	0	0	26	43	2	10	10	10	2	10	10	10	305	450
1121041002	神品神恩帽+2	108	0	10	4	6720000	202	光明神赐予大魔导师的帽子	12000	0	0	784	1	2	82	135	0	0	0	27	45	2	10	10	10	2	10	10	10	310	450
1121041003	神品神恩帽+3	108	4	10	4	6720000	202	光明神赐予大魔导师的帽子	13000	0	0	784	1	2	86	139	0	0	0	28	46	2	10	10	10	2	10	10	10	315	450
1121041004	神品神恩帽+4	108	4	10	4	6720000	202	光明神赐予大魔导师的帽子	14000	0	0	784	1	2	90	143	0	0	0	30	47	2	10	10	10	2	10	10	10	320	450
1121041005	神品神恩帽+5	108	5	10	4	6720000	202	光明神赐予大魔导师的帽子	15000	0	0	784	1	2	94	147	0	0	0	31	49	2	10	10	10	2	10	10	10	325	450
1121041006	神品神恩帽+6	108	5	10	4	6720000	202	光明神赐予大魔导师的帽子	16000	0	0	784	1	2	98	151	0	0	0	32	50	2	10	10	10	2	10	10	10	330	450
1121041007	神品神恩帽+7	108	5	10	4	6720000	202	光明神赐予大魔导师的帽子	17000	0	0	784	1	2	102	155	0	0	0	34	51	2	10	10	10	2	10	10	10	335	450
1121041008	神品神恩帽+8	108	6	10	4	6720000	202	光明神赐予大魔导师的帽子	18000	0	0	784	1	2	106	159	0	0	0	35	53	2	10	10	10	2	10	10	10	340	450
1121041009	神品神恩帽+9	108	6	10	4	6720000	202	光明神赐予大魔导师的帽子	19000	0	0	784	1	2	110	163	0	0	0	36	54	2	10	10	10	2	10	10	10	345	450
1121041010	神品神恩帽+10	108	7	10	4	6720000	202	光明神赐予大魔导师的帽子	0	0	0	784	1	2	114	167	0	0	0	38	55	2	10	10	10	2	10	10	10	350	450
1121001100	天光帽	120	0	11	0	19221	0	反抗世间一切力量的帽子	15000	0	0	0	1	2	84	160	0	0	0	0	0	0	0	0	0	0	0	0	0	0	0
1121001101	天光帽+1	120	0	11	0	19221	0	反抗世间一切力量的帽子	17000	0	0	0	1	2	89	165	0	0	0	0	0	0	0	0	0	0	0	0	0	0	0
1121001102	天光帽+2	120	0	11	0	19221	0	反抗世间一切力量的帽子	19000	0	0	0	1	2	94	170	0	0	0	0	0	0	0	0	0	0	0	0	0	0	0
1121001103	天光帽+3	120	0	11	0	19221	0	反抗世间一切力量的帽子	21000	5000	35000	0	1	2	99	175	0	0	0	0	0	0	0	0	0	0	0	0	0	0	0
1121001104	天光帽+4	120	0	11	0	19221	0	反抗世间一切力量的帽子	23000	5500	35000	0	1	2	104	180	0	0	0	0	0	0	0	0	0	0	0	0	0	0	0
1121001105	天光帽+5	120	0	11	0	19221	0	反抗世间一切力量的帽子	25000	6000	35000	0	1	2	109	185	0	0	0	0	0	0	0	0	0	0	0	0	0	0	0
1121001106	天光帽+6	120	0	11	0	19221	0	反抗世间一切力量的帽子	27000	6500	35000	0	1	2	114	190	0	0	0	0	0	0	0	0	0	0	0	0	0	0	0
1121001107	天光帽+7	120	0	11	0	19221	0	反抗世间一切力量的帽子	29000	7000	35000	0	1	2	119	195	0	0	0	0	0	0	0	0	0	0	0	0	0	0	0
1121001108	天光帽+8	120	0	11	0	19221	0	反抗世间一切力量的帽子	31000	7500	35000	0	1	2	124	200	0	0	0	0	0	0	0	0	0	0	0	0	0	0	0
1121001109	天光帽+9	120	0	11	0	19221	0	反抗世间一切力量的帽子	33000	8000	35000	0	1	2	129	205	0	0	0	0	0	0	0	0	0	0	0	0	0	0	0
1121001110	天光帽+10	120	0	11	0	19221	0	反抗世间一切力量的帽子	0	8500	35000	0	1	2	134	210	0	0	0	0	0	0	0	0	0	0	0	0	0	0	0
1121011100	精品天光帽	120	0	11	1	19221	0	反抗世间一切力量的帽子	15000	0	0	0	1	2	84	160	0	0	0	28	53	0	0	0	0	0	0	0	0	0	0
1121011101	精品天光帽+1	120	0	11	1	19221	0	反抗世间一切力量的帽子	17000	0	0	0	1	2	89	165	0	0	0	29	55	0	0	0	0	0	0	0	0	0	0
1121011102	精品天光帽+2	120	0	11	1	19221	0	反抗世间一切力量的帽子	19000	0	0	0	1	2	94	170	0	0	0	31	56	0	0	0	0	0	0	0	0	0	0
1121011103	精品天光帽+3	120	1	11	1	19221	0	反抗世间一切力量的帽子	21000	0	0	0	1	2	99	175	0	0	0	33	58	0	0	0	0	0	0	0	0	0	0
1121011104	精品天光帽+4	120	1	11	1	19221	0	反抗世间一切力量的帽子	23000	1000	40000	0	1	2	104	180	0	0	0	34	60	0	0	0	0	0	0	0	0	0	0
1121011105	精品天光帽+5	120	2	11	1	19221	0	反抗世间一切力量的帽子	25000	2000	40000	0	1	2	109	185	0	0	0	36	61	0	0	0	0	0	0	0	0	0	0
1121011106	精品天光帽+6	120	2	11	1	19221	0	反抗世间一切力量的帽子	27000	3000	40000	0	1	2	114	190	0	0	0	38	63	0	0	0	0	0	0	0	0	0	0
1121011107	精品天光帽+7	120	2	11	1	19221	0	反抗世间一切力量的帽子	29000	4000	40000	0	1	2	119	195	0	0	0	39	65	0	0	0	0	0	0	0	0	0	0
1121011108	精品天光帽+8	120	3	11	1	19221	0	反抗世间一切力量的帽子	31000	6000	40000	0	1	2	124	200	0	0	0	41	66	0	0	0	0	0	0	0	0	0	0
1121011109	精品天光帽+9	120	3	11	1	19221	0	反抗世间一切力量的帽子	33000	8000	40000	0	1	2	129	205	0	0	0	43	68	0	0	0	0	0	0	0	0	0	0
1121011110	精品天光帽+10	120	4	11	1	19221	0	反抗世间一切力量的帽子	0	10000	40000	0	1	2	134	210	0	0	0	44	70	0	0	0	0	0	0	0	0	0	0
1121021100	极品天光帽	120	0	11	2	19221	0	反抗世间一切力量的帽子	15000	0	0	0	1	2	84	160	0	0	0	28	53	2	0	0	0	2	0	0	0	0	0
1121021101	极品天光帽+1	120	0	11	2	19221	0	反抗世间一切力量的帽子	17000	0	0	0	1	2	89	165	0	0	0	29	55	2	0	0	0	2	0	0	0	0	0
1121021102	极品天光帽+2	120	0	11	2	19221	0	反抗世间一切力量的帽子	19000	0	0	0	1	2	94	170	0	0	0	31	56	2	0	0	0	2	0	0	0	0	0
1121021103	极品天光帽+3	120	2	11	2	19221	0	反抗世间一切力量的帽子	21000	0	0	0	1	2	99	175	0	0	0	33	58	2	0	0	0	2	0	0	0	0	0
1121021104	极品天光帽+4	120	2	11	2	19221	0	反抗世间一切力量的帽子	23000	0	0	0	1	2	104	180	0	0	0	34	60	2	0	0	0	2	0	0	0	0	0
1121021105	极品天光帽+5	120	3	11	2	19221	0	反抗世间一切力量的帽子	25000	100	50000	0	1	2	109	185	0	0	0	36	61	2	0	0	0	2	0	0	0	0	0
1121021106	极品天光帽+6	120	3	11	2	19221	0	反抗世间一切力量的帽子	27000	300	50000	0	1	2	114	190	0	0	0	38	63	2	0	0	0	2	0	0	0	0	0
1121021107	极品天光帽+7	120	3	11	2	19221	0	反抗世间一切力量的帽子	29000	500	50000	0	1	2	119	195	0	0	0	39	65	2	0	0	0	2	0	0	0	0	0
1121021108	极品天光帽+8	120	4	11	2	19221	0	反抗世间一切力量的帽子	31000	700	50000	0	1	2	124	200	0	0	0	41	66	2	0	0	0	2	0	0	0	0	0
1121021109	极品天光帽+9	120	4	11	2	19221	0	反抗世间一切力量的帽子	33000	900	50000	0	1	2	129	205	0	0	0	43	68	2	0	0	0	2	0	0	0	0	0
1121021110	极品天光帽+10	120	5	11	2	19221	0	反抗世间一切力量的帽子	0	1100	50000	0	1	2	134	210	0	0	0	44	70	2	0	0	0	2	0	0	0	0	0
1121031100	完美天光帽	120	0	11	3	5208000	156	反抗世间一切力量的帽子	15000	0	0	0	1	2	84	160	0	0	0	28	53	2	0	0	10	2	0	0	10	330	450
1121031101	完美天光帽+1	120	0	11	3	5208000	156	反抗世间一切力量的帽子	17000	0	0	0	1	2	89	165	0	0	0	29	55	2	0	0	10	2	0	0	10	335	450
1121031102	完美天光帽+2	120	0	11	3	5208000	156	反抗世间一切力量的帽子	19000	0	0	0	1	2	94	170	0	0	0	31	56	2	0	0	10	2	0	0	10	340	450
1121031103	完美天光帽+3	120	3	11	3	5208000	156	反抗世间一切力量的帽子	21000	0	0	0	1	2	99	175	0	0	0	33	58	2	0	0	10	2	0	0	10	345	450
1121031104	完美天光帽+4	120	3	11	3	5208000	156	反抗世间一切力量的帽子	23000	0	0	0	1	2	104	180	0	0	0	34	60	2	0	0	10	2	0	0	10	350	450
1121031105	完美天光帽+5	120	4	11	3	5208000	156	反抗世间一切力量的帽子	25000	0	0	0	1	2	109	185	0	0	0	36	61	2	0	0	10	2	0	0	10	355	450
1121031106	完美天光帽+6	120	4	11	3	5208000	156	反抗世间一切力量的帽子	27000	0	0	0	1	2	114	190	0	0	0	38	63	2	0	0	10	2	0	0	10	360	450
1121031107	完美天光帽+7	120	4	11	3	5208000	156	反抗世间一切力量的帽子	29000	70	60000	0	1	2	119	195	0	0	0	39	65	2	0	0	10	2	0	0	10	365	450
1121031108	完美天光帽+8	120	5	11	3	5208000	156	反抗世间一切力量的帽子	31000	170	60000	0	1	2	124	200	0	0	0	41	66	2	0	0	10	2	0	0	10	370	450
1121031109	完美天光帽+9	120	5	11	3	5208000	156	反抗世间一切力量的帽子	33000	270	60000	0	1	2	129	205	0	0	0	43	68	2	0	0	10	2	0	0	10	375	450
1121031110	完美天光帽+10	120	6	11	3	5208000	156	反抗世间一切力量的帽子	0	370	60000	0	1	2	134	210	0	0	0	44	70	2	0	0	10	2	0	0	10	380	450
1121041100	神品天光帽	120	0	11	4	8680000	260	反抗世间一切力量的帽子	15000	0	0	0	1	2	84	160	0	0	0	28	53	2	10	10	10	2	10	10	10	330	450
1121041101	神品天光帽+1	120	0	11	4	8680000	260	反抗世间一切力量的帽子	17000	0	0	0	1	2	89	165	0	0	0	29	55	2	10	10	10	2	10	10	10	335	450
1121041102	神品天光帽+2	120	0	11	4	8680000	260	反抗世间一切力量的帽子	19000	0	0	0	1	2	94	170	0	0	0	31	56	2	10	10	10	2	10	10	10	340	450
1121041103	神品天光帽+3	120	4	11	4	8680000	260	反抗世间一切力量的帽子	21000	0	0	0	1	2	99	175	0	0	0	33	58	2	10	10	10	2	10	10	10	345	450
1121041104	神品天光帽+4	120	4	11	4	8680000	260	反抗世间一切力量的帽子	23000	0	0	0	1	2	104	180	0	0	0	34	60	2	10	10	10	2	10	10	10	350	450
1121041105	神品天光帽+5	120	5	11	4	8680000	260	反抗世间一切力量的帽子	25000	0	0	0	1	2	109	185	0	0	0	36	61	2	10	10	10	2	10	10	10	355	450
1121041106	神品天光帽+6	120	5	11	4	8680000	260	反抗世间一切力量的帽子	27000	0	0	0	1	2	114	190	0	0	0	38	63	2	10	10	10	2	10	10	10	360	450
1121041107	神品天光帽+7	120	5	11	4	8680000	260	反抗世间一切力量的帽子	29000	0	0	0	1	2	119	195	0	0	0	39	65	2	10	10	10	2	10	10	10	365	450
1121041108	神品天光帽+8	120	6	11	4	8680000	260	反抗世间一切力量的帽子	31000	0	0	0	1	2	124	200	0	0	0	41	66	2	10	10	10	2	10	10	10	370	450
1121041109	神品天光帽+9	120	6	11	4	8680000	260	反抗世间一切力量的帽子	33000	0	0	0	1	2	129	205	0	0	0	43	68	2	10	10	10	2	10	10	10	375	450
1121041110	神品天光帽+10	120	7	11	4	8680000	260	反抗世间一切力量的帽子	0	0	0	0	1	2	134	210	0	0	0	44	70	2	10	10	10	2	10	10	10	380	450
1121031200	超级新手帽	0	0	4	3	770000	58	为新手准备的超级装备	1200	0	0	0	1	2	23	34	0	0	0	7	11	2	0	0	10	2	0	0	10	90	150
1121031201	超级新手帽+1	0	0	4	3	770000	58	为新手准备的超级装备	1300	0	0	0	1	2	26	37	0	0	0	8	12	2	0	0	10	2	0	0	10	95	150
1121031202	超级新手帽+2	0	0	4	3	770000	58	为新手准备的超级装备	1400	0	0	0	1	2	29	40	0	0	0	9	13	2	0	0	10	2	0	0	10	100	150
1121031203	超级新手帽+3	0	5	4	3	770000	58	为新手准备的超级装备	1500	0	0	0	1	2	32	43	0	0	0	10	14	2	0	0	10	2	0	0	10	105	150
1121031204	超级新手帽+4	0	5	4	3	770000	58	为新手准备的超级装备	1600	0	0	0	1	2	35	46	0	0	0	11	15	2	0	0	10	2	0	0	10	110	150
1121031205	超级新手帽+5	0	6	4	3	770000	58	为新手准备的超级装备	1700	0	0	0	1	2	38	49	0	0	0	12	16	2	0	0	10	2	0	0	10	115	150
1121031206	超级新手帽+6	0	6	4	3	770000	58	为新手准备的超级装备	1800	0	0	0	1	2	41	52	0	0	0	13	17	2	0	0	10	2	0	0	10	120	150
1121031207	超级新手帽+7	0	6	4	3	770000	58	为新手准备的超级装备	1900	0	0	0	1	2	44	55	0	0	0	14	18	2	0	0	10	2	0	0	10	125	150
1121031208	超级新手帽+8	0	7	4	3	770000	58	为新手准备的超级装备	2000	0	0	0	1	2	47	58	0	0	0	15	19	2	0	0	10	2	0	0	10	130	150
1121031209	超级新手帽+9	0	7	4	3	770000	58	为新手准备的超级装备	2100	0	0	0	1	2	50	61	0	0	0	16	20	2	0	0	10	2	0	0	10	135	150
1121031210	超级新手帽+10	0	8	4	3	770000	58	为新手准备的超级装备	0	0	0	0	1	2	53	64	0	0	0	17	21	2	0	0	10	2	0	0	10	140	150
1121031300	超级小强帽	36	0	7	3	6160000	462	为小强准备的超级装备	3000	0	0	0	1	2	47	77	0	0	0	15	25	2	0	0	10	2	0	0	10	180	300
1121031301	超级小强帽+1	36	0	7	3	6160000	462	为小强准备的超级装备	3500	0	0	0	1	2	51	81	0	0	0	17	27	2	0	0	10	2	0	0	10	185	300
1121031302	超级小强帽+2	36	0	7	3	6160000	462	为小强准备的超级装备	4000	0	0	0	1	2	55	85	0	0	0	18	28	2	0	0	10	2	0	0	10	190	300
1121031303	超级小强帽+3	36	5	7	3	6160000	462	为小强准备的超级装备	4500	0	0	0	1	2	59	89	0	0	0	19	29	2	0	0	10	2	0	0	10	195	300
1121031304	超级小强帽+4	36	5	7	3	6160000	462	为小强准备的超级装备	5000	0	0	0	1	2	63	93	0	0	0	21	31	2	0	0	10	2	0	0	10	200	300
1121031305	超级小强帽+5	36	6	7	3	6160000	462	为小强准备的超级装备	5500	0	0	0	1	2	67	97	0	0	0	22	32	2	0	0	10	2	0	0	10	205	300
1121031306	超级小强帽+6	36	6	7	3	6160000	462	为小强准备的超级装备	6000	0	0	0	1	2	71	101	0	0	0	23	33	2	0	0	10	2	0	0	10	210	300
1121031307	超级小强帽+7	36	6	7	3	6160000	462	为小强准备的超级装备	6500	0	0	0	1	2	75	105	0	0	0	25	35	2	0	0	10	2	0	0	10	215	300
1121031308	超级小强帽+8	36	7	7	3	6160000	462	为小强准备的超级装备	7000	0	0	0	1	2	79	109	0	0	0	26	36	2	0	0	10	2	0	0	10	220	300
1121031309	超级小强帽+9	36	7	7	3	6160000	462	为小强准备的超级装备	7500	0	0	0	1	2	83	113	0	0	0	27	37	2	0	0	10	2	0	0	10	225	300
1121031310	超级小强帽+10	36	8	7	3	6160000	462	为小强准备的超级装备	0	0	0	0	1	2	87	117	0	0	0	29	39	2	0	0	10	2	0	0	10	230	300
1121031400	超级专业帽	60	0	10	3	22000000	1650	为专业人士准备的超级装备	10000	0	0	0	1	2	74	127	0	0	0	24	42	2	0	0	10	2	0	0	10	270	450
1121031401	超级专业帽+1	60	0	10	3	22000000	1650	为专业人士准备的超级装备	11000	0	0	0	1	2	78	131	0	0	0	26	43	2	0	0	10	2	0	0	10	275	450
1121031402	超级专业帽+2	60	0	10	3	22000000	1650	为专业人士准备的超级装备	12000	0	0	0	1	2	82	135	0	0	0	27	45	2	0	0	10	2	0	0	10	280	450
1121031403	超级专业帽+3	60	5	10	3	22000000	1650	为专业人士准备的超级装备	13000	0	0	0	1	2	86	139	0	0	0	28	46	2	0	0	10	2	0	0	10	285	450
1121031404	超级专业帽+4	60	5	10	3	22000000	1650	为专业人士准备的超级装备	14000	0	0	0	1	2	90	143	0	0	0	30	47	2	0	0	10	2	0	0	10	290	450
1121031405	超级专业帽+5	60	6	10	3	22000000	1650	为专业人士准备的超级装备	15000	0	0	0	1	2	94	147	0	0	0	31	49	2	0	0	10	2	0	0	10	295	450
1121031406	超级专业帽+6	60	6	10	3	22000000	1650	为专业人士准备的超级装备	16000	0	0	0	1	2	98	151	0	0	0	32	50	2	0	0	10	2	0	0	10	300	450
1121031407	超级专业帽+7	60	6	10	3	22000000	1650	为专业人士准备的超级装备	17000	0	0	0	1	2	102	155	0	0	0	34	51	2	0	0	10	2	0	0	10	305	450
1121031408	超级专业帽+8	60	7	10	3	22000000	1650	为专业人士准备的超级装备	18000	0	0	0	1	2	106	159	0	0	0	35	53	2	0	0	10	2	0	0	10	310	450
1121031409	超级专业帽+9	60	7	10	3	22000000	1650	为专业人士准备的超级装备	19000	0	0	0	1	2	110	163	0	0	0	36	54	2	0	0	10	2	0	0	10	315	450
1121031410	超级专业帽+10	60	8	10	3	22000000	1650	为专业人士准备的超级装备	0	0	0	0	1	2	114	167	0	0	0	38	55	2	0	0	10	2	0	0	10	320	450
1121031500	超级噬魂帽	96	0	11	3	38000000	3150	恶魔的贡品	20000	0	0	0	1	2	102	177	0	0	0	34	58	2	0	0	10	2	0	0	10	360	600
1121031501	超级噬魂帽+1	96	0	11	3	38000000	3150	恶魔的贡品	21000	0	0	0	1	2	106	181	0	0	0	36	60	2	0	0	10	2	0	0	10	365	600
1121031502	超级噬魂帽+2	96	0	11	3	38000000	3150	恶魔的贡品	22000	0	0	0	1	2	110	185	0	0	0	38	62	2	0	0	10	2	0	0	10	370	600
1121031503	超级噬魂帽+3	96	5	11	3	38000000	3150	恶魔的贡品	23000	0	0	0	1	2	114	189	0	0	0	40	64	2	0	0	10	2	0	0	10	375	600
1121031504	超级噬魂帽+4	96	5	11	3	38000000	3150	恶魔的贡品	24000	0	0	0	1	2	118	193	0	0	0	42	66	2	0	0	10	2	0	0	10	380	600
1121031505	超级噬魂帽+5	96	6	11	3	38000000	3150	恶魔的贡品	25000	0	0	0	1	2	122	197	0	0	0	44	68	2	0	0	10	2	0	0	10	385	600
1121031506	超级噬魂帽+6	96	6	11	3	38000000	3150	恶魔的贡品	26000	0	0	0	1	2	126	201	0	0	0	46	70	2	0	0	10	2	0	0	10	390	600
1121031507	超级噬魂帽+7	96	6	11	3	38000000	3150	恶魔的贡品	27000	0	0	0	1	2	130	205	0	0	0	48	72	2	0	0	10	2	0	0	10	395	600
1121031508	超级噬魂帽+8	96	7	11	3	38000000	3150	恶魔的贡品	28000	0	0	0	1	2	134	209	0	0	0	50	74	2	0	0	10	2	0	0	10	400	600
1121031509	超级噬魂帽+9	96	7	11	3	38000000	3150	恶魔的贡品	29000	0	0	0	1	2	138	213	0	0	0	52	76	2	0	0	10	2	0	0	10	405	600
1121031510	超级噬魂帽+10	96	8	11	3	38000000	3150	恶魔的贡品	0	0	0	0	1	2	142	217	0	0	0	54	78	2	0	0	10	2	0	0	10	410	600
1121031600	超级化神帽	120	0	12	3	56000000	4500	上帝的恩赐	30000	0	0	0	1	2	130	227	0	0	0	48	81	2	0	0	10	2	0	0	10	450	750
1121031601	超级化神帽+1	120	0	12	3	56000000	4500	上帝的恩赐	31000	0	0	0	1	2	134	231	0	0	0	50	83	2	0	0	10	2	0	0	10	455	750
1121031602	超级化神帽+2	120	0	12	3	56000000	4500	上帝的恩赐	32000	0	0	0	1	2	138	235	0	0	0	52	85	2	0	0	10	2	0	0	10	460	750
1121031603	超级化神帽+3	120	5	12	3	56000000	4500	上帝的恩赐	33000	0	0	0	1	2	142	239	0	0	0	54	87	2	0	0	10	2	0	0	10	465	750
1121031604	超级化神帽+4	120	5	12	3	56000000	4500	上帝的恩赐	34000	0	0	0	1	2	146	243	0	0	0	56	89	2	0	0	10	2	0	0	10	470	750
1121031605	超级化神帽+5	120	6	12	3	56000000	4500	上帝的恩赐	35000	0	0	0	1	2	150	247	0	0	0	58	91	2	0	0	10	2	0	0	10	475	750
1121031606	超级化神帽+6	120	6	12	3	56000000	4500	上帝的恩赐	36000	0	0	0	1	2	154	251	0	0	0	60	93	2	0	0	10	2	0	0	10	480	750
1121031607	超级化神帽+7	120	6	12	3	56000000	4500	上帝的恩赐	37000	0	0	0	1	2	158	255	0	0	0	62	95	2	0	0	10	2	0	0	10	485	750
1121031608	超级化神帽+8	120	7	12	3	56000000	4500	上帝的恩赐	38000	0	0	0	1	2	162	259	0	0	0	64	97	2	0	0	10	2	0	0	10	490	750
1121031609	超级化神帽+9	120	7	12	3	56000000	4500	上帝的恩赐	39000	0	0	0	1	2	166	263	0	0	0	66	99	2	0	0	10	2	0	0	10	495	750
1121031610	超级化神帽+10	120	8	12	3	56000000	4500	上帝的恩赐	0	0	0	0	1	2	170	267	0	0	0	68	101	2	0	0	10	2	0	0	10	500	750
