编号	名字	等级需求	光影等级	图标	品质	金币	元宝	描述	升等费用	精炼几率	精炼费用	升级费用	种族要求	装备类型	物理防御	魔法防御	闪避	移动时间增加	格档	附加物理防御	附加魔法防御	物防加成（等级）	物防加成（强壮）	物防加成（敏捷）	物防加成（智慧）	魔防加成（等级）	魔防加成（强壮）	魔防加成（敏捷）	魔防加成（智慧）	附加生命上限	附加魔法上限
id	name	requiredLevel	haloIndex	icon	quality	moneyCost	treasureCost	description	increaseCost	refineRate	refineCost	upgradeCost	requiredRace	eType	physicalDefense	magicDefense	evadingAbility	stepTime	withstandingRate	extraPhysicalDefense	extraMagicDefense	pdLevelFactor	pdStrengthFactor	pdDexterityFactor	pdWisdomFactor	mdLevelFactor	mdStrengthFactor	mdDexterityFactor	mdWisdomFactor	lifeRaised	manaRaised
1132000100	轻型靴	0	0	1	0	9	0	一般士兵所用的轻型靴子	0	0	0	0	2	3	1	1	2	-300	0	0	0	0	0	0	0	0	0	0	0	0	0
1132000101	轻型靴+1	0	0	1	0	9	0	一般士兵所用的轻型靴子	0	0	0	0	2	3	3	3	3	-300	0	0	0	0	0	0	0	0	0	0	0	0	0
1132000102	轻型靴+2	0	0	1	0	9	0	一般士兵所用的轻型靴子	0	0	0	0	2	3	5	5	4	-300	0	0	0	0	0	0	0	0	0	0	0	0	0
1132000103	轻型靴+3	0	0	1	0	9	0	一般士兵所用的轻型靴子	0	0	0	0	2	3	7	7	5	-300	0	0	0	0	0	0	0	0	0	0	0	0	0
1132000104	轻型靴+4	0	0	1	0	9	0	一般士兵所用的轻型靴子	0	0	0	0	2	3	9	9	6	-300	0	0	0	0	0	0	0	0	0	0	0	0	0
1132000105	轻型靴+5	0	0	1	0	9	0	一般士兵所用的轻型靴子	0	0	0	0	2	3	11	11	7	-300	0	0	0	0	0	0	0	0	0	0	0	0	0
1132000106	轻型靴+6	0	0	1	0	9	0	一般士兵所用的轻型靴子	0	0	0	0	2	3	13	13	8	-300	0	0	0	0	0	0	0	0	0	0	0	0	0
1132000107	轻型靴+7	0	0	1	0	9	0	一般士兵所用的轻型靴子	0	0	0	0	2	3	15	15	9	-300	0	0	0	0	0	0	0	0	0	0	0	0	0
1132000108	轻型靴+8	0	0	1	0	9	0	一般士兵所用的轻型靴子	0	0	0	0	2	3	17	17	10	-300	0	0	0	0	0	0	0	0	0	0	0	0	0
1132000109	轻型靴+9	0	0	1	0	9	0	一般士兵所用的轻型靴子	0	0	0	0	2	3	19	19	11	-300	0	0	0	0	0	0	0	0	0	0	0	0	0
1132000110	轻型靴+10	0	0	1	0	9	0	一般士兵所用的轻型靴子	0	0	0	0	2	3	21	21	12	-300	0	0	0	0	0	0	0	0	0	0	0	0	0
1132000200	精铁靴	12	0	2	0	500	0	精铁打造而成的靴子	500	0	0	0	2	3	5	4	3	-300	0	0	0	0	0	0	0	0	0	0	0	60	0
1132000201	精铁靴+1	12	0	2	0	500	0	精铁打造而成的靴子	600	0	0	0	2	3	7	6	4	-300	0	0	0	0	0	0	0	0	0	0	0	65	0
1132000202	精铁靴+2	12	0	2	0	500	0	精铁打造而成的靴子	700	0	0	0	2	3	9	8	5	-300	0	0	0	0	0	0	0	0	0	0	0	70	0
1132000203	精铁靴+3	12	0	2	0	500	0	精铁打造而成的靴子	800	10000	500	0	2	3	11	11	6	-300	0	0	0	0	0	0	0	0	0	0	0	75	0
1132000204	精铁靴+4	12	0	2	0	500	0	精铁打造而成的靴子	900	10000	500	0	2	3	13	13	7	-300	0	0	0	0	0	0	0	0	0	0	0	80	0
1132000205	精铁靴+5	12	0	2	0	500	0	精铁打造而成的靴子	1000	10000	500	0	2	3	15	15	8	-300	0	0	0	0	0	0	0	0	0	0	0	85	0
1132000206	精铁靴+6	12	0	2	0	500	0	精铁打造而成的靴子	1100	10000	500	0	2	3	17	17	9	-300	0	0	0	0	0	0	0	0	0	0	0	90	0
1132000207	精铁靴+7	12	0	2	0	500	0	精铁打造而成的靴子	1200	10000	500	0	2	3	19	19	10	-300	0	0	0	0	0	0	0	0	0	0	0	95	0
1132000208	精铁靴+8	12	0	2	0	500	0	精铁打造而成的靴子	1300	10000	500	0	2	3	21	22	11	-300	0	0	0	0	0	0	0	0	0	0	0	100	0
1132000209	精铁靴+9	12	0	2	0	500	0	精铁打造而成的靴子	1400	10000	500	0	2	3	23	24	12	-300	0	0	0	0	0	0	0	0	0	0	0	105	0
1132000210	精铁靴+10	12	0	2	0	500	0	精铁打造而成的靴子	0	10000	500	0	2	3	25	26	13	-300	0	0	0	0	0	0	0	0	0	0	0	110	0
1132010200	精品精铁靴	12	0	2	1	500	0	精铁打造而成的靴子	500	0	0	0	2	3	5	4	3	-300	0	1	1	0	0	0	0	0	0	0	0	60	0
1132010201	精品精铁靴+1	12	0	2	1	500	0	精铁打造而成的靴子	600	0	0	0	2	3	7	6	4	-300	0	2	2	0	0	0	0	0	0	0	0	65	0
1132010202	精品精铁靴+2	12	0	2	1	500	0	精铁打造而成的靴子	700	0	0	0	2	3	9	8	5	-300	0	3	2	0	0	0	0	0	0	0	0	70	0
1132010203	精品精铁靴+3	12	1	2	1	500	0	精铁打造而成的靴子	800	0	0	0	2	3	11	11	6	-300	0	3	3	0	0	0	0	0	0	0	0	75	0
1132010204	精品精铁靴+4	12	1	2	1	500	0	精铁打造而成的靴子	900	5000	1000	0	2	3	13	13	7	-300	0	4	4	0	0	0	0	0	0	0	0	80	0
1132010205	精品精铁靴+5	12	2	2	1	500	0	精铁打造而成的靴子	1000	6000	1000	0	2	3	15	15	8	-300	0	5	4	0	0	0	0	0	0	0	0	85	0
1132010206	精品精铁靴+6	12	2	2	1	500	0	精铁打造而成的靴子	1100	7000	1000	0	2	3	17	17	9	-300	0	5	5	0	0	0	0	0	0	0	0	90	0
1132010207	精品精铁靴+7	12	2	2	1	500	0	精铁打造而成的靴子	1200	8000	1000	0	2	3	19	19	10	-300	0	6	6	0	0	0	0	0	0	0	0	95	0
1132010208	精品精铁靴+8	12	3	2	1	500	0	精铁打造而成的靴子	1300	9000	1000	0	2	3	21	22	11	-300	0	7	6	0	0	0	0	0	0	0	0	100	0
1132010209	精品精铁靴+9	12	3	2	1	500	0	精铁打造而成的靴子	1400	10000	1000	0	2	3	23	24	12	-300	0	7	7	0	0	0	0	0	0	0	0	105	0
1132010210	精品精铁靴+10	12	4	2	1	500	0	精铁打造而成的靴子	0	10000	1000	0	2	3	25	26	13	-300	0	8	8	0	0	0	0	0	0	0	0	110	0
1132020200	极品精铁靴	12	0	2	2	500	0	精铁打造而成的靴子	500	0	0	0	2	3	5	4	3	-300	0	1	1	2	0	0	0	2	0	0	0	60	0
1132020201	极品精铁靴+1	12	0	2	2	500	0	精铁打造而成的靴子	600	0	0	0	2	3	7	6	4	-300	0	2	2	2	0	0	0	2	0	0	0	65	0
1132020202	极品精铁靴+2	12	0	2	2	500	0	精铁打造而成的靴子	700	0	0	0	2	3	9	8	5	-300	0	3	2	2	0	0	0	2	0	0	0	70	0
1132020203	极品精铁靴+3	12	2	2	2	500	0	精铁打造而成的靴子	800	0	0	0	2	3	11	11	6	-300	0	3	3	2	0	0	0	2	0	0	0	75	0
1132020204	极品精铁靴+4	12	2	2	2	500	0	精铁打造而成的靴子	900	0	0	0	2	3	13	13	7	-300	0	4	4	2	0	0	0	2	0	0	0	80	0
1132020205	极品精铁靴+5	12	3	2	2	500	0	精铁打造而成的靴子	1000	2500	1500	0	2	3	15	15	8	-300	0	5	4	2	0	0	0	2	0	0	0	85	0
1132020206	极品精铁靴+6	12	3	2	2	500	0	精铁打造而成的靴子	1100	3500	1500	0	2	3	17	17	9	-300	0	5	5	2	0	0	0	2	0	0	0	90	0
1132020207	极品精铁靴+7	12	3	2	2	500	0	精铁打造而成的靴子	1200	4500	1500	0	2	3	19	19	10	-300	0	6	6	2	0	0	0	2	0	0	0	95	0
1132020208	极品精铁靴+8	12	4	2	2	500	0	精铁打造而成的靴子	1300	5500	1500	0	2	3	21	22	11	-300	0	7	6	2	0	0	0	2	0	0	0	100	0
1132020209	极品精铁靴+9	12	4	2	2	500	0	精铁打造而成的靴子	1400	7000	1500	0	2	3	23	24	12	-300	0	7	7	2	0	0	0	2	0	0	0	105	0
1132020210	极品精铁靴+10	12	5	2	2	500	0	精铁打造而成的靴子	0	10000	1500	0	2	3	25	26	13	-300	0	8	8	2	0	0	0	2	0	0	0	110	0
1132030200	完美精铁靴	12	0	2	3	84000	17	精铁打造而成的靴子	500	0	0	33	2	3	5	4	3	-300	0	1	1	2	10	0	0	2	0	0	10	160	60
1132030201	完美精铁靴+1	12	0	2	3	84000	17	精铁打造而成的靴子	600	0	0	33	2	3	7	6	4	-300	0	2	2	2	10	0	0	2	0	0	10	165	60
1132030202	完美精铁靴+2	12	0	2	3	84000	17	精铁打造而成的靴子	700	0	0	33	2	3	9	8	5	-300	0	3	2	2	10	0	0	2	0	0	10	170	60
1132030203	完美精铁靴+3	12	3	2	3	84000	17	精铁打造而成的靴子	800	0	0	33	2	3	11	11	6	-300	0	3	3	2	10	0	0	2	0	0	10	175	60
1132030204	完美精铁靴+4	12	3	2	3	84000	17	精铁打造而成的靴子	900	0	0	33	2	3	13	13	7	-300	0	4	4	2	10	0	0	2	0	0	10	180	60
1132030205	完美精铁靴+5	12	4	2	3	84000	17	精铁打造而成的靴子	1000	0	0	33	2	3	15	15	8	-300	0	5	4	2	10	0	0	2	0	0	10	185	60
1132030206	完美精铁靴+6	12	4	2	3	84000	17	精铁打造而成的靴子	1100	0	0	33	2	3	17	17	9	-300	0	5	5	2	10	0	0	2	0	0	10	190	60
1132030207	完美精铁靴+7	12	4	2	3	84000	17	精铁打造而成的靴子	1200	1000	2000	33	2	3	19	19	10	-300	0	6	6	2	10	0	0	2	0	0	10	195	60
1132030208	完美精铁靴+8	12	5	2	3	84000	17	精铁打造而成的靴子	1300	1100	2000	33	2	3	21	22	11	-300	0	7	6	2	10	0	0	2	0	0	10	200	60
1132030209	完美精铁靴+9	12	5	2	3	84000	17	精铁打造而成的靴子	1400	1200	2000	33	2	3	23	24	12	-300	0	7	7	2	10	0	0	2	0	0	10	205	60
1132030210	完美精铁靴+10	12	6	2	3	84000	17	精铁打造而成的靴子	0	1300	2000	33	2	3	25	26	13	-300	0	8	8	2	10	0	0	2	0	0	10	210	60
1132040200	神品精铁靴	12	0	2	4	140000	28	精铁打造而成的靴子	500	0	0	56	2	3	5	4	3	-300	0	1	1	2	10	10	10	2	10	10	10	160	60
1132040201	神品精铁靴+1	12	0	2	4	140000	28	精铁打造而成的靴子	600	0	0	56	2	3	7	6	4	-300	0	2	2	2	10	10	10	2	10	10	10	165	60
1132040202	神品精铁靴+2	12	0	2	4	140000	28	精铁打造而成的靴子	700	0	0	56	2	3	9	8	5	-300	0	3	2	2	10	10	10	2	10	10	10	170	60
1132040203	神品精铁靴+3	12	4	2	4	140000	28	精铁打造而成的靴子	800	0	0	56	2	3	11	11	6	-300	0	3	3	2	10	10	10	2	10	10	10	175	60
1132040204	神品精铁靴+4	12	4	2	4	140000	28	精铁打造而成的靴子	900	0	0	56	2	3	13	13	7	-300	0	4	4	2	10	10	10	2	10	10	10	180	60
1132040205	神品精铁靴+5	12	5	2	4	140000	28	精铁打造而成的靴子	1000	0	0	56	2	3	15	15	8	-300	0	5	4	2	10	10	10	2	10	10	10	185	60
1132040206	神品精铁靴+6	12	5	2	4	140000	28	精铁打造而成的靴子	1100	0	0	56	2	3	17	17	9	-300	0	5	5	2	10	10	10	2	10	10	10	190	60
1132040207	神品精铁靴+7	12	5	2	4	140000	28	精铁打造而成的靴子	1200	0	0	56	2	3	19	19	10	-300	0	6	6	2	10	10	10	2	10	10	10	195	60
1132040208	神品精铁靴+8	12	6	2	4	140000	28	精铁打造而成的靴子	1300	0	0	56	2	3	21	22	11	-300	0	7	6	2	10	10	10	2	10	10	10	200	60
1132040209	神品精铁靴+9	12	6	2	4	140000	28	精铁打造而成的靴子	1400	0	0	56	2	3	23	24	12	-300	0	7	7	2	10	10	10	2	10	10	10	205	60
1132040210	神品精铁靴+10	12	7	2	4	140000	28	精铁打造而成的靴子	0	0	0	56	2	3	25	26	13	-300	0	8	8	2	10	10	10	2	10	10	10	210	60
1132000300	青狼靴	24	0	3	0	750	0	有青狼印记的靴子	800	0	0	0	2	3	10	8	5	-300	0	0	0	0	0	0	0	0	0	0	0	90	0
1132000301	青狼靴+1	24	0	3	0	750	0	有青狼印记的靴子	900	0	0	0	2	3	13	12	6	-300	0	0	0	0	0	0	0	0	0	0	0	95	0
1132000302	青狼靴+2	24	0	3	0	750	0	有青狼印记的靴子	1000	0	0	0	2	3	16	15	7	-300	0	0	0	0	0	0	0	0	0	0	0	100	0
1132000303	青狼靴+3	24	0	3	0	750	0	有青狼印记的靴子	1100	10000	1500	0	2	3	19	19	8	-300	0	0	0	0	0	0	0	0	0	0	0	105	0
1132000304	青狼靴+4	24	0	3	0	750	0	有青狼印记的靴子	1200	10000	1500	0	2	3	22	22	9	-300	0	0	0	0	0	0	0	0	0	0	0	110	0
1132000305	青狼靴+5	24	0	3	0	750	0	有青狼印记的靴子	1300	10000	1500	0	2	3	25	26	10	-300	0	0	0	0	0	0	0	0	0	0	0	115	0
1132000306	青狼靴+6	24	0	3	0	750	0	有青狼印记的靴子	1400	10000	1500	0	2	3	28	30	11	-300	0	0	0	0	0	0	0	0	0	0	0	120	0
1132000307	青狼靴+7	24	0	3	0	750	0	有青狼印记的靴子	1500	10000	1500	0	2	3	31	33	12	-300	0	0	0	0	0	0	0	0	0	0	0	125	0
1132000308	青狼靴+8	24	0	3	0	750	0	有青狼印记的靴子	1600	10000	1500	0	2	3	34	37	13	-300	0	0	0	0	0	0	0	0	0	0	0	130	0
1132000309	青狼靴+9	24	0	3	0	750	0	有青狼印记的靴子	1700	10000	1500	0	2	3	37	40	14	-300	0	0	0	0	0	0	0	0	0	0	0	135	0
1132000310	青狼靴+10	24	0	3	0	750	0	有青狼印记的靴子	0	10000	1500	0	2	3	40	44	15	-300	0	0	0	0	0	0	0	0	0	0	0	140	0
1132010300	精品青狼靴	24	0	3	1	750	0	有青狼印记的靴子	800	0	0	0	2	3	10	8	5	-300	0	3	2	0	0	0	0	0	0	0	0	90	0
1132010301	精品青狼靴+1	24	0	3	1	750	0	有青狼印记的靴子	900	0	0	0	2	3	13	12	6	-300	0	4	3	0	0	0	0	0	0	0	0	95	0
1132010302	精品青狼靴+2	24	0	3	1	750	0	有青狼印记的靴子	1000	0	0	0	2	3	16	15	7	-300	0	5	4	0	0	0	0	0	0	0	0	100	0
1132010303	精品青狼靴+3	24	1	3	1	750	0	有青狼印记的靴子	1100	0	0	0	2	3	19	19	8	-300	0	6	5	0	0	0	0	0	0	0	0	105	0
1132010304	精品青狼靴+4	24	1	3	1	750	0	有青狼印记的靴子	1200	5000	2000	0	2	3	22	22	9	-300	0	7	6	0	0	0	0	0	0	0	0	110	0
1132010305	精品青狼靴+5	24	2	3	1	750	0	有青狼印记的靴子	1300	6000	2000	0	2	3	25	26	10	-300	0	8	7	0	0	0	0	0	0	0	0	115	0
1132010306	精品青狼靴+6	24	2	3	1	750	0	有青狼印记的靴子	1400	7000	2000	0	2	3	28	30	11	-300	0	9	8	0	0	0	0	0	0	0	0	120	0
1132010307	精品青狼靴+7	24	2	3	1	750	0	有青狼印记的靴子	1500	8000	2000	0	2	3	31	33	12	-300	0	10	9	0	0	0	0	0	0	0	0	125	0
1132010308	精品青狼靴+8	24	3	3	1	750	0	有青狼印记的靴子	1600	9000	2000	0	2	3	34	37	13	-300	0	11	10	0	0	0	0	0	0	0	0	130	0
1132010309	精品青狼靴+9	24	3	3	1	750	0	有青狼印记的靴子	1700	10000	2000	0	2	3	37	40	14	-300	0	12	11	0	0	0	0	0	0	0	0	135	0
1132010310	精品青狼靴+10	24	4	3	1	750	0	有青狼印记的靴子	0	10000	2000	0	2	3	40	44	15	-300	0	13	12	0	0	0	0	0	0	0	0	140	0
1132020300	极品青狼靴	24	0	3	2	750	0	有青狼印记的靴子	800	0	0	0	2	3	10	8	5	-300	0	3	2	2	0	0	0	2	0	0	0	90	0
1132020301	极品青狼靴+1	24	0	3	2	750	0	有青狼印记的靴子	900	0	0	0	2	3	13	12	6	-300	0	4	3	2	0	0	0	2	0	0	0	95	0
1132020302	极品青狼靴+2	24	0	3	2	750	0	有青狼印记的靴子	1000	0	0	0	2	3	16	15	7	-300	0	5	4	2	0	0	0	2	0	0	0	100	0
1132020303	极品青狼靴+3	24	2	3	2	750	0	有青狼印记的靴子	1100	0	0	0	2	3	19	19	8	-300	0	6	5	2	0	0	0	2	0	0	0	105	0
1132020304	极品青狼靴+4	24	2	3	2	750	0	有青狼印记的靴子	1200	0	0	0	2	3	22	22	9	-300	0	7	6	2	0	0	0	2	0	0	0	110	0
1132020305	极品青狼靴+5	24	3	3	2	750	0	有青狼印记的靴子	1300	2500	2500	0	2	3	25	26	10	-300	0	8	7	2	0	0	0	2	0	0	0	115	0
1132020306	极品青狼靴+6	24	3	3	2	750	0	有青狼印记的靴子	1400	3500	2500	0	2	3	28	30	11	-300	0	9	8	2	0	0	0	2	0	0	0	120	0
1132020307	极品青狼靴+7	24	3	3	2	750	0	有青狼印记的靴子	1500	4500	2500	0	2	3	31	33	12	-300	0	10	9	2	0	0	0	2	0	0	0	125	0
1132020308	极品青狼靴+8	24	4	3	2	750	0	有青狼印记的靴子	1600	5500	2500	0	2	3	34	37	13	-300	0	11	10	2	0	0	0	2	0	0	0	130	0
1132020309	极品青狼靴+9	24	4	3	2	750	0	有青狼印记的靴子	1700	7000	2500	0	2	3	37	40	14	-300	0	12	11	2	0	0	0	2	0	0	0	135	0
1132020310	极品青狼靴+10	24	5	3	2	750	0	有青狼印记的靴子	0	10000	2500	0	2	3	40	44	15	-300	0	13	12	2	0	0	0	2	0	0	0	140	0
1132030300	完美青狼靴	24	0	3	3	168000	25	有青狼印记的靴子	800	0	0	100	2	3	10	8	5	-300	0	3	2	2	10	0	0	2	0	0	10	240	90
1132030301	完美青狼靴+1	24	0	3	3	168000	25	有青狼印记的靴子	900	0	0	100	2	3	13	12	6	-300	0	4	3	2	10	0	0	2	0	0	10	245	90
1132030302	完美青狼靴+2	24	0	3	3	168000	25	有青狼印记的靴子	1000	0	0	100	2	3	16	15	7	-300	0	5	4	2	10	0	0	2	0	0	10	250	90
1132030303	完美青狼靴+3	24	3	3	3	168000	25	有青狼印记的靴子	1100	0	0	100	2	3	19	19	8	-300	0	6	5	2	10	0	0	2	0	0	10	255	90
1132030304	完美青狼靴+4	24	3	3	3	168000	25	有青狼印记的靴子	1200	0	0	100	2	3	22	22	9	-300	0	7	6	2	10	0	0	2	0	0	10	260	90
1132030305	完美青狼靴+5	24	4	3	3	168000	25	有青狼印记的靴子	1300	0	0	100	2	3	25	26	10	-300	0	8	7	2	10	0	0	2	0	0	10	265	90
1132030306	完美青狼靴+6	24	4	3	3	168000	25	有青狼印记的靴子	1400	0	0	100	2	3	28	30	11	-300	0	9	8	2	10	0	0	2	0	0	10	270	90
1132030307	完美青狼靴+7	24	4	3	3	168000	25	有青狼印记的靴子	1500	1000	3000	100	2	3	31	33	12	-300	0	10	9	2	10	0	0	2	0	0	10	275	90
1132030308	完美青狼靴+8	24	5	3	3	168000	25	有青狼印记的靴子	1600	2000	3000	100	2	3	34	37	13	-300	0	11	10	2	10	0	0	2	0	0	10	280	90
1132030309	完美青狼靴+9	24	5	3	3	168000	25	有青狼印记的靴子	1700	3000	3000	100	2	3	37	40	14	-300	0	12	11	2	10	0	0	2	0	0	10	285	90
1132030310	完美青狼靴+10	24	6	3	3	168000	25	有青狼印记的靴子	0	4000	3000	100	2	3	40	44	15	-300	0	13	12	2	10	0	0	2	0	0	10	290	90
1132040300	神品青狼靴	24	0	3	4	280000	42	有青狼印记的靴子	800	0	0	168	2	3	10	8	5	-300	0	3	2	2	10	10	10	2	10	10	10	240	90
1132040301	神品青狼靴+1	24	0	3	4	280000	42	有青狼印记的靴子	900	0	0	168	2	3	13	12	6	-300	0	4	3	2	10	10	10	2	10	10	10	245	90
1132040302	神品青狼靴+2	24	0	3	4	280000	42	有青狼印记的靴子	1000	0	0	168	2	3	16	15	7	-300	0	5	4	2	10	10	10	2	10	10	10	250	90
1132040303	神品青狼靴+3	24	4	3	4	280000	42	有青狼印记的靴子	1100	0	0	168	2	3	19	19	8	-300	0	6	5	2	10	10	10	2	10	10	10	255	90
1132040304	神品青狼靴+4	24	4	3	4	280000	42	有青狼印记的靴子	1200	0	0	168	2	3	22	22	9	-300	0	7	6	2	10	10	10	2	10	10	10	260	90
1132040305	神品青狼靴+5	24	5	3	4	280000	42	有青狼印记的靴子	1300	0	0	168	2	3	25	26	10	-300	0	8	7	2	10	10	10	2	10	10	10	265	90
1132040306	神品青狼靴+6	24	5	3	4	280000	42	有青狼印记的靴子	1400	0	0	168	2	3	28	30	11	-300	0	9	8	2	10	10	10	2	10	10	10	270	90
1132040307	神品青狼靴+7	24	5	3	4	280000	42	有青狼印记的靴子	1500	0	0	168	2	3	31	33	12	-300	0	10	9	2	10	10	10	2	10	10	10	275	90
1132040308	神品青狼靴+8	24	6	3	4	280000	42	有青狼印记的靴子	1600	0	0	168	2	3	34	37	13	-300	0	11	10	2	10	10	10	2	10	10	10	280	90
1132040309	神品青狼靴+9	24	6	3	4	280000	42	有青狼印记的靴子	1700	0	0	168	2	3	37	40	14	-300	0	12	11	2	10	10	10	2	10	10	10	285	90
1132040310	神品青狼靴+10	24	7	3	4	280000	42	有青狼印记的靴子	0	0	0	168	2	3	40	44	15	-300	0	13	12	2	10	10	10	2	10	10	10	290	90
1132000400	光芒之靴	36	0	4	0	1125	0	散发出点点光芒的靴子	1200	0	0	0	2	3	16	12	6	-300	0	0	0	0	0	0	0	0	0	0	0	115	0
1132000401	光芒之靴+1	36	0	4	0	1125	0	散发出点点光芒的靴子	1300	0	0	0	2	3	19	15	7	-300	0	0	0	0	0	0	0	0	0	0	0	120	0
1132000402	光芒之靴+2	36	0	4	0	1125	0	散发出点点光芒的靴子	1400	0	3000	0	2	3	22	19	8	-300	0	0	0	0	0	0	0	0	0	0	0	125	0
1132000403	光芒之靴+3	36	0	4	0	1125	0	散发出点点光芒的靴子	1500	10000	3000	0	2	3	25	22	9	-300	0	0	0	0	0	0	0	0	0	0	0	130	0
1132000404	光芒之靴+4	36	0	4	0	1125	0	散发出点点光芒的靴子	1600	10000	3000	0	2	3	28	26	10	-300	0	0	0	0	0	0	0	0	0	0	0	135	0
1132000405	光芒之靴+5	36	0	4	0	1125	0	散发出点点光芒的靴子	1700	10000	3000	0	2	3	31	30	11	-300	0	0	0	0	0	0	0	0	0	0	0	140	0
1132000406	光芒之靴+6	36	0	4	0	1125	0	散发出点点光芒的靴子	1800	10000	3000	0	2	3	34	33	12	-300	0	0	0	0	0	0	0	0	0	0	0	145	0
1132000407	光芒之靴+7	36	0	4	0	1125	0	散发出点点光芒的靴子	1900	10000	3000	0	2	3	37	37	13	-300	0	0	0	0	0	0	0	0	0	0	0	150	0
1132000408	光芒之靴+8	36	0	4	0	1125	0	散发出点点光芒的靴子	2000	10000	3000	0	2	3	40	40	14	-300	0	0	0	0	0	0	0	0	0	0	0	155	0
1132000409	光芒之靴+9	36	0	4	0	1125	0	散发出点点光芒的靴子	2100	10000	3000	0	2	3	43	44	15	-300	0	0	0	0	0	0	0	0	0	0	0	160	0
1132000410	光芒之靴+10	36	0	4	0	1125	0	散发出点点光芒的靴子	0	10000	3000	0	2	3	46	48	16	-300	0	0	0	0	0	0	0	0	0	0	0	165	0
1132010400	精品光芒之靴	36	0	4	1	1125	0	散发出点点光芒的靴子	1200	0	0	0	2	3	16	12	6	-300	0	5	3	0	0	0	0	0	0	0	0	115	0
1132010401	精品光芒之靴+1	36	0	4	1	1125	0	散发出点点光芒的靴子	1300	0	0	0	2	3	19	15	7	-300	0	6	4	0	0	0	0	0	0	0	0	120	0
1132010402	精品光芒之靴+2	36	0	4	1	1125	0	散发出点点光芒的靴子	1400	0	0	0	2	3	22	19	8	-300	0	7	5	0	0	0	0	0	0	0	0	125	0
1132010403	精品光芒之靴+3	36	1	4	1	1125	0	散发出点点光芒的靴子	1500	0	0	0	2	3	25	22	9	-300	0	8	6	0	0	0	0	0	0	0	0	130	0
1132010404	精品光芒之靴+4	36	1	4	1	1125	0	散发出点点光芒的靴子	1600	5000	4000	0	2	3	28	26	10	-300	0	9	7	0	0	0	0	0	0	0	0	135	0
1132010405	精品光芒之靴+5	36	2	4	1	1125	0	散发出点点光芒的靴子	1700	6000	4000	0	2	3	31	30	11	-300	0	10	8	0	0	0	0	0	0	0	0	140	0
1132010406	精品光芒之靴+6	36	2	4	1	1125	0	散发出点点光芒的靴子	1800	7000	4000	0	2	3	34	33	12	-300	0	11	9	0	0	0	0	0	0	0	0	145	0
1132010407	精品光芒之靴+7	36	2	4	1	1125	0	散发出点点光芒的靴子	1900	8000	4000	0	2	3	37	37	13	-300	0	12	10	0	0	0	0	0	0	0	0	150	0
1132010408	精品光芒之靴+8	36	3	4	1	1125	0	散发出点点光芒的靴子	2000	9000	4000	0	2	3	40	40	14	-300	0	13	11	0	0	0	0	0	0	0	0	155	0
1132010409	精品光芒之靴+9	36	3	4	1	1125	0	散发出点点光芒的靴子	2100	10000	4000	0	2	3	43	44	15	-300	0	14	12	0	0	0	0	0	0	0	0	160	0
1132010410	精品光芒之靴+10	36	4	4	1	1125	0	散发出点点光芒的靴子	0	10000	4000	0	2	3	46	48	16	-300	0	15	13	0	0	0	0	0	0	0	0	165	0
1132020400	极品光芒之靴	36	0	4	2	1125	0	散发出点点光芒的靴子	1200	0	0	0	2	3	16	12	6	-300	0	5	3	2	0	0	0	2	0	0	0	115	0
1132020401	极品光芒之靴+1	36	0	4	2	1125	0	散发出点点光芒的靴子	1300	0	0	0	2	3	19	15	7	-300	0	6	4	2	0	0	0	2	0	0	0	120	0
1132020402	极品光芒之靴+2	36	0	4	2	1125	0	散发出点点光芒的靴子	1400	0	0	0	2	3	22	19	8	-300	0	7	5	2	0	0	0	2	0	0	0	125	0
1132020403	极品光芒之靴+3	36	2	4	2	1125	0	散发出点点光芒的靴子	1500	0	0	0	2	3	25	22	9	-300	0	8	6	2	0	0	0	2	0	0	0	130	0
1132020404	极品光芒之靴+4	36	2	4	2	1125	0	散发出点点光芒的靴子	1600	0	0	0	2	3	28	26	10	-300	0	9	7	2	0	0	0	2	0	0	0	135	0
1132020405	极品光芒之靴+5	36	3	4	2	1125	0	散发出点点光芒的靴子	1700	1000	5000	0	2	3	31	30	11	-300	0	10	8	2	0	0	0	2	0	0	0	140	0
1132020406	极品光芒之靴+6	36	3	4	2	1125	0	散发出点点光芒的靴子	1800	2000	5000	0	2	3	34	33	12	-300	0	11	9	2	0	0	0	2	0	0	0	145	0
1132020407	极品光芒之靴+7	36	3	4	2	1125	0	散发出点点光芒的靴子	1900	3500	5000	0	2	3	37	37	13	-300	0	12	10	2	0	0	0	2	0	0	0	150	0
1132020408	极品光芒之靴+8	36	4	4	2	1125	0	散发出点点光芒的靴子	2000	5000	5000	0	2	3	40	40	14	-300	0	13	11	2	0	0	0	2	0	0	0	155	0
1132020409	极品光芒之靴+9	36	4	4	2	1125	0	散发出点点光芒的靴子	2100	7000	5000	0	2	3	43	44	15	-300	0	14	12	2	0	0	0	2	0	0	0	160	0
1132020410	极品光芒之靴+10	36	5	4	2	1125	0	散发出点点光芒的靴子	0	10000	5000	0	2	3	46	48	16	-300	0	15	13	2	0	0	0	2	0	0	0	165	0
1132030400	完美光芒之靴	36	0	4	3	420000	32	散发出点点光芒的靴子	1200	0	0	100	2	3	16	12	6	-300	0	5	3	2	10	0	0	2	0	0	10	315	120
1132030401	完美光芒之靴+1	36	0	4	3	420000	32	散发出点点光芒的靴子	1300	0	0	100	2	3	19	15	7	-300	0	6	4	2	10	0	0	2	0	0	10	320	120
1132030402	完美光芒之靴+2	36	0	4	3	420000	32	散发出点点光芒的靴子	1400	0	0	100	2	3	22	19	8	-300	0	7	5	2	10	0	0	2	0	0	10	325	120
1132030403	完美光芒之靴+3	36	3	4	3	420000	32	散发出点点光芒的靴子	1500	0	0	100	2	3	25	22	9	-300	0	8	6	2	10	0	0	2	0	0	10	330	120
1132030404	完美光芒之靴+4	36	3	4	3	420000	32	散发出点点光芒的靴子	1600	0	0	100	2	3	28	26	10	-300	0	9	7	2	10	0	0	2	0	0	10	335	120
1132030405	完美光芒之靴+5	36	4	4	3	420000	32	散发出点点光芒的靴子	1700	0	0	100	2	3	31	30	11	-300	0	10	8	2	10	0	0	2	0	0	10	340	120
1132030406	完美光芒之靴+6	36	4	4	3	420000	32	散发出点点光芒的靴子	1800	0	0	100	2	3	34	33	12	-300	0	11	9	2	10	0	0	2	0	0	10	345	120
1132030407	完美光芒之靴+7	36	4	4	3	420000	32	散发出点点光芒的靴子	1900	1000	6000	100	2	3	37	37	13	-300	0	12	10	2	10	0	0	2	0	0	10	350	120
1132030408	完美光芒之靴+8	36	5	4	3	420000	32	散发出点点光芒的靴子	2000	2000	6000	100	2	3	40	40	14	-300	0	13	11	2	10	0	0	2	0	0	10	355	120
1132030409	完美光芒之靴+9	36	5	4	3	420000	32	散发出点点光芒的靴子	2100	3000	6000	100	2	3	43	44	15	-300	0	14	12	2	10	0	0	2	0	0	10	360	120
1132030410	完美光芒之靴+10	36	6	4	3	420000	32	散发出点点光芒的靴子	0	4000	6000	100	2	3	46	48	16	-300	0	15	13	2	10	0	0	2	0	0	10	365	120
1132040400	神品光芒之靴	36	0	4	4	700000	53	散发出点点光芒的靴子	1200	0	0	168	2	3	16	12	6	-300	0	5	3	2	10	10	10	2	10	10	10	315	120
1132040401	神品光芒之靴+1	36	0	4	4	700000	53	散发出点点光芒的靴子	1300	0	0	168	2	3	19	15	7	-300	0	6	4	2	10	10	10	2	10	10	10	320	120
1132040402	神品光芒之靴+2	36	0	4	4	700000	53	散发出点点光芒的靴子	1400	0	0	168	2	3	22	19	8	-300	0	7	5	2	10	10	10	2	10	10	10	325	120
1132040403	神品光芒之靴+3	36	4	4	4	700000	53	散发出点点光芒的靴子	1500	0	0	168	2	3	25	22	9	-300	0	8	6	2	10	10	10	2	10	10	10	330	120
1132040404	神品光芒之靴+4	36	4	4	4	700000	53	散发出点点光芒的靴子	1600	0	0	168	2	3	28	26	10	-300	0	9	7	2	10	10	10	2	10	10	10	335	120
1132040405	神品光芒之靴+5	36	5	4	4	700000	53	散发出点点光芒的靴子	1700	0	0	168	2	3	31	30	11	-300	0	10	8	2	10	10	10	2	10	10	10	340	120
1132040406	神品光芒之靴+6	36	5	4	4	700000	53	散发出点点光芒的靴子	1800	0	0	168	2	3	34	33	12	-300	0	11	9	2	10	10	10	2	10	10	10	345	120
1132040407	神品光芒之靴+7	36	5	4	4	700000	53	散发出点点光芒的靴子	1900	0	0	168	2	3	37	37	13	-300	0	12	10	2	10	10	10	2	10	10	10	350	120
1132040408	神品光芒之靴+8	36	6	4	4	700000	53	散发出点点光芒的靴子	2000	0	0	168	2	3	40	40	14	-300	0	13	11	2	10	10	10	2	10	10	10	355	120
1132040409	神品光芒之靴+9	36	6	4	4	700000	53	散发出点点光芒的靴子	2100	0	0	168	2	3	43	44	15	-300	0	14	12	2	10	10	10	2	10	10	10	360	120
1132040410	神品光芒之靴+10	36	7	4	4	700000	53	散发出点点光芒的靴子	0	0	0	168	2	3	46	48	16	-300	0	15	13	2	10	10	10	2	10	10	10	365	120
1132000500	闪耀之靴	48	0	5	0	1406	0	随时都闪耀着亮光的靴子	1600	0	0	0	2	3	23	17	10	-300	0	0	0	0	0	0	0	0	0	0	0	140	0
1132000501	闪耀之靴+1	48	0	5	0	1406	0	随时都闪耀着亮光的靴子	1800	0	0	0	2	3	26	21	11	-300	0	0	0	0	0	0	0	0	0	0	0	145	0
1132000502	闪耀之靴+2	48	0	5	0	1406	0	随时都闪耀着亮光的靴子	2000	0	0	0	2	3	29	25	12	-300	0	0	0	0	0	0	0	0	0	0	0	150	0
1132000503	闪耀之靴+3	48	0	5	0	1406	0	随时都闪耀着亮光的靴子	2200	9000	5000	0	2	3	32	28	13	-300	0	0	0	0	0	0	0	0	0	0	0	155	0
1132000504	闪耀之靴+4	48	0	5	0	1406	0	随时都闪耀着亮光的靴子	2400	10000	5000	0	2	3	35	32	14	-300	0	0	0	0	0	0	0	0	0	0	0	160	0
1132000505	闪耀之靴+5	48	0	5	0	1406	0	随时都闪耀着亮光的靴子	2600	10000	5000	0	2	3	38	36	15	-300	0	0	0	0	0	0	0	0	0	0	0	165	0
1132000506	闪耀之靴+6	48	0	5	0	1406	0	随时都闪耀着亮光的靴子	2800	10000	5000	0	2	3	41	40	16	-300	0	0	0	0	0	0	0	0	0	0	0	170	0
1132000507	闪耀之靴+7	48	0	5	0	1406	0	随时都闪耀着亮光的靴子	3000	10000	5000	0	2	3	44	43	17	-300	0	0	0	0	0	0	0	0	0	0	0	175	0
1132000508	闪耀之靴+8	48	0	5	0	1406	0	随时都闪耀着亮光的靴子	3200	10000	5000	0	2	3	47	47	18	-300	0	0	0	0	0	0	0	0	0	0	0	180	0
1132000509	闪耀之靴+9	48	0	5	0	1406	0	随时都闪耀着亮光的靴子	3400	10000	5000	0	2	3	50	51	19	-300	0	0	0	0	0	0	0	0	0	0	0	185	0
1132000510	闪耀之靴+10	48	0	5	0	1406	0	随时都闪耀着亮光的靴子	0	10000	5000	0	2	3	53	55	20	-300	0	0	0	0	0	0	0	0	0	0	0	190	0
1132010500	精品闪耀之靴	48	0	5	1	1406	0	随时都闪耀着亮光的靴子	1600	0	0	0	2	3	23	17	10	-300	0	7	4	0	0	0	0	0	0	0	0	140	0
1132010501	精品闪耀之靴+1	48	0	5	1	1406	0	随时都闪耀着亮光的靴子	1800	0	0	0	2	3	26	21	11	-300	0	8	5	0	0	0	0	0	0	0	0	145	0
1132010502	精品闪耀之靴+2	48	0	5	1	1406	0	随时都闪耀着亮光的靴子	2000	0	0	0	2	3	29	25	12	-300	0	9	6	0	0	0	0	0	0	0	0	150	0
1132010503	精品闪耀之靴+3	48	1	5	1	1406	0	随时都闪耀着亮光的靴子	2200	0	0	0	2	3	32	28	13	-300	0	10	7	0	0	0	0	0	0	0	0	155	0
1132010504	精品闪耀之靴+4	48	1	5	1	1406	0	随时都闪耀着亮光的靴子	2400	1000	6000	0	2	3	35	32	14	-300	0	11	8	0	0	0	0	0	0	0	0	160	0
1132010505	精品闪耀之靴+5	48	2	5	1	1406	0	随时都闪耀着亮光的靴子	2600	3000	6000	0	2	3	38	36	15	-300	0	12	9	0	0	0	0	0	0	0	0	165	0
1132010506	精品闪耀之靴+6	48	2	5	1	1406	0	随时都闪耀着亮光的靴子	2800	5000	6000	0	2	3	41	40	16	-300	0	13	10	0	0	0	0	0	0	0	0	170	0
1132010507	精品闪耀之靴+7	48	2	5	1	1406	0	随时都闪耀着亮光的靴子	3000	7000	6000	0	2	3	44	43	17	-300	0	14	11	0	0	0	0	0	0	0	0	175	0
1132010508	精品闪耀之靴+8	48	3	5	1	1406	0	随时都闪耀着亮光的靴子	3200	8000	6000	0	2	3	47	47	18	-300	0	15	12	0	0	0	0	0	0	0	0	180	0
1132010509	精品闪耀之靴+9	48	3	5	1	1406	0	随时都闪耀着亮光的靴子	3400	9000	6000	0	2	3	50	51	19	-300	0	16	13	0	0	0	0	0	0	0	0	185	0
1132010510	精品闪耀之靴+10	48	4	5	1	1406	0	随时都闪耀着亮光的靴子	0	10000	6000	0	2	3	53	55	20	-300	0	17	14	0	0	0	0	0	0	0	0	190	0
1132020500	极品闪耀之靴	48	0	5	2	1406	0	随时都闪耀着亮光的靴子	1600	0	0	0	2	3	23	17	10	-300	0	7	4	2	0	0	0	2	0	0	0	140	0
1132020501	极品闪耀之靴+1	48	0	5	2	1406	0	随时都闪耀着亮光的靴子	1800	0	0	0	2	3	26	21	11	-300	0	8	5	2	0	0	0	2	0	0	0	145	0
1132020502	极品闪耀之靴+2	48	0	5	2	1406	0	随时都闪耀着亮光的靴子	2000	0	0	0	2	3	29	25	12	-300	0	9	6	2	0	0	0	2	0	0	0	150	0
1132020503	极品闪耀之靴+3	48	2	5	2	1406	0	随时都闪耀着亮光的靴子	2200	0	0	0	2	3	32	28	13	-300	0	10	7	2	0	0	0	2	0	0	0	155	0
1132020504	极品闪耀之靴+4	48	2	5	2	1406	0	随时都闪耀着亮光的靴子	2400	0	0	0	2	3	35	32	14	-300	0	11	8	2	0	0	0	2	0	0	0	160	0
1132020505	极品闪耀之靴+5	48	3	5	2	1406	0	随时都闪耀着亮光的靴子	2600	1000	7000	0	2	3	38	36	15	-300	0	12	9	2	0	0	0	2	0	0	0	165	0
1132020506	极品闪耀之靴+6	48	3	5	2	1406	0	随时都闪耀着亮光的靴子	2800	2000	7000	0	2	3	41	40	16	-300	0	13	10	2	0	0	0	2	0	0	0	170	0
1132020507	极品闪耀之靴+7	48	3	5	2	1406	0	随时都闪耀着亮光的靴子	3000	3000	7000	0	2	3	44	43	17	-300	0	14	11	2	0	0	0	2	0	0	0	175	0
1132020508	极品闪耀之靴+8	48	4	5	2	1406	0	随时都闪耀着亮光的靴子	3200	4000	7000	0	2	3	47	47	18	-300	0	15	12	2	0	0	0	2	0	0	0	180	0
1132020509	极品闪耀之靴+9	48	4	5	2	1406	0	随时都闪耀着亮光的靴子	3400	5000	7000	0	2	3	50	51	19	-300	0	16	13	2	0	0	0	2	0	0	0	185	0
1132020510	极品闪耀之靴+10	48	5	5	2	1406	0	随时都闪耀着亮光的靴子	0	6000	7000	0	2	3	53	55	20	-300	0	17	14	2	0	0	0	2	0	0	0	190	0
1132030500	完美闪耀之靴	48	0	5	3	672000	37	随时都闪耀着亮光的靴子	1600	0	0	134	2	3	23	17	10	-300	0	7	4	2	10	0	0	2	0	0	10	390	150
1132030501	完美闪耀之靴+1	48	0	5	3	672000	37	随时都闪耀着亮光的靴子	1800	0	0	134	2	3	26	21	11	-300	0	8	5	2	10	0	0	2	0	0	10	395	150
1132030502	完美闪耀之靴+2	48	0	5	3	672000	37	随时都闪耀着亮光的靴子	2000	0	0	134	2	3	29	25	12	-300	0	9	6	2	10	0	0	2	0	0	10	400	150
1132030503	完美闪耀之靴+3	48	3	5	3	672000	37	随时都闪耀着亮光的靴子	2200	0	0	134	2	3	32	28	13	-300	0	10	7	2	10	0	0	2	0	0	10	405	150
1132030504	完美闪耀之靴+4	48	3	5	3	672000	37	随时都闪耀着亮光的靴子	2400	0	0	134	2	3	35	32	14	-300	0	11	8	2	10	0	0	2	0	0	10	410	150
1132030505	完美闪耀之靴+5	48	4	5	3	672000	37	随时都闪耀着亮光的靴子	2600	0	0	134	2	3	38	36	15	-300	0	12	9	2	10	0	0	2	0	0	10	415	150
1132030506	完美闪耀之靴+6	48	4	5	3	672000	37	随时都闪耀着亮光的靴子	2800	0	0	134	2	3	41	40	16	-300	0	13	10	2	10	0	0	2	0	0	10	420	150
1132030507	完美闪耀之靴+7	48	4	5	3	672000	37	随时都闪耀着亮光的靴子	3000	100	8000	134	2	3	44	43	17	-300	0	14	11	2	10	0	0	2	0	0	10	425	150
1132030508	完美闪耀之靴+8	48	5	5	3	672000	37	随时都闪耀着亮光的靴子	3200	600	8000	134	2	3	47	47	18	-300	0	15	12	2	10	0	0	2	0	0	10	430	150
1132030509	完美闪耀之靴+9	48	5	5	3	672000	37	随时都闪耀着亮光的靴子	3400	1100	8000	134	2	3	50	51	19	-300	0	16	13	2	10	0	0	2	0	0	10	435	150
1132030510	完美闪耀之靴+10	48	6	5	3	672000	37	随时都闪耀着亮光的靴子	0	1600	8000	134	2	3	53	55	20	-300	0	17	14	2	10	0	0	2	0	0	10	440	150
1132040500	神品闪耀之靴	48	0	5	4	1120000	62	随时都闪耀着亮光的靴子	1600	0	0	224	2	3	23	17	10	-300	0	7	4	2	10	10	10	2	10	10	10	390	150
1132040501	神品闪耀之靴+1	48	0	5	4	1120000	62	随时都闪耀着亮光的靴子	1800	0	0	224	2	3	26	21	11	-300	0	8	5	2	10	10	10	2	10	10	10	395	150
1132040502	神品闪耀之靴+2	48	0	5	4	1120000	62	随时都闪耀着亮光的靴子	2000	0	0	224	2	3	29	25	12	-300	0	9	6	2	10	10	10	2	10	10	10	400	150
1132040503	神品闪耀之靴+3	48	4	5	4	1120000	62	随时都闪耀着亮光的靴子	2200	0	0	224	2	3	32	28	13	-300	0	10	7	2	10	10	10	2	10	10	10	405	150
1132040504	神品闪耀之靴+4	48	4	5	4	1120000	62	随时都闪耀着亮光的靴子	2400	0	0	224	2	3	35	32	14	-300	0	11	8	2	10	10	10	2	10	10	10	410	150
1132040505	神品闪耀之靴+5	48	5	5	4	1120000	62	随时都闪耀着亮光的靴子	2600	0	0	224	2	3	38	36	15	-300	0	12	9	2	10	10	10	2	10	10	10	415	150
1132040506	神品闪耀之靴+6	48	5	5	4	1120000	62	随时都闪耀着亮光的靴子	2800	0	0	224	2	3	41	40	16	-300	0	13	10	2	10	10	10	2	10	10	10	420	150
1132040507	神品闪耀之靴+7	48	5	5	4	1120000	62	随时都闪耀着亮光的靴子	3000	0	0	224	2	3	44	43	17	-300	0	14	11	2	10	10	10	2	10	10	10	425	150
1132040508	神品闪耀之靴+8	48	6	5	4	1120000	62	随时都闪耀着亮光的靴子	3200	0	0	224	2	3	47	47	18	-300	0	15	12	2	10	10	10	2	10	10	10	430	150
1132040509	神品闪耀之靴+9	48	6	5	4	1120000	62	随时都闪耀着亮光的靴子	3400	0	0	224	2	3	50	51	19	-300	0	16	13	2	10	10	10	2	10	10	10	435	150
1132040510	神品闪耀之靴+10	48	7	5	4	1120000	62	随时都闪耀着亮光的靴子	0	0	0	224	2	3	53	55	20	-300	0	17	14	2	10	10	10	2	10	10	10	440	150
1132000600	胜利之靴	60	0	6	0	2109	0	能够带来胜利的靴子	2200	0	0	0	2	3	30	22	11	-300	0	0	0	0	0	0	0	0	0	0	0	170	0
1132000601	胜利之靴+1	60	0	6	0	2109	0	能够带来胜利的靴子	2400	0	0	0	2	3	34	27	12	-300	0	0	0	0	0	0	0	0	0	0	0	175	0
1132000602	胜利之靴+2	60	0	6	0	2109	0	能够带来胜利的靴子	2600	0	0	0	2	3	38	32	13	-300	0	0	0	0	0	0	0	0	0	0	0	180	0
1132000603	胜利之靴+3	60	0	6	0	2109	0	能够带来胜利的靴子	2800	9000	7000	0	2	3	42	37	14	-300	0	0	0	0	0	0	0	0	0	0	0	185	0
1132000604	胜利之靴+4	60	0	6	0	2109	0	能够带来胜利的靴子	3000	10000	7000	0	2	3	46	42	15	-300	0	0	0	0	0	0	0	0	0	0	0	190	0
1132000605	胜利之靴+5	60	0	6	0	2109	0	能够带来胜利的靴子	3200	10000	7000	0	2	3	50	47	16	-300	0	0	0	0	0	0	0	0	0	0	0	195	0
1132000606	胜利之靴+6	60	0	6	0	2109	0	能够带来胜利的靴子	3400	10000	7000	0	2	3	54	52	17	-300	0	0	0	0	0	0	0	0	0	0	0	200	0
1132000607	胜利之靴+7	60	0	6	0	2109	0	能够带来胜利的靴子	3600	10000	7000	0	2	3	58	57	18	-300	0	0	0	0	0	0	0	0	0	0	0	205	0
1132000608	胜利之靴+8	60	0	6	0	2109	0	能够带来胜利的靴子	3800	10000	7000	0	2	3	62	62	19	-300	0	0	0	0	0	0	0	0	0	0	0	210	0
1132000609	胜利之靴+9	60	0	6	0	2109	0	能够带来胜利的靴子	4000	10000	7000	0	2	3	66	67	20	-300	0	0	0	0	0	0	0	0	0	0	0	215	0
1132000610	胜利之靴+10	60	0	6	0	2109	0	能够带来胜利的靴子	0	10000	7000	0	2	3	70	72	21	-300	0	0	0	0	0	0	0	0	0	0	0	220	0
1132010600	精品胜利之靴	60	0	6	1	2109	0	能够带来胜利的靴子	2200	0	0	0	2	3	30	22	11	-300	0	10	6	0	0	0	0	0	0	0	0	170	0
1132010601	精品胜利之靴+1	60	0	6	1	2109	0	能够带来胜利的靴子	2400	0	0	0	2	3	34	27	12	-300	0	11	7	0	0	0	0	0	0	0	0	175	0
1132010602	精品胜利之靴+2	60	0	6	1	2109	0	能够带来胜利的靴子	2600	0	0	0	2	3	38	32	13	-300	0	12	8	0	0	0	0	0	0	0	0	180	0
1132010603	精品胜利之靴+3	60	1	6	1	2109	0	能够带来胜利的靴子	2800	0	0	0	2	3	42	37	14	-300	0	14	10	0	0	0	0	0	0	0	0	185	0
1132010604	精品胜利之靴+4	60	1	6	1	2109	0	能够带来胜利的靴子	3000	1000	9000	0	2	3	46	42	15	-300	0	15	11	0	0	0	0	0	0	0	0	190	0
1132010605	精品胜利之靴+5	60	2	6	1	2109	0	能够带来胜利的靴子	3200	3000	9000	0	2	3	50	47	16	-300	0	16	12	0	0	0	0	0	0	0	0	195	0
1132010606	精品胜利之靴+6	60	2	6	1	2109	0	能够带来胜利的靴子	3400	5000	9000	0	2	3	54	52	17	-300	0	18	14	0	0	0	0	0	0	0	0	200	0
1132010607	精品胜利之靴+7	60	2	6	1	2109	0	能够带来胜利的靴子	3600	7000	9000	0	2	3	58	57	18	-300	0	19	15	0	0	0	0	0	0	0	0	205	0
1132010608	精品胜利之靴+8	60	3	6	1	2109	0	能够带来胜利的靴子	3800	8000	9000	0	2	3	62	62	19	-300	0	20	16	0	0	0	0	0	0	0	0	210	0
1132010609	精品胜利之靴+9	60	3	6	1	2109	0	能够带来胜利的靴子	4000	9000	9000	0	2	3	66	67	20	-300	0	22	18	0	0	0	0	0	0	0	0	215	0
1132010610	精品胜利之靴+10	60	4	6	1	2109	0	能够带来胜利的靴子	0	10000	9000	0	2	3	70	72	21	-300	0	23	19	0	0	0	0	0	0	0	0	220	0
1132020600	极品胜利之靴	60	0	6	2	2109	0	能够带来胜利的靴子	2200	0	0	0	2	3	30	22	11	-300	0	10	6	2	0	0	0	2	0	0	0	170	0
1132020601	极品胜利之靴+1	60	0	6	2	2109	0	能够带来胜利的靴子	2400	0	0	0	2	3	34	27	12	-300	0	11	7	2	0	0	0	2	0	0	0	175	0
1132020602	极品胜利之靴+2	60	0	6	2	2109	0	能够带来胜利的靴子	2600	0	0	0	2	3	38	32	13	-300	0	12	8	2	0	0	0	2	0	0	0	180	0
1132020603	极品胜利之靴+3	60	2	6	2	2109	0	能够带来胜利的靴子	2800	0	0	0	2	3	42	37	14	-300	0	14	10	2	0	0	0	2	0	0	0	185	0
1132020604	极品胜利之靴+4	60	2	6	2	2109	0	能够带来胜利的靴子	3000	0	0	0	2	3	46	42	15	-300	0	15	11	2	0	0	0	2	0	0	0	190	0
1132020605	极品胜利之靴+5	60	3	6	2	2109	0	能够带来胜利的靴子	3200	1000	11000	0	2	3	50	47	16	-300	0	16	12	2	0	0	0	2	0	0	0	195	0
1132020606	极品胜利之靴+6	60	3	6	2	2109	0	能够带来胜利的靴子	3400	2000	11000	0	2	3	54	52	17	-300	0	18	14	2	0	0	0	2	0	0	0	200	0
1132020607	极品胜利之靴+7	60	3	6	2	2109	0	能够带来胜利的靴子	3600	3000	11000	0	2	3	58	57	18	-300	0	19	15	2	0	0	0	2	0	0	0	205	0
1132020608	极品胜利之靴+8	60	4	6	2	2109	0	能够带来胜利的靴子	3800	4000	11000	0	2	3	62	62	19	-300	0	20	16	2	0	0	0	2	0	0	0	210	0
1132020609	极品胜利之靴+9	60	4	6	2	2109	0	能够带来胜利的靴子	4000	5000	11000	0	2	3	66	67	20	-300	0	22	18	2	0	0	0	2	0	0	0	215	0
1132020610	极品胜利之靴+10	60	5	6	2	2109	0	能够带来胜利的靴子	0	6000	11000	0	2	3	70	72	21	-300	0	23	19	2	0	0	0	2	0	0	0	220	0
1132030600	完美胜利之靴	60	0	6	3	1008000	45	能够带来胜利的靴子	2200	0	0	201	2	3	30	22	11	-300	0	10	6	2	10	0	0	2	0	0	10	470	180
1132030601	完美胜利之靴+1	60	0	6	3	1008000	45	能够带来胜利的靴子	2400	0	0	201	2	3	34	27	12	-300	0	11	7	2	10	0	0	2	0	0	10	475	180
1132030602	完美胜利之靴+2	60	0	6	3	1008000	45	能够带来胜利的靴子	2600	0	0	201	2	3	38	32	13	-300	0	12	8	2	10	0	0	2	0	0	10	480	180
1132030603	完美胜利之靴+3	60	3	6	3	1008000	45	能够带来胜利的靴子	2800	0	0	201	2	3	42	37	14	-300	0	14	10	2	10	0	0	2	0	0	10	485	180
1132030604	完美胜利之靴+4	60	3	6	3	1008000	45	能够带来胜利的靴子	3000	0	0	201	2	3	46	42	15	-300	0	15	11	2	10	0	0	2	0	0	10	490	180
1132030605	完美胜利之靴+5	60	4	6	3	1008000	45	能够带来胜利的靴子	3200	0	0	201	2	3	50	47	16	-300	0	16	12	2	10	0	0	2	0	0	10	495	180
1132030606	完美胜利之靴+6	60	4	6	3	1008000	45	能够带来胜利的靴子	3400	0	0	201	2	3	54	52	17	-300	0	18	14	2	10	0	0	2	0	0	10	500	180
1132030607	完美胜利之靴+7	60	4	6	3	1008000	45	能够带来胜利的靴子	3600	100	13000	201	2	3	58	57	18	-300	0	19	15	2	10	0	0	2	0	0	10	505	180
1132030608	完美胜利之靴+8	60	5	6	3	1008000	45	能够带来胜利的靴子	3800	200	13000	201	2	3	62	62	19	-300	0	20	16	2	10	0	0	2	0	0	10	510	180
1132030609	完美胜利之靴+9	60	5	6	3	1008000	45	能够带来胜利的靴子	4000	300	13000	201	2	3	66	67	20	-300	0	22	18	2	10	0	0	2	0	0	10	515	180
1132030610	完美胜利之靴+10	60	6	6	3	1008000	45	能够带来胜利的靴子	0	400	13000	201	2	3	70	72	21	-300	0	23	19	2	10	0	0	2	0	0	10	520	180
1132040600	神品胜利之靴	60	0	6	4	1680000	76	能够带来胜利的靴子	2200	0	0	336	2	3	30	22	11	-300	0	10	6	2	10	10	10	2	10	10	10	470	180
1132040601	神品胜利之靴+1	60	0	6	4	1680000	76	能够带来胜利的靴子	2400	0	0	336	2	3	34	27	12	-300	0	11	7	2	10	10	10	2	10	10	10	475	180
1132040602	神品胜利之靴+2	60	0	6	4	1680000	76	能够带来胜利的靴子	2600	0	0	336	2	3	38	32	13	-300	0	12	8	2	10	10	10	2	10	10	10	480	180
1132040603	神品胜利之靴+3	60	4	6	4	1680000	76	能够带来胜利的靴子	2800	0	0	336	2	3	42	37	14	-300	0	14	10	2	10	10	10	2	10	10	10	485	180
1132040604	神品胜利之靴+4	60	4	6	4	1680000	76	能够带来胜利的靴子	3000	0	0	336	2	3	46	42	15	-300	0	15	11	2	10	10	10	2	10	10	10	490	180
1132040605	神品胜利之靴+5	60	5	6	4	1680000	76	能够带来胜利的靴子	3200	0	0	336	2	3	50	47	16	-300	0	16	12	2	10	10	10	2	10	10	10	495	180
1132040606	神品胜利之靴+6	60	5	6	4	1680000	76	能够带来胜利的靴子	3400	0	0	336	2	3	54	52	17	-300	0	18	14	2	10	10	10	2	10	10	10	500	180
1132040607	神品胜利之靴+7	60	5	6	4	1680000	76	能够带来胜利的靴子	3600	0	0	336	2	3	58	57	18	-300	0	19	15	2	10	10	10	2	10	10	10	505	180
1132040608	神品胜利之靴+8	60	6	6	4	1680000	76	能够带来胜利的靴子	3800	0	0	336	2	3	62	62	19	-300	0	20	16	2	10	10	10	2	10	10	10	510	180
1132040609	神品胜利之靴+9	60	6	6	4	1680000	76	能够带来胜利的靴子	4000	0	0	336	2	3	66	67	20	-300	0	22	18	2	10	10	10	2	10	10	10	515	180
1132040610	神品胜利之靴+10	60	7	6	4	1680000	76	能够带来胜利的靴子	0	0	0	336	2	3	70	72	21	-300	0	23	19	2	10	10	10	2	10	10	10	520	180
1132000700	荣誉之靴	72	0	7	0	2531	0	有着巨大荣誉才能穿着的靴子	3000	0	0	0	2	3	37	27	15	-300	0	0	0	0	0	0	0	0	0	0	0	200	0
1132000701	荣誉之靴+1	72	0	7	0	2531	0	有着巨大荣誉才能穿着的靴子	3500	0	0	0	2	3	41	32	16	-300	0	0	0	0	0	0	0	0	0	0	0	205	0
1132000702	荣誉之靴+2	72	0	7	0	2531	0	有着巨大荣誉才能穿着的靴子	4000	0	0	0	2	3	45	37	17	-300	0	0	0	0	0	0	0	0	0	0	0	210	0
1132000703	荣誉之靴+3	72	0	7	0	2531	0	有着巨大荣誉才能穿着的靴子	4500	7500	11000	0	2	3	49	42	18	-300	0	0	0	0	0	0	0	0	0	0	0	215	0
1132000704	荣誉之靴+4	72	0	7	0	2531	0	有着巨大荣誉才能穿着的靴子	5000	8500	11000	0	2	3	53	47	19	-300	0	0	0	0	0	0	0	0	0	0	0	220	0
1132000705	荣誉之靴+5	72	0	7	0	2531	0	有着巨大荣誉才能穿着的靴子	5500	9500	11000	0	2	3	57	52	20	-300	0	0	0	0	0	0	0	0	0	0	0	225	0
1132000706	荣誉之靴+6	72	0	7	0	2531	0	有着巨大荣誉才能穿着的靴子	6000	10000	11000	0	2	3	61	57	21	-300	0	0	0	0	0	0	0	0	0	0	0	230	0
1132000707	荣誉之靴+7	72	0	7	0	2531	0	有着巨大荣誉才能穿着的靴子	6500	10000	11000	0	2	3	65	62	22	-300	0	0	0	0	0	0	0	0	0	0	0	235	0
1132000708	荣誉之靴+8	72	0	7	0	2531	0	有着巨大荣誉才能穿着的靴子	7000	10000	11000	0	2	3	69	67	23	-300	0	0	0	0	0	0	0	0	0	0	0	240	0
1132000709	荣誉之靴+9	72	0	7	0	2531	0	有着巨大荣誉才能穿着的靴子	7500	10000	11000	0	2	3	73	72	24	-300	0	0	0	0	0	0	0	0	0	0	0	245	0
1132000710	荣誉之靴+10	72	0	7	0	2531	0	有着巨大荣誉才能穿着的靴子	0	10000	11000	0	2	3	77	77	25	-300	0	0	0	0	0	0	0	0	0	0	0	250	0
1132010700	精品荣誉之靴	72	0	7	1	2531	0	有着巨大荣誉才能穿着的靴子	3000	0	0	0	2	3	37	27	15	-300	0	12	7	0	0	0	0	0	0	0	0	200	0
1132010701	精品荣誉之靴+1	72	0	7	1	2531	0	有着巨大荣誉才能穿着的靴子	3500	0	0	0	2	3	41	32	16	-300	0	13	8	0	0	0	0	0	0	0	0	205	0
1132010702	精品荣誉之靴+2	72	0	7	1	2531	0	有着巨大荣誉才能穿着的靴子	4000	0	0	0	2	3	45	37	17	-300	0	15	10	0	0	0	0	0	0	0	0	210	0
1132010703	精品荣誉之靴+3	72	1	7	1	2531	0	有着巨大荣誉才能穿着的靴子	4500	0	0	0	2	3	49	42	18	-300	0	16	11	0	0	0	0	0	0	0	0	215	0
1132010704	精品荣誉之靴+4	72	1	7	1	2531	0	有着巨大荣誉才能穿着的靴子	5000	1000	13000	0	2	3	53	47	19	-300	0	17	12	0	0	0	0	0	0	0	0	220	0
1132010705	精品荣誉之靴+5	72	2	7	1	2531	0	有着巨大荣誉才能穿着的靴子	5500	3000	13000	0	2	3	57	52	20	-300	0	19	14	0	0	0	0	0	0	0	0	225	0
1132010706	精品荣誉之靴+6	72	2	7	1	2531	0	有着巨大荣誉才能穿着的靴子	6000	5000	13000	0	2	3	61	57	21	-300	0	20	15	0	0	0	0	0	0	0	0	230	0
1132010707	精品荣誉之靴+7	72	2	7	1	2531	0	有着巨大荣誉才能穿着的靴子	6500	7000	13000	0	2	3	65	62	22	-300	0	21	16	0	0	0	0	0	0	0	0	235	0
1132010708	精品荣誉之靴+8	72	3	7	1	2531	0	有着巨大荣誉才能穿着的靴子	7000	8000	13000	0	2	3	69	67	23	-300	0	23	18	0	0	0	0	0	0	0	0	240	0
1132010709	精品荣誉之靴+9	72	3	7	1	2531	0	有着巨大荣誉才能穿着的靴子	7500	9000	13000	0	2	3	73	72	24	-300	0	24	19	0	0	0	0	0	0	0	0	245	0
1132010710	精品荣誉之靴+10	72	4	7	1	2531	0	有着巨大荣誉才能穿着的靴子	0	10000	13000	0	2	3	77	77	25	-300	0	25	20	0	0	0	0	0	0	0	0	250	0
1132020700	极品荣誉之靴	72	0	7	2	2531	0	有着巨大荣誉才能穿着的靴子	3000	0	0	0	2	3	37	27	15	-300	0	12	7	2	0	0	0	2	0	0	0	200	0
1132020701	极品荣誉之靴+1	72	0	7	2	2531	0	有着巨大荣誉才能穿着的靴子	3500	0	0	0	2	3	41	32	16	-300	0	13	8	2	0	0	0	2	0	0	0	205	0
1132020702	极品荣誉之靴+2	72	0	7	2	2531	0	有着巨大荣誉才能穿着的靴子	4000	0	0	0	2	3	45	37	17	-300	0	15	10	2	0	0	0	2	0	0	0	210	0
1132020703	极品荣誉之靴+3	72	2	7	2	2531	0	有着巨大荣誉才能穿着的靴子	4500	0	0	0	2	3	49	42	18	-300	0	16	11	2	0	0	0	2	0	0	0	215	0
1132020704	极品荣誉之靴+4	72	2	7	2	2531	0	有着巨大荣誉才能穿着的靴子	5000	0	0	0	2	3	53	47	19	-300	0	17	12	2	0	0	0	2	0	0	0	220	0
1132020705	极品荣誉之靴+5	72	3	7	2	2531	0	有着巨大荣誉才能穿着的靴子	5500	500	15000	0	2	3	57	52	20	-300	0	19	14	2	0	0	0	2	0	0	0	225	0
1132020706	极品荣誉之靴+6	72	3	7	2	2531	0	有着巨大荣誉才能穿着的靴子	6000	700	15000	0	2	3	61	57	21	-300	0	20	15	2	0	0	0	2	0	0	0	230	0
1132020707	极品荣誉之靴+7	72	3	7	2	2531	0	有着巨大荣誉才能穿着的靴子	6500	900	15000	0	2	3	65	62	22	-300	0	21	16	2	0	0	0	2	0	0	0	235	0
1132020708	极品荣誉之靴+8	72	4	7	2	2531	0	有着巨大荣誉才能穿着的靴子	7000	1100	15000	0	2	3	69	67	23	-300	0	23	18	2	0	0	0	2	0	0	0	240	0
1132020709	极品荣誉之靴+9	72	4	7	2	2531	0	有着巨大荣誉才能穿着的靴子	7500	1300	15000	0	2	3	73	72	24	-300	0	24	19	2	0	0	0	2	0	0	0	245	0
1132020710	极品荣誉之靴+10	72	5	7	2	2531	0	有着巨大荣誉才能穿着的靴子	0	1500	15000	0	2	3	77	77	25	-300	0	25	20	2	0	0	0	2	0	0	0	250	0
1132030700	完美荣誉之靴	72	0	7	3	1512000	60	有着巨大荣誉才能穿着的靴子	3000	0	0	268	2	3	37	27	15	-300	0	12	7	2	10	0	0	2	0	0	10	550	210
1132030701	完美荣誉之靴+1	72	0	7	3	1512000	60	有着巨大荣誉才能穿着的靴子	3500	0	0	268	2	3	41	32	16	-300	0	13	8	2	10	0	0	2	0	0	10	555	210
1132030702	完美荣誉之靴+2	72	0	7	3	1512000	60	有着巨大荣誉才能穿着的靴子	4000	0	0	268	2	3	45	37	17	-300	0	15	10	2	10	0	0	2	0	0	10	560	210
1132030703	完美荣誉之靴+3	72	3	7	3	1512000	60	有着巨大荣誉才能穿着的靴子	4500	0	0	268	2	3	49	42	18	-300	0	16	11	2	10	0	0	2	0	0	10	565	210
1132030704	完美荣誉之靴+4	72	3	7	3	1512000	60	有着巨大荣誉才能穿着的靴子	5000	0	0	268	2	3	53	47	19	-300	0	17	12	2	10	0	0	2	0	0	10	570	210
1132030705	完美荣誉之靴+5	72	4	7	3	1512000	60	有着巨大荣誉才能穿着的靴子	5500	0	0	268	2	3	57	52	20	-300	0	19	14	2	10	0	0	2	0	0	10	575	210
1132030706	完美荣誉之靴+6	72	4	7	3	1512000	60	有着巨大荣誉才能穿着的靴子	6000	0	0	268	2	3	61	57	21	-300	0	20	15	2	10	0	0	2	0	0	10	580	210
1132030707	完美荣誉之靴+7	72	4	7	3	1512000	60	有着巨大荣誉才能穿着的靴子	6500	50	17000	268	2	3	65	62	22	-300	0	21	16	2	10	0	0	2	0	0	10	585	210
1132030708	完美荣誉之靴+8	72	5	7	3	1512000	60	有着巨大荣誉才能穿着的靴子	7000	150	17000	268	2	3	69	67	23	-300	0	23	18	2	10	0	0	2	0	0	10	590	210
1132030709	完美荣誉之靴+9	72	5	7	3	1512000	60	有着巨大荣誉才能穿着的靴子	7500	250	17000	268	2	3	73	72	24	-300	0	24	19	2	10	0	0	2	0	0	10	595	210
1132030710	完美荣誉之靴+10	72	6	7	3	1512000	60	有着巨大荣誉才能穿着的靴子	0	350	17000	268	2	3	77	77	25	-300	0	25	20	2	10	0	0	2	0	0	10	600	210
1132040700	神品荣誉之靴	72	0	7	4	2520000	101	有着巨大荣誉才能穿着的靴子	3000	0	0	448	2	3	37	27	15	-300	0	12	7	2	10	10	10	2	10	10	10	550	210
1132040701	神品荣誉之靴+1	72	0	7	4	2520000	101	有着巨大荣誉才能穿着的靴子	3500	0	0	448	2	3	41	32	16	-300	0	13	8	2	10	10	10	2	10	10	10	555	210
1132040702	神品荣誉之靴+2	72	0	7	4	2520000	101	有着巨大荣誉才能穿着的靴子	4000	0	0	448	2	3	45	37	17	-300	0	15	10	2	10	10	10	2	10	10	10	560	210
1132040703	神品荣誉之靴+3	72	4	7	4	2520000	101	有着巨大荣誉才能穿着的靴子	4500	0	0	448	2	3	49	42	18	-300	0	16	11	2	10	10	10	2	10	10	10	565	210
1132040704	神品荣誉之靴+4	72	4	7	4	2520000	101	有着巨大荣誉才能穿着的靴子	5000	0	0	448	2	3	53	47	19	-300	0	17	12	2	10	10	10	2	10	10	10	570	210
1132040705	神品荣誉之靴+5	72	5	7	4	2520000	101	有着巨大荣誉才能穿着的靴子	5500	0	0	448	2	3	57	52	20	-300	0	19	14	2	10	10	10	2	10	10	10	575	210
1132040706	神品荣誉之靴+6	72	5	7	4	2520000	101	有着巨大荣誉才能穿着的靴子	6000	0	0	448	2	3	61	57	21	-300	0	20	15	2	10	10	10	2	10	10	10	580	210
1132040707	神品荣誉之靴+7	72	5	7	4	2520000	101	有着巨大荣誉才能穿着的靴子	6500	0	0	448	2	3	65	62	22	-300	0	21	16	2	10	10	10	2	10	10	10	585	210
1132040708	神品荣誉之靴+8	72	6	7	4	2520000	101	有着巨大荣誉才能穿着的靴子	7000	0	0	448	2	3	69	67	23	-300	0	23	18	2	10	10	10	2	10	10	10	590	210
1132040709	神品荣誉之靴+9	72	6	7	4	2520000	101	有着巨大荣誉才能穿着的靴子	7500	0	0	448	2	3	73	72	24	-300	0	24	19	2	10	10	10	2	10	10	10	595	210
1132040710	神品荣誉之靴+10	72	7	7	4	2520000	101	有着巨大荣誉才能穿着的靴子	0	0	0	448	2	3	77	77	25	-300	0	25	20	2	10	10	10	2	10	10	10	600	210
1132000800	狂暴之靴	84	0	8	0	3796	0	穿着会显示出狂暴一面的靴子	4500	0	0	0	2	3	45	32	16	-300	0	0	0	0	0	0	0	0	0	0	0	225	0
1132000801	狂暴之靴+1	84	0	8	0	3796	0	穿着会显示出狂暴一面的靴子	5000	0	0	0	2	3	49	37	17	-300	0	0	0	0	0	0	0	0	0	0	0	230	0
1132000802	狂暴之靴+2	84	0	8	0	3796	0	穿着会显示出狂暴一面的靴子	5500	0	0	0	2	3	53	42	18	-300	0	0	0	0	0	0	0	0	0	0	0	235	0
1132000803	狂暴之靴+3	84	0	8	0	3796	0	穿着会显示出狂暴一面的靴子	6000	7500	15000	0	2	3	57	47	19	-300	0	0	0	0	0	0	0	0	0	0	0	240	0
1132000804	狂暴之靴+4	84	0	8	0	3796	0	穿着会显示出狂暴一面的靴子	6500	8500	15000	0	2	3	61	52	20	-300	0	0	0	0	0	0	0	0	0	0	0	245	0
1132000805	狂暴之靴+5	84	0	8	0	3796	0	穿着会显示出狂暴一面的靴子	7000	9500	15000	0	2	3	65	57	21	-300	0	0	0	0	0	0	0	0	0	0	0	250	0
1132000806	狂暴之靴+6	84	0	8	0	3796	0	穿着会显示出狂暴一面的靴子	7500	10000	15000	0	2	3	69	62	22	-300	0	0	0	0	0	0	0	0	0	0	0	255	0
1132000807	狂暴之靴+7	84	0	8	0	3796	0	穿着会显示出狂暴一面的靴子	8000	10000	15000	0	2	3	73	67	23	-300	0	0	0	0	0	0	0	0	0	0	0	260	0
1132000808	狂暴之靴+8	84	0	8	0	3796	0	穿着会显示出狂暴一面的靴子	8500	10000	15000	0	2	3	77	72	24	-300	0	0	0	0	0	0	0	0	0	0	0	265	0
1132000809	狂暴之靴+9	84	0	8	0	3796	0	穿着会显示出狂暴一面的靴子	9000	10000	15000	0	2	3	81	77	25	-300	0	0	0	0	0	0	0	0	0	0	0	270	0
1132000810	狂暴之靴+10	84	0	8	0	3796	0	穿着会显示出狂暴一面的靴子	0	10000	15000	0	2	3	85	82	26	-300	0	0	0	0	0	0	0	0	0	0	0	275	0
1132010800	精品狂暴之靴	84	0	8	1	3796	0	穿着会显示出狂暴一面的靴子	4500	0	0	0	2	3	45	32	16	-300	0	15	8	0	0	0	0	0	0	0	0	225	0
1132010801	精品狂暴之靴+1	84	0	8	1	3796	0	穿着会显示出狂暴一面的靴子	5000	0	0	0	2	3	49	37	17	-300	0	16	10	0	0	0	0	0	0	0	0	230	0
1132010802	精品狂暴之靴+2	84	0	8	1	3796	0	穿着会显示出狂暴一面的靴子	5500	0	0	0	2	3	53	42	18	-300	0	17	11	0	0	0	0	0	0	0	0	235	0
1132010803	精品狂暴之靴+3	84	1	8	1	3796	0	穿着会显示出狂暴一面的靴子	6000	0	0	0	2	3	57	47	19	-300	0	19	12	0	0	0	0	0	0	0	0	240	0
1132010804	精品狂暴之靴+4	84	1	8	1	3796	0	穿着会显示出狂暴一面的靴子	6500	1000	18000	0	2	3	61	52	20	-300	0	20	14	0	0	0	0	0	0	0	0	245	0
1132010805	精品狂暴之靴+5	84	2	8	1	3796	0	穿着会显示出狂暴一面的靴子	7000	2000	18000	0	2	3	65	57	21	-300	0	21	15	0	0	0	0	0	0	0	0	250	0
1132010806	精品狂暴之靴+6	84	2	8	1	3796	0	穿着会显示出狂暴一面的靴子	7500	3000	18000	0	2	3	69	62	22	-300	0	23	16	0	0	0	0	0	0	0	0	255	0
1132010807	精品狂暴之靴+7	84	2	8	1	3796	0	穿着会显示出狂暴一面的靴子	8000	4000	18000	0	2	3	73	67	23	-300	0	24	18	0	0	0	0	0	0	0	0	260	0
1132010808	精品狂暴之靴+8	84	3	8	1	3796	0	穿着会显示出狂暴一面的靴子	8500	6000	18000	0	2	3	77	72	24	-300	0	25	19	0	0	0	0	0	0	0	0	265	0
1132010809	精品狂暴之靴+9	84	3	8	1	3796	0	穿着会显示出狂暴一面的靴子	9000	8000	18000	0	2	3	81	77	25	-300	0	27	20	0	0	0	0	0	0	0	0	270	0
1132010810	精品狂暴之靴+10	84	4	8	1	3796	0	穿着会显示出狂暴一面的靴子	0	10000	18000	0	2	3	85	82	26	-300	0	28	22	0	0	0	0	0	0	0	0	275	0
1132020800	极品狂暴之靴	84	0	8	2	3796	0	穿着会显示出狂暴一面的靴子	4500	0	0	0	2	3	45	32	16	-300	0	15	8	2	0	0	0	2	0	0	0	225	0
1132020801	极品狂暴之靴+1	84	0	8	2	3796	0	穿着会显示出狂暴一面的靴子	5000	0	0	0	2	3	49	37	17	-300	0	16	10	2	0	0	0	2	0	0	0	230	0
1132020802	极品狂暴之靴+2	84	0	8	2	3796	0	穿着会显示出狂暴一面的靴子	5500	0	0	0	2	3	53	42	18	-300	0	17	11	2	0	0	0	2	0	0	0	235	0
1132020803	极品狂暴之靴+3	84	2	8	2	3796	0	穿着会显示出狂暴一面的靴子	6000	0	0	0	2	3	57	47	19	-300	0	19	12	2	0	0	0	2	0	0	0	240	0
1132020804	极品狂暴之靴+4	84	2	8	2	3796	0	穿着会显示出狂暴一面的靴子	6500	0	0	0	2	3	61	52	20	-300	0	20	14	2	0	0	0	2	0	0	0	245	0
1132020805	极品狂暴之靴+5	84	3	8	2	3796	0	穿着会显示出狂暴一面的靴子	7000	500	21000	0	2	3	65	57	21	-300	0	21	15	2	0	0	0	2	0	0	0	250	0
1132020806	极品狂暴之靴+6	84	3	8	2	3796	0	穿着会显示出狂暴一面的靴子	7500	700	21000	0	2	3	69	62	22	-300	0	23	16	2	0	0	0	2	0	0	0	255	0
1132020807	极品狂暴之靴+7	84	3	8	2	3796	0	穿着会显示出狂暴一面的靴子	8000	900	21000	0	2	3	73	67	23	-300	0	24	18	2	0	0	0	2	0	0	0	260	0
1132020808	极品狂暴之靴+8	84	4	8	2	3796	0	穿着会显示出狂暴一面的靴子	8500	1100	21000	0	2	3	77	72	24	-300	0	25	19	2	0	0	0	2	0	0	0	265	0
1132020809	极品狂暴之靴+9	84	4	8	2	3796	0	穿着会显示出狂暴一面的靴子	9000	1300	21000	0	2	3	81	77	25	-300	0	27	20	2	0	0	0	2	0	0	0	270	0
1132020810	极品狂暴之靴+10	84	5	8	2	3796	0	穿着会显示出狂暴一面的靴子	0	1500	21000	0	2	3	85	82	26	-300	0	28	22	2	0	0	0	2	0	0	0	275	0
1132030800	完美狂暴之靴	84	0	8	3	2184000	76	穿着会显示出狂暴一面的靴子	4500	0	0	336	2	3	45	32	16	-300	0	15	8	2	10	0	0	2	0	0	10	625	240
1132030801	完美狂暴之靴+1	84	0	8	3	2184000	76	穿着会显示出狂暴一面的靴子	5000	0	0	336	2	3	49	37	17	-300	0	16	10	2	10	0	0	2	0	0	10	630	240
1132030802	完美狂暴之靴+2	84	0	8	3	2184000	76	穿着会显示出狂暴一面的靴子	5500	0	0	336	2	3	53	42	18	-300	0	17	11	2	10	0	0	2	0	0	10	635	240
1132030803	完美狂暴之靴+3	84	3	8	3	2184000	76	穿着会显示出狂暴一面的靴子	6000	0	0	336	2	3	57	47	19	-300	0	19	12	2	10	0	0	2	0	0	10	640	240
1132030804	完美狂暴之靴+4	84	3	8	3	2184000	76	穿着会显示出狂暴一面的靴子	6500	0	0	336	2	3	61	52	20	-300	0	20	14	2	10	0	0	2	0	0	10	645	240
1132030805	完美狂暴之靴+5	84	4	8	3	2184000	76	穿着会显示出狂暴一面的靴子	7000	0	0	336	2	3	65	57	21	-300	0	21	15	2	10	0	0	2	0	0	10	650	240
1132030806	完美狂暴之靴+6	84	4	8	3	2184000	76	穿着会显示出狂暴一面的靴子	7500	0	0	336	2	3	69	62	22	-300	0	23	16	2	10	0	0	2	0	0	10	655	240
1132030807	完美狂暴之靴+7	84	4	8	3	2184000	76	穿着会显示出狂暴一面的靴子	8000	50	24000	336	2	3	73	67	23	-300	0	24	18	2	10	0	0	2	0	0	10	660	240
1132030808	完美狂暴之靴+8	84	5	8	3	2184000	76	穿着会显示出狂暴一面的靴子	8500	150	24000	336	2	3	77	72	24	-300	0	25	19	2	10	0	0	2	0	0	10	665	240
1132030809	完美狂暴之靴+9	84	5	8	3	2184000	76	穿着会显示出狂暴一面的靴子	9000	250	24000	336	2	3	81	77	25	-300	0	27	20	2	10	0	0	2	0	0	10	670	240
1132030810	完美狂暴之靴+10	84	6	8	3	2184000	76	穿着会显示出狂暴一面的靴子	0	350	24000	336	2	3	85	82	26	-300	0	28	22	2	10	0	0	2	0	0	10	675	240
1132040800	神品狂暴之靴	84	0	8	4	3640000	127	穿着会显示出狂暴一面的靴子	4500	0	0	560	2	3	45	32	16	-300	0	15	8	2	10	10	10	2	10	10	10	625	240
1132040801	神品狂暴之靴+1	84	0	8	4	3640000	127	穿着会显示出狂暴一面的靴子	5000	0	0	560	2	3	49	37	17	-300	0	16	10	2	10	10	10	2	10	10	10	630	240
1132040802	神品狂暴之靴+2	84	0	8	4	3640000	127	穿着会显示出狂暴一面的靴子	5500	0	0	560	2	3	53	42	18	-300	0	17	11	2	10	10	10	2	10	10	10	635	240
1132040803	神品狂暴之靴+3	84	4	8	4	3640000	127	穿着会显示出狂暴一面的靴子	6000	0	0	560	2	3	57	47	19	-300	0	19	12	2	10	10	10	2	10	10	10	640	240
1132040804	神品狂暴之靴+4	84	4	8	4	3640000	127	穿着会显示出狂暴一面的靴子	6500	0	0	560	2	3	61	52	20	-300	0	20	14	2	10	10	10	2	10	10	10	645	240
1132040805	神品狂暴之靴+5	84	5	8	4	3640000	127	穿着会显示出狂暴一面的靴子	7000	0	0	560	2	3	65	57	21	-300	0	21	15	2	10	10	10	2	10	10	10	650	240
1132040806	神品狂暴之靴+6	84	5	8	4	3640000	127	穿着会显示出狂暴一面的靴子	7500	0	0	560	2	3	69	62	22	-300	0	23	16	2	10	10	10	2	10	10	10	655	240
1132040807	神品狂暴之靴+7	84	5	8	4	3640000	127	穿着会显示出狂暴一面的靴子	8000	0	0	560	2	3	73	67	23	-300	0	24	18	2	10	10	10	2	10	10	10	660	240
1132040808	神品狂暴之靴+8	84	6	8	4	3640000	127	穿着会显示出狂暴一面的靴子	8500	0	0	560	2	3	77	72	24	-300	0	25	19	2	10	10	10	2	10	10	10	665	240
1132040809	神品狂暴之靴+9	84	6	8	4	3640000	127	穿着会显示出狂暴一面的靴子	9000	0	0	560	2	3	81	77	25	-300	0	27	20	2	10	10	10	2	10	10	10	670	240
1132040810	神品狂暴之靴+10	84	7	8	4	3640000	127	穿着会显示出狂暴一面的靴子	0	0	0	560	2	3	85	82	26	-300	0	28	22	2	10	10	10	2	10	10	10	675	240
1132000900	力量之靴	96	0	9	0	5695	0	战神赋予战士强大力量的靴子	6000	0	0	0	2	3	55	37	18	-300	0	0	0	0	0	0	0	0	0	0	0	250	0
1132000901	力量之靴+1	96	0	9	0	5695	0	战神赋予战士强大力量的靴子	7000	0	0	0	2	3	59	42	19	-300	0	0	0	0	0	0	0	0	0	0	0	255	0
1132000902	力量之靴+2	96	0	9	0	5695	0	战神赋予战士强大力量的靴子	8000	0	0	0	2	3	63	47	20	-300	0	0	0	0	0	0	0	0	0	0	0	260	0
1132000903	力量之靴+3	96	0	9	0	5695	0	战神赋予战士强大力量的靴子	9000	6000	21000	0	2	3	67	52	21	-300	0	0	0	0	0	0	0	0	0	0	0	265	0
1132000904	力量之靴+4	96	0	9	0	5695	0	战神赋予战士强大力量的靴子	10000	7000	21000	0	2	3	71	57	22	-300	0	0	0	0	0	0	0	0	0	0	0	270	0
1132000905	力量之靴+5	96	0	9	0	5695	0	战神赋予战士强大力量的靴子	11000	8000	21000	0	2	3	75	62	23	-300	0	0	0	0	0	0	0	0	0	0	0	275	0
1132000906	力量之靴+6	96	0	9	0	5695	0	战神赋予战士强大力量的靴子	12000	9000	21000	0	2	3	79	67	24	-300	0	0	0	0	0	0	0	0	0	0	0	280	0
1132000907	力量之靴+7	96	0	9	0	5695	0	战神赋予战士强大力量的靴子	13000	10000	21000	0	2	3	83	72	25	-300	0	0	0	0	0	0	0	0	0	0	0	285	0
1132000908	力量之靴+8	96	0	9	0	5695	0	战神赋予战士强大力量的靴子	14000	10000	21000	0	2	3	87	77	26	-300	0	0	0	0	0	0	0	0	0	0	0	290	0
1132000909	力量之靴+9	96	0	9	0	5695	0	战神赋予战士强大力量的靴子	15000	10000	21000	0	2	3	91	82	27	-300	0	0	0	0	0	0	0	0	0	0	0	295	0
1132000910	力量之靴+10	96	0	9	0	5695	0	战神赋予战士强大力量的靴子	0	10000	21000	0	2	3	95	87	28	-300	0	0	0	0	0	0	0	0	0	0	0	300	0
1132010900	精品力量之靴	96	0	9	1	5695	0	战神赋予战士强大力量的靴子	6000	0	0	0	2	3	55	37	18	-300	0	18	10	0	0	0	0	0	0	0	0	250	0
1132010901	精品力量之靴+1	96	0	9	1	5695	0	战神赋予战士强大力量的靴子	7000	0	0	0	2	3	59	42	19	-300	0	19	11	0	0	0	0	0	0	0	0	255	0
1132010902	精品力量之靴+2	96	0	9	1	5695	0	战神赋予战士强大力量的靴子	8000	0	0	0	2	3	63	47	20	-300	0	21	12	0	0	0	0	0	0	0	0	260	0
1132010903	精品力量之靴+3	96	1	9	1	5695	0	战神赋予战士强大力量的靴子	9000	0	0	0	2	3	67	52	21	-300	0	22	14	0	0	0	0	0	0	0	0	265	0
1132010904	精品力量之靴+4	96	1	9	1	5695	0	战神赋予战士强大力量的靴子	10000	1000	24000	0	2	3	71	57	22	-300	0	23	15	0	0	0	0	0	0	0	0	270	0
1132010905	精品力量之靴+5	96	2	9	1	5695	0	战神赋予战士强大力量的靴子	11000	2000	24000	0	2	3	75	62	23	-300	0	25	16	0	0	0	0	0	0	0	0	275	0
1132010906	精品力量之靴+6	96	2	9	1	5695	0	战神赋予战士强大力量的靴子	12000	3000	24000	0	2	3	79	67	24	-300	0	26	18	0	0	0	0	0	0	0	0	280	0
1132010907	精品力量之靴+7	96	2	9	1	5695	0	战神赋予战士强大力量的靴子	13000	4000	24000	0	2	3	83	72	25	-300	0	27	19	0	0	0	0	0	0	0	0	285	0
1132010908	精品力量之靴+8	96	3	9	1	5695	0	战神赋予战士强大力量的靴子	14000	6000	24000	0	2	3	87	77	26	-300	0	29	20	0	0	0	0	0	0	0	0	290	0
1132010909	精品力量之靴+9	96	3	9	1	5695	0	战神赋予战士强大力量的靴子	15000	8000	24000	0	2	3	91	82	27	-300	0	30	22	0	0	0	0	0	0	0	0	295	0
1132010910	精品力量之靴+10	96	4	9	1	5695	0	战神赋予战士强大力量的靴子	0	10000	24000	0	2	3	95	87	28	-300	0	31	23	0	0	0	0	0	0	0	0	300	0
1132020900	极品力量之靴	96	0	9	2	5695	0	战神赋予战士强大力量的靴子	6000	0	0	0	2	3	55	37	18	-300	0	18	10	2	0	0	0	2	0	0	0	250	0
1132020901	极品力量之靴+1	96	0	9	2	5695	0	战神赋予战士强大力量的靴子	7000	0	0	0	2	3	59	42	19	-300	0	19	11	2	0	0	0	2	0	0	0	255	0
1132020902	极品力量之靴+2	96	0	9	2	5695	0	战神赋予战士强大力量的靴子	8000	0	0	0	2	3	63	47	20	-300	0	21	12	2	0	0	0	2	0	0	0	260	0
1132020903	极品力量之靴+3	96	2	9	2	5695	0	战神赋予战士强大力量的靴子	9000	0	0	0	2	3	67	52	21	-300	0	22	14	2	0	0	0	2	0	0	0	265	0
1132020904	极品力量之靴+4	96	2	9	2	5695	0	战神赋予战士强大力量的靴子	10000	0	0	0	2	3	71	57	22	-300	0	23	15	2	0	0	0	2	0	0	0	270	0
1132020905	极品力量之靴+5	96	3	9	2	5695	0	战神赋予战士强大力量的靴子	11000	200	27000	0	2	3	75	62	23	-300	0	25	16	2	0	0	0	2	0	0	0	275	0
1132020906	极品力量之靴+6	96	3	9	2	5695	0	战神赋予战士强大力量的靴子	12000	400	27000	0	2	3	79	67	24	-300	0	26	18	2	0	0	0	2	0	0	0	280	0
1132020907	极品力量之靴+7	96	3	9	2	5695	0	战神赋予战士强大力量的靴子	13000	600	27000	0	2	3	83	72	25	-300	0	27	19	2	0	0	0	2	0	0	0	285	0
1132020908	极品力量之靴+8	96	4	9	2	5695	0	战神赋予战士强大力量的靴子	14000	800	27000	0	2	3	87	77	26	-300	0	29	20	2	0	0	0	2	0	0	0	290	0
1132020909	极品力量之靴+9	96	4	9	2	5695	0	战神赋予战士强大力量的靴子	15000	1000	27000	0	2	3	91	82	27	-300	0	30	22	2	0	0	0	2	0	0	0	295	0
1132020910	极品力量之靴+10	96	5	9	2	5695	0	战神赋予战士强大力量的靴子	0	1200	27000	0	2	3	95	87	28	-300	0	31	23	2	0	0	0	2	0	0	0	300	0
1132030900	完美力量之靴	96	0	9	3	3024000	91	战神赋予战士强大力量的靴子	6000	0	0	403	2	3	55	37	18	-300	0	18	10	2	10	0	0	2	0	0	10	700	270
1132030901	完美力量之靴+1	96	0	9	3	3024000	91	战神赋予战士强大力量的靴子	7000	0	0	403	2	3	59	42	19	-300	0	19	11	2	10	0	0	2	0	0	10	705	270
1132030902	完美力量之靴+2	96	0	9	3	3024000	91	战神赋予战士强大力量的靴子	8000	0	0	403	2	3	63	47	20	-300	0	21	12	2	10	0	0	2	0	0	10	710	270
1132030903	完美力量之靴+3	96	3	9	3	3024000	91	战神赋予战士强大力量的靴子	9000	0	0	403	2	3	67	52	21	-300	0	22	14	2	10	0	0	2	0	0	10	715	270
1132030904	完美力量之靴+4	96	3	9	3	3024000	91	战神赋予战士强大力量的靴子	10000	0	0	403	2	3	71	57	22	-300	0	23	15	2	10	0	0	2	0	0	10	720	270
1132030905	完美力量之靴+5	96	4	9	3	3024000	91	战神赋予战士强大力量的靴子	11000	0	0	403	2	3	75	62	23	-300	0	25	16	2	10	0	0	2	0	0	10	725	270
1132030906	完美力量之靴+6	96	4	9	3	3024000	91	战神赋予战士强大力量的靴子	12000	0	0	403	2	3	79	67	24	-300	0	26	18	2	10	0	0	2	0	0	10	730	270
1132030907	完美力量之靴+7	96	4	9	3	3024000	91	战神赋予战士强大力量的靴子	13000	70	30000	403	2	3	83	72	25	-300	0	27	19	2	10	0	0	2	0	0	10	735	270
1132030908	完美力量之靴+8	96	5	9	3	3024000	91	战神赋予战士强大力量的靴子	14000	170	30000	403	2	3	87	77	26	-300	0	29	20	2	10	0	0	2	0	0	10	740	270
1132030909	完美力量之靴+9	96	5	9	3	3024000	91	战神赋予战士强大力量的靴子	15000	270	30000	403	2	3	91	82	27	-300	0	30	22	2	10	0	0	2	0	0	10	745	270
1132030910	完美力量之靴+10	96	6	9	3	3024000	91	战神赋予战士强大力量的靴子	0	370	30000	403	2	3	95	87	28	-300	0	31	23	2	10	0	0	2	0	0	10	750	270
1132040900	神品力量之靴	96	0	9	4	5040000	151	战神赋予战士强大力量的靴子	6000	0	0	672	2	3	55	37	18	-300	0	18	10	2	10	10	10	2	10	10	10	700	270
1132040901	神品力量之靴+1	96	0	9	4	5040000	151	战神赋予战士强大力量的靴子	7000	0	0	672	2	3	59	42	19	-300	0	19	11	2	10	10	10	2	10	10	10	705	270
1132040902	神品力量之靴+2	96	0	9	4	5040000	151	战神赋予战士强大力量的靴子	8000	0	0	672	2	3	63	47	20	-300	0	21	12	2	10	10	10	2	10	10	10	710	270
1132040903	神品力量之靴+3	96	4	9	4	5040000	151	战神赋予战士强大力量的靴子	9000	0	0	672	2	3	67	52	21	-300	0	22	14	2	10	10	10	2	10	10	10	715	270
1132040904	神品力量之靴+4	96	4	9	4	5040000	151	战神赋予战士强大力量的靴子	10000	0	0	672	2	3	71	57	22	-300	0	23	15	2	10	10	10	2	10	10	10	720	270
1132040905	神品力量之靴+5	96	5	9	4	5040000	151	战神赋予战士强大力量的靴子	11000	0	0	672	2	3	75	62	23	-300	0	25	16	2	10	10	10	2	10	10	10	725	270
1132040906	神品力量之靴+6	96	5	9	4	5040000	151	战神赋予战士强大力量的靴子	12000	0	0	672	2	3	79	67	24	-300	0	26	18	2	10	10	10	2	10	10	10	730	270
1132040907	神品力量之靴+7	96	5	9	4	5040000	151	战神赋予战士强大力量的靴子	13000	0	0	672	2	3	83	72	25	-300	0	27	19	2	10	10	10	2	10	10	10	735	270
1132040908	神品力量之靴+8	96	6	9	4	5040000	151	战神赋予战士强大力量的靴子	14000	0	0	672	2	3	87	77	26	-300	0	29	20	2	10	10	10	2	10	10	10	740	270
1132040909	神品力量之靴+9	96	6	9	4	5040000	151	战神赋予战士强大力量的靴子	15000	0	0	672	2	3	91	82	27	-300	0	30	22	2	10	10	10	2	10	10	10	745	270
1132040910	神品力量之靴+10	96	7	9	4	5040000	151	战神赋予战士强大力量的靴子	0	0	0	672	2	3	95	87	28	-300	0	31	23	2	10	10	10	2	10	10	10	750	270
1132001000	鬼泣之靴	108	0	10	0	10678	0	具有死亡气息的靴子	10000	0	0	0	2	3	66	43	22	-300	0	0	0	0	0	0	0	0	0	0	0	280	0
1132001001	鬼泣之靴+1	108	0	10	0	10678	0	具有死亡气息的靴子	11000	0	0	0	2	3	70	48	23	-300	0	0	0	0	0	0	0	0	0	0	0	285	0
1132001002	鬼泣之靴+2	108	0	10	0	10678	0	具有死亡气息的靴子	12000	0	0	0	2	3	74	53	24	-300	0	0	0	0	0	0	0	0	0	0	0	290	0
1132001003	鬼泣之靴+3	108	0	10	0	10678	0	具有死亡气息的靴子	13000	6000	27000	0	2	3	78	58	25	-300	0	0	0	0	0	0	0	0	0	0	0	295	0
1132001004	鬼泣之靴+4	108	0	10	0	10678	0	具有死亡气息的靴子	14000	6500	27000	0	2	3	82	63	26	-300	0	0	0	0	0	0	0	0	0	0	0	300	0
1132001005	鬼泣之靴+5	108	0	10	0	10678	0	具有死亡气息的靴子	15000	7000	27000	0	2	3	86	68	27	-300	0	0	0	0	0	0	0	0	0	0	0	305	0
1132001006	鬼泣之靴+6	108	0	10	0	10678	0	具有死亡气息的靴子	16000	7500	27000	0	2	3	90	73	28	-300	0	0	0	0	0	0	0	0	0	0	0	310	0
1132001007	鬼泣之靴+7	108	0	10	0	10678	0	具有死亡气息的靴子	17000	8000	27000	0	2	3	94	78	29	-300	0	0	0	0	0	0	0	0	0	0	0	315	0
1132001008	鬼泣之靴+8	108	0	10	0	10678	0	具有死亡气息的靴子	18000	8500	27000	0	2	3	98	83	30	-300	0	0	0	0	0	0	0	0	0	0	0	320	0
1132001009	鬼泣之靴+9	108	0	10	0	10678	0	具有死亡气息的靴子	19000	9000	27000	0	2	3	102	88	31	-300	0	0	0	0	0	0	0	0	0	0	0	325	0
1132001010	鬼泣之靴+10	108	0	10	0	10678	0	具有死亡气息的靴子	0	9500	27000	0	2	3	106	93	32	-300	0	0	0	0	0	0	0	0	0	0	0	330	0
1132011000	精品鬼泣之靴	108	0	10	1	10678	0	具有死亡气息的靴子	10000	0	0	0	2	3	66	43	22	-300	0	22	11	0	0	0	0	0	0	0	0	280	0
1132011001	精品鬼泣之靴+1	108	0	10	1	10678	0	具有死亡气息的靴子	11000	0	0	0	2	3	70	48	23	-300	0	23	13	0	0	0	0	0	0	0	0	285	0
1132011002	精品鬼泣之靴+2	108	0	10	1	10678	0	具有死亡气息的靴子	12000	0	0	0	2	3	74	53	24	-300	0	24	14	0	0	0	0	0	0	0	0	290	0
1132011003	精品鬼泣之靴+3	108	1	10	1	10678	0	具有死亡气息的靴子	13000	0	0	0	2	3	78	58	25	-300	0	26	15	0	0	0	0	0	0	0	0	295	0
1132011004	精品鬼泣之靴+4	108	1	10	1	10678	0	具有死亡气息的靴子	14000	1000	31000	0	2	3	82	63	26	-300	0	27	17	0	0	0	0	0	0	0	0	300	0
1132011005	精品鬼泣之靴+5	108	2	10	1	10678	0	具有死亡气息的靴子	15000	2000	31000	0	2	3	86	68	27	-300	0	28	18	0	0	0	0	0	0	0	0	305	0
1132011006	精品鬼泣之靴+6	108	2	10	1	10678	0	具有死亡气息的靴子	16000	3000	31000	0	2	3	90	73	28	-300	0	30	19	0	0	0	0	0	0	0	0	310	0
1132011007	精品鬼泣之靴+7	108	2	10	1	10678	0	具有死亡气息的靴子	17000	4000	31000	0	2	3	94	78	29	-300	0	31	21	0	0	0	0	0	0	0	0	315	0
1132011008	精品鬼泣之靴+8	108	3	10	1	10678	0	具有死亡气息的靴子	18000	6000	31000	0	2	3	98	83	30	-300	0	32	22	0	0	0	0	0	0	0	0	320	0
1132011009	精品鬼泣之靴+9	108	3	10	1	10678	0	具有死亡气息的靴子	19000	8000	31000	0	2	3	102	88	31	-300	0	34	23	0	0	0	0	0	0	0	0	325	0
1132011010	精品鬼泣之靴+10	108	4	10	1	10678	0	具有死亡气息的靴子	0	10000	31000	0	2	3	106	93	32	-300	0	35	25	0	0	0	0	0	0	0	0	330	0
1132021000	极品鬼泣之靴	108	0	10	2	10678	0	具有死亡气息的靴子	10000	0	0	0	2	3	66	43	22	-300	0	22	11	2	0	0	0	2	0	0	0	280	0
1132021001	极品鬼泣之靴+1	108	0	10	2	10678	0	具有死亡气息的靴子	11000	0	0	0	2	3	70	48	23	-300	0	23	13	2	0	0	0	2	0	0	0	285	0
1132021002	极品鬼泣之靴+2	108	0	10	2	10678	0	具有死亡气息的靴子	12000	0	0	0	2	3	74	53	24	-300	0	24	14	2	0	0	0	2	0	0	0	290	0
1132021003	极品鬼泣之靴+3	108	2	10	2	10678	0	具有死亡气息的靴子	13000	0	0	0	2	3	78	58	25	-300	0	26	15	2	0	0	0	2	0	0	0	295	0
1132021004	极品鬼泣之靴+4	108	2	10	2	10678	0	具有死亡气息的靴子	14000	0	0	0	2	3	82	63	26	-300	0	27	17	2	0	0	0	2	0	0	0	300	0
1132021005	极品鬼泣之靴+5	108	3	10	2	10678	0	具有死亡气息的靴子	15000	200	35000	0	2	3	86	68	27	-300	0	28	18	2	0	0	0	2	0	0	0	305	0
1132021006	极品鬼泣之靴+6	108	3	10	2	10678	0	具有死亡气息的靴子	16000	400	35000	0	2	3	90	73	28	-300	0	30	19	2	0	0	0	2	0	0	0	310	0
1132021007	极品鬼泣之靴+7	108	3	10	2	10678	0	具有死亡气息的靴子	17000	600	35000	0	2	3	94	78	29	-300	0	31	21	2	0	0	0	2	0	0	0	315	0
1132021008	极品鬼泣之靴+8	108	4	10	2	10678	0	具有死亡气息的靴子	18000	800	35000	0	2	3	98	83	30	-300	0	32	22	2	0	0	0	2	0	0	0	320	0
1132021009	极品鬼泣之靴+9	108	4	10	2	10678	0	具有死亡气息的靴子	19000	1000	35000	0	2	3	102	88	31	-300	0	34	23	2	0	0	0	2	0	0	0	325	0
1132021010	极品鬼泣之靴+10	108	5	10	2	10678	0	具有死亡气息的靴子	0	1200	35000	0	2	3	106	93	32	-300	0	35	25	2	0	0	0	2	0	0	0	330	0
1132031000	完美鬼泣之靴	108	0	10	3	4032000	121	具有死亡气息的靴子	10000	0	0	470	2	3	66	43	22	-300	0	22	11	2	10	0	0	2	0	0	10	780	300
1132031001	完美鬼泣之靴+1	108	0	10	3	4032000	121	具有死亡气息的靴子	11000	0	0	470	2	3	70	48	23	-300	0	23	13	2	10	0	0	2	0	0	10	785	300
1132031002	完美鬼泣之靴+2	108	0	10	3	4032000	121	具有死亡气息的靴子	12000	0	0	470	2	3	74	53	24	-300	0	24	14	2	10	0	0	2	0	0	10	790	300
1132031003	完美鬼泣之靴+3	108	3	10	3	4032000	121	具有死亡气息的靴子	13000	0	0	470	2	3	78	58	25	-300	0	26	15	2	10	0	0	2	0	0	10	795	300
1132031004	完美鬼泣之靴+4	108	3	10	3	4032000	121	具有死亡气息的靴子	14000	0	0	470	2	3	82	63	26	-300	0	27	17	2	10	0	0	2	0	0	10	800	300
1132031005	完美鬼泣之靴+5	108	4	10	3	4032000	121	具有死亡气息的靴子	15000	0	0	470	2	3	86	68	27	-300	0	28	18	2	10	0	0	2	0	0	10	805	300
1132031006	完美鬼泣之靴+6	108	4	10	3	4032000	121	具有死亡气息的靴子	16000	0	0	470	2	3	90	73	28	-300	0	30	19	2	10	0	0	2	0	0	10	810	300
1132031007	完美鬼泣之靴+7	108	4	10	3	4032000	121	具有死亡气息的靴子	17000	70	39000	470	2	3	94	78	29	-300	0	31	21	2	10	0	0	2	0	0	10	815	300
1132031008	完美鬼泣之靴+8	108	5	10	3	4032000	121	具有死亡气息的靴子	18000	170	39000	470	2	3	98	83	30	-300	0	32	22	2	10	0	0	2	0	0	10	820	300
1132031009	完美鬼泣之靴+9	108	5	10	3	4032000	121	具有死亡气息的靴子	19000	270	39000	470	2	3	102	88	31	-300	0	34	23	2	10	0	0	2	0	0	10	825	300
1132031010	完美鬼泣之靴+10	108	6	10	3	4032000	121	具有死亡气息的靴子	0	370	39000	470	2	3	106	93	32	-300	0	35	25	2	10	0	0	2	0	0	10	830	300
1132041000	神品鬼泣之靴	108	0	10	4	6720000	202	具有死亡气息的靴子	10000	0	0	784	2	3	66	43	22	-300	0	22	11	2	10	10	10	2	10	10	10	780	300
1132041001	神品鬼泣之靴+1	108	0	10	4	6720000	202	具有死亡气息的靴子	11000	0	0	784	2	3	70	48	23	-300	0	23	13	2	10	10	10	2	10	10	10	785	300
1132041002	神品鬼泣之靴+2	108	0	10	4	6720000	202	具有死亡气息的靴子	12000	0	0	784	2	3	74	53	24	-300	0	24	14	2	10	10	10	2	10	10	10	790	300
1132041003	神品鬼泣之靴+3	108	4	10	4	6720000	202	具有死亡气息的靴子	13000	0	0	784	2	3	78	58	25	-300	0	26	15	2	10	10	10	2	10	10	10	795	300
1132041004	神品鬼泣之靴+4	108	4	10	4	6720000	202	具有死亡气息的靴子	14000	0	0	784	2	3	82	63	26	-300	0	27	17	2	10	10	10	2	10	10	10	800	300
1132041005	神品鬼泣之靴+5	108	5	10	4	6720000	202	具有死亡气息的靴子	15000	0	0	784	2	3	86	68	27	-300	0	28	18	2	10	10	10	2	10	10	10	805	300
1132041006	神品鬼泣之靴+6	108	5	10	4	6720000	202	具有死亡气息的靴子	16000	0	0	784	2	3	90	73	28	-300	0	30	19	2	10	10	10	2	10	10	10	810	300
1132041007	神品鬼泣之靴+7	108	5	10	4	6720000	202	具有死亡气息的靴子	17000	0	0	784	2	3	94	78	29	-300	0	31	21	2	10	10	10	2	10	10	10	815	300
1132041008	神品鬼泣之靴+8	108	6	10	4	6720000	202	具有死亡气息的靴子	18000	0	0	784	2	3	98	83	30	-300	0	32	22	2	10	10	10	2	10	10	10	820	300
1132041009	神品鬼泣之靴+9	108	6	10	4	6720000	202	具有死亡气息的靴子	19000	0	0	784	2	3	102	88	31	-300	0	34	23	2	10	10	10	2	10	10	10	825	300
1132041010	神品鬼泣之靴+10	108	7	10	4	6720000	202	具有死亡气息的靴子	0	0	0	784	2	3	106	93	32	-300	0	35	25	2	10	10	10	2	10	10	10	830	300
1132001100	毁灭之靴	120	0	11	0	19221	0	具有毁灭力量的靴子	15000	0	0	0	2	3	78	50	24	-300	0	0	0	0	0	0	0	0	0	0	0	305	0
1132001101	毁灭之靴+1	120	0	11	0	19221	0	具有毁灭力量的靴子	17000	0	0	0	2	3	83	56	25	-300	0	0	0	0	0	0	0	0	0	0	0	310	0
1132001102	毁灭之靴+2	120	0	11	0	19221	0	具有毁灭力量的靴子	19000	0	0	0	2	3	88	62	26	-300	0	0	0	0	0	0	0	0	0	0	0	315	0
1132001103	毁灭之靴+3	120	0	11	0	19221	0	具有毁灭力量的靴子	21000	5000	35000	0	2	3	93	68	27	-300	0	0	0	0	0	0	0	0	0	0	0	320	0
1132001104	毁灭之靴+4	120	0	11	0	19221	0	具有毁灭力量的靴子	23000	5500	35000	0	2	3	98	75	28	-300	0	0	0	0	0	0	0	0	0	0	0	325	0
1132001105	毁灭之靴+5	120	0	11	0	19221	0	具有毁灭力量的靴子	25000	6000	35000	0	2	3	103	81	29	-300	0	0	0	0	0	0	0	0	0	0	0	330	0
1132001106	毁灭之靴+6	120	0	11	0	19221	0	具有毁灭力量的靴子	27000	6500	35000	0	2	3	108	87	30	-300	0	0	0	0	0	0	0	0	0	0	0	335	0
1132001107	毁灭之靴+7	120	0	11	0	19221	0	具有毁灭力量的靴子	29000	7000	35000	0	2	3	113	93	31	-300	0	0	0	0	0	0	0	0	0	0	0	340	0
1132001108	毁灭之靴+8	120	0	11	0	19221	0	具有毁灭力量的靴子	31000	7500	35000	0	2	3	118	100	32	-300	0	0	0	0	0	0	0	0	0	0	0	345	0
1132001109	毁灭之靴+9	120	0	11	0	19221	0	具有毁灭力量的靴子	33000	8000	35000	0	2	3	123	106	33	-300	0	0	0	0	0	0	0	0	0	0	0	350	0
1132001110	毁灭之靴+10	120	0	11	0	19221	0	具有毁灭力量的靴子	0	8500	35000	0	2	3	128	112	34	-300	0	0	0	0	0	0	0	0	0	0	0	355	0
1132011100	精品毁灭之靴	120	0	11	1	19221	0	具有毁灭力量的靴子	15000	0	0	0	2	3	78	50	24	-300	0	26	13	0	0	0	0	0	0	0	0	305	0
1132011101	精品毁灭之靴+1	120	0	11	1	19221	0	具有毁灭力量的靴子	17000	0	0	0	2	3	83	56	25	-300	0	27	15	0	0	0	0	0	0	0	0	310	0
1132011102	精品毁灭之靴+2	120	0	11	1	19221	0	具有毁灭力量的靴子	19000	0	0	0	2	3	88	62	26	-300	0	29	16	0	0	0	0	0	0	0	0	315	0
1132011103	精品毁灭之靴+3	120	1	11	1	19221	0	具有毁灭力量的靴子	21000	0	0	0	2	3	93	68	27	-300	0	31	18	0	0	0	0	0	0	0	0	320	0
1132011104	精品毁灭之靴+4	120	1	11	1	19221	0	具有毁灭力量的靴子	23000	1000	40000	0	2	3	98	75	28	-300	0	32	20	0	0	0	0	0	0	0	0	325	0
1132011105	精品毁灭之靴+5	120	2	11	1	19221	0	具有毁灭力量的靴子	25000	2000	40000	0	2	3	103	81	29	-300	0	34	21	0	0	0	0	0	0	0	0	330	0
1132011106	精品毁灭之靴+6	120	2	11	1	19221	0	具有毁灭力量的靴子	27000	3000	40000	0	2	3	108	87	30	-300	0	36	23	0	0	0	0	0	0	0	0	335	0
1132011107	精品毁灭之靴+7	120	2	11	1	19221	0	具有毁灭力量的靴子	29000	4000	40000	0	2	3	113	93	31	-300	0	37	25	0	0	0	0	0	0	0	0	340	0
1132011108	精品毁灭之靴+8	120	3	11	1	19221	0	具有毁灭力量的靴子	31000	6000	40000	0	2	3	118	100	32	-300	0	39	26	0	0	0	0	0	0	0	0	345	0
1132011109	精品毁灭之靴+9	120	3	11	1	19221	0	具有毁灭力量的靴子	33000	8000	40000	0	2	3	123	106	33	-300	0	41	28	0	0	0	0	0	0	0	0	350	0
1132011110	精品毁灭之靴+10	120	4	11	1	19221	0	具有毁灭力量的靴子	0	10000	40000	0	2	3	128	112	34	-300	0	42	30	0	0	0	0	0	0	0	0	355	0
1132021100	极品毁灭之靴	120	0	11	2	19221	0	具有毁灭力量的靴子	15000	0	0	0	2	3	78	50	24	-300	0	26	13	2	0	0	0	2	0	0	0	305	0
1132021101	极品毁灭之靴+1	120	0	11	2	19221	0	具有毁灭力量的靴子	17000	0	0	0	2	3	83	56	25	-300	0	27	15	2	0	0	0	2	0	0	0	310	0
1132021102	极品毁灭之靴+2	120	0	11	2	19221	0	具有毁灭力量的靴子	19000	0	0	0	2	3	88	62	26	-300	0	29	16	2	0	0	0	2	0	0	0	315	0
1132021103	极品毁灭之靴+3	120	2	11	2	19221	0	具有毁灭力量的靴子	21000	0	0	0	2	3	93	68	27	-300	0	31	18	2	0	0	0	2	0	0	0	320	0
1132021104	极品毁灭之靴+4	120	2	11	2	19221	0	具有毁灭力量的靴子	23000	0	0	0	2	3	98	75	28	-300	0	32	20	2	0	0	0	2	0	0	0	325	0
1132021105	极品毁灭之靴+5	120	3	11	2	19221	0	具有毁灭力量的靴子	25000	100	50000	0	2	3	103	81	29	-300	0	34	21	2	0	0	0	2	0	0	0	330	0
1132021106	极品毁灭之靴+6	120	3	11	2	19221	0	具有毁灭力量的靴子	27000	300	50000	0	2	3	108	87	30	-300	0	36	23	2	0	0	0	2	0	0	0	335	0
1132021107	极品毁灭之靴+7	120	3	11	2	19221	0	具有毁灭力量的靴子	29000	500	50000	0	2	3	113	93	31	-300	0	37	25	2	0	0	0	2	0	0	0	340	0
1132021108	极品毁灭之靴+8	120	4	11	2	19221	0	具有毁灭力量的靴子	31000	700	50000	0	2	3	118	100	32	-300	0	39	26	2	0	0	0	2	0	0	0	345	0
1132021109	极品毁灭之靴+9	120	4	11	2	19221	0	具有毁灭力量的靴子	33000	900	50000	0	2	3	123	106	33	-300	0	41	28	2	0	0	0	2	0	0	0	350	0
1132021110	极品毁灭之靴+10	120	5	11	2	19221	0	具有毁灭力量的靴子	0	1100	50000	0	2	3	128	112	34	-300	0	42	30	2	0	0	0	2	0	0	0	355	0
1132031100	完美毁灭之靴	120	0	11	3	5208000	156	具有毁灭力量的靴子	15000	0	0	0	2	3	78	50	24	-300	0	26	13	2	10	0	0	2	0	0	10	855	330
1132031101	完美毁灭之靴+1	120	0	11	3	5208000	156	具有毁灭力量的靴子	17000	0	0	0	2	3	83	56	25	-300	0	27	15	2	10	0	0	2	0	0	10	860	330
1132031102	完美毁灭之靴+2	120	0	11	3	5208000	156	具有毁灭力量的靴子	19000	0	0	0	2	3	88	62	26	-300	0	29	16	2	10	0	0	2	0	0	10	865	330
1132031103	完美毁灭之靴+3	120	3	11	3	5208000	156	具有毁灭力量的靴子	21000	0	0	0	2	3	93	68	27	-300	0	31	18	2	10	0	0	2	0	0	10	870	330
1132031104	完美毁灭之靴+4	120	3	11	3	5208000	156	具有毁灭力量的靴子	23000	0	0	0	2	3	98	75	28	-300	0	32	20	2	10	0	0	2	0	0	10	875	330
1132031105	完美毁灭之靴+5	120	4	11	3	5208000	156	具有毁灭力量的靴子	25000	0	0	0	2	3	103	81	29	-300	0	34	21	2	10	0	0	2	0	0	10	880	330
1132031106	完美毁灭之靴+6	120	4	11	3	5208000	156	具有毁灭力量的靴子	27000	0	0	0	2	3	108	87	30	-300	0	36	23	2	10	0	0	2	0	0	10	885	330
1132031107	完美毁灭之靴+7	120	4	11	3	5208000	156	具有毁灭力量的靴子	29000	70	60000	0	2	3	113	93	31	-300	0	37	25	2	10	0	0	2	0	0	10	890	330
1132031108	完美毁灭之靴+8	120	5	11	3	5208000	156	具有毁灭力量的靴子	31000	170	60000	0	2	3	118	100	32	-300	0	39	26	2	10	0	0	2	0	0	10	895	330
1132031109	完美毁灭之靴+9	120	5	11	3	5208000	156	具有毁灭力量的靴子	33000	270	60000	0	2	3	123	106	33	-300	0	41	28	2	10	0	0	2	0	0	10	900	330
1132031110	完美毁灭之靴+10	120	6	11	3	5208000	156	具有毁灭力量的靴子	0	370	60000	0	2	3	128	112	34	-300	0	42	30	2	10	0	0	2	0	0	10	905	330
1132041100	神品毁灭之靴	120	0	11	4	8680000	260	具有毁灭力量的靴子	15000	0	0	0	2	3	78	50	24	-300	0	26	13	2	10	10	10	2	10	10	10	855	330
1132041101	神品毁灭之靴+1	120	0	11	4	8680000	260	具有毁灭力量的靴子	17000	0	0	0	2	3	83	56	25	-300	0	27	15	2	10	10	10	2	10	10	10	860	330
1132041102	神品毁灭之靴+2	120	0	11	4	8680000	260	具有毁灭力量的靴子	19000	0	0	0	2	3	88	62	26	-300	0	29	16	2	10	10	10	2	10	10	10	865	330
1132041103	神品毁灭之靴+3	120	4	11	4	8680000	260	具有毁灭力量的靴子	21000	0	0	0	2	3	93	68	27	-300	0	31	18	2	10	10	10	2	10	10	10	870	330
1132041104	神品毁灭之靴+4	120	4	11	4	8680000	260	具有毁灭力量的靴子	23000	0	0	0	2	3	98	75	28	-300	0	32	20	2	10	10	10	2	10	10	10	875	330
1132041105	神品毁灭之靴+5	120	5	11	4	8680000	260	具有毁灭力量的靴子	25000	0	0	0	2	3	103	81	29	-300	0	34	21	2	10	10	10	2	10	10	10	880	330
1132041106	神品毁灭之靴+6	120	5	11	4	8680000	260	具有毁灭力量的靴子	27000	0	0	0	2	3	108	87	30	-300	0	36	23	2	10	10	10	2	10	10	10	885	330
1132041107	神品毁灭之靴+7	120	5	11	4	8680000	260	具有毁灭力量的靴子	29000	0	0	0	2	3	113	93	31	-300	0	37	25	2	10	10	10	2	10	10	10	890	330
1132041108	神品毁灭之靴+8	120	6	11	4	8680000	260	具有毁灭力量的靴子	31000	0	0	0	2	3	118	100	32	-300	0	39	26	2	10	10	10	2	10	10	10	895	330
1132041109	神品毁灭之靴+9	120	6	11	4	8680000	260	具有毁灭力量的靴子	33000	0	0	0	2	3	123	106	33	-300	0	41	28	2	10	10	10	2	10	10	10	900	330
1132041110	神品毁灭之靴+10	120	7	11	4	8680000	260	具有毁灭力量的靴子	0	0	0	0	2	3	128	112	34	-300	0	42	30	2	10	10	10	2	10	10	10	905	330
1132031200	超级新手靴	0	0	4	3	770000	58	为新手准备的超级装备	1200	0	0	0	2	3	16	12	6	-300	0	5	3	2	10	0	0	2	0	0	10	315	120
1132031201	超级新手靴+1	0	0	4	3	770000	58	为新手准备的超级装备	1300	0	0	0	2	3	19	16	7	-300	0	6	4	2	10	0	0	2	0	0	10	320	120
1132031202	超级新手靴+2	0	0	4	3	770000	58	为新手准备的超级装备	1400	0	0	0	2	3	22	20	8	-300	0	7	5	2	10	0	0	2	0	0	10	325	120
1132031203	超级新手靴+3	0	5	4	3	770000	58	为新手准备的超级装备	1500	0	0	0	2	3	25	23	9	-300	0	8	6	2	10	0	0	2	0	0	10	330	120
1132031204	超级新手靴+4	0	5	4	3	770000	58	为新手准备的超级装备	1600	0	0	0	2	3	28	27	10	-300	0	9	7	2	10	0	0	2	0	0	10	335	120
1132031205	超级新手靴+5	0	6	4	3	770000	58	为新手准备的超级装备	1700	0	0	0	2	3	31	31	11	-300	0	10	8	2	10	0	0	2	0	0	10	340	120
1132031206	超级新手靴+6	0	6	4	3	770000	58	为新手准备的超级装备	1800	0	0	0	2	3	34	35	12	-300	0	11	9	2	10	0	0	2	0	0	10	345	120
1132031207	超级新手靴+7	0	6	4	3	770000	58	为新手准备的超级装备	1900	0	0	0	2	3	37	38	13	-300	0	12	10	2	10	0	0	2	0	0	10	350	120
1132031208	超级新手靴+8	0	7	4	3	770000	58	为新手准备的超级装备	2000	0	0	0	2	3	40	42	14	-300	0	13	11	2	10	0	0	2	0	0	10	355	120
1132031209	超级新手靴+9	0	7	4	3	770000	58	为新手准备的超级装备	2100	0	0	0	2	3	43	46	15	-300	0	14	12	2	10	0	0	2	0	0	10	360	120
1132031210	超级新手靴+10	0	8	4	3	770000	58	为新手准备的超级装备	0	0	0	0	2	3	46	50	16	-300	0	15	13	2	10	0	0	2	0	0	10	365	120
1132031300	超级小强之靴	36	0	7	3	6160000	462	为小强准备的超级装备	3000	0	0	0	2	3	37	27	15	-300	0	12	7	2	10	0	0	2	0	0	10	550	210
1132031301	超级小强之靴+1	36	0	7	3	6160000	462	为小强准备的超级装备	3500	0	0	0	2	3	41	32	16	-300	0	13	8	2	10	0	0	2	0	0	10	555	210
1132031302	超级小强之靴+2	36	0	7	3	6160000	462	为小强准备的超级装备	4000	0	0	0	2	3	45	37	17	-300	0	15	10	2	10	0	0	2	0	0	10	560	210
1132031303	超级小强之靴+3	36	5	7	3	6160000	462	为小强准备的超级装备	4500	0	0	0	2	3	49	42	18	-300	0	16	11	2	10	0	0	2	0	0	10	565	210
1132031304	超级小强之靴+4	36	5	7	3	6160000	462	为小强准备的超级装备	5000	0	0	0	2	3	53	47	19	-300	0	17	12	2	10	0	0	2	0	0	10	570	210
1132031305	超级小强之靴+5	36	6	7	3	6160000	462	为小强准备的超级装备	5500	0	0	0	2	3	57	52	20	-300	0	19	14	2	10	0	0	2	0	0	10	575	210
1132031306	超级小强之靴+6	36	6	7	3	6160000	462	为小强准备的超级装备	6000	0	0	0	2	3	61	57	21	-300	0	20	15	2	10	0	0	2	0	0	10	580	210
1132031307	超级小强之靴+7	36	6	7	3	6160000	462	为小强准备的超级装备	6500	0	0	0	2	3	65	62	22	-300	0	21	16	2	10	0	0	2	0	0	10	585	210
1132031308	超级小强之靴+8	36	7	7	3	6160000	462	为小强准备的超级装备	7000	0	0	0	2	3	69	67	23	-300	0	23	18	2	10	0	0	2	0	0	10	590	210
1132031309	超级小强之靴+9	36	7	7	3	6160000	462	为小强准备的超级装备	7500	0	0	0	2	3	73	72	24	-300	0	24	19	2	10	0	0	2	0	0	10	595	210
1132031310	超级小强之靴+10	36	8	7	3	6160000	462	为小强准备的超级装备	0	0	0	0	2	3	77	77	25	-300	0	25	20	2	10	0	0	2	0	0	10	600	210
1132031400	超级专业之靴	60	0	10	3	22000000	1650	为专业人士准备的超级装备	10000	0	0	0	2	3	66	43	22	-300	0	22	11	2	10	0	0	2	0	0	10	780	300
1132031401	超级专业之靴+1	60	0	10	3	22000000	1650	为专业人士准备的超级装备	11000	0	0	0	2	3	70	48	23	-300	0	23	13	2	10	0	0	2	0	0	10	785	300
1132031402	超级专业之靴+2	60	0	10	3	22000000	1650	为专业人士准备的超级装备	12000	0	0	0	2	3	74	53	24	-300	0	24	14	2	10	0	0	2	0	0	10	790	300
1132031403	超级专业之靴+3	60	5	10	3	22000000	1650	为专业人士准备的超级装备	13000	0	0	0	2	3	78	58	25	-300	0	26	15	2	10	0	0	2	0	0	10	795	300
1132031404	超级专业之靴+4	60	5	10	3	22000000	1650	为专业人士准备的超级装备	14000	0	0	0	2	3	82	63	26	-300	0	27	17	2	10	0	0	2	0	0	10	800	300
1132031405	超级专业之靴+5	60	6	10	3	22000000	1650	为专业人士准备的超级装备	15000	0	0	0	2	3	86	68	27	-300	0	28	18	2	10	0	0	2	0	0	10	805	300
1132031406	超级专业之靴+6	60	6	10	3	22000000	1650	为专业人士准备的超级装备	16000	0	0	0	2	3	90	73	28	-300	0	30	19	2	10	0	0	2	0	0	10	810	300
1132031407	超级专业之靴+7	60	6	10	3	22000000	1650	为专业人士准备的超级装备	17000	0	0	0	2	3	94	78	29	-300	0	31	21	2	10	0	0	2	0	0	10	815	300
1132031408	超级专业之靴+8	60	7	10	3	22000000	1650	为专业人士准备的超级装备	18000	0	0	0	2	3	98	83	30	-300	0	32	22	2	10	0	0	2	0	0	10	820	300
1132031409	超级专业之靴+9	60	7	10	3	22000000	1650	为专业人士准备的超级装备	19000	0	0	0	2	3	102	88	31	-300	0	34	23	2	10	0	0	2	0	0	10	825	300
1132031410	超级专业之靴+10	60	8	10	3	22000000	1650	为专业人士准备的超级装备	0	0	0	0	2	3	106	93	32	-300	0	35	25	2	10	0	0	2	0	0	10	830	300
1132031500	超级噬魂之靴	96	0	11	3	42000000	3150	恶魔的贡品	20000	0	0	0	2	3	94	58	29	-300	0	31	15	2	10	0	0	2	0	0	10	1010	390
1132031501	超级噬魂之靴+1	96	0	11	3	42000000	3150	恶魔的贡品	21000	0	0	0	2	3	98	62	30	-300	0	33	17	2	10	0	0	2	0	0	10	1015	390
1132031502	超级噬魂之靴+2	96	0	11	3	42000000	3150	恶魔的贡品	22000	0	0	0	2	3	102	66	31	-300	0	35	19	2	10	0	0	2	0	0	10	1020	390
1132031503	超级噬魂之靴+3	96	5	11	3	42000000	3150	恶魔的贡品	23000	0	0	0	2	3	106	70	32	-300	0	37	21	2	10	0	0	2	0	0	10	1025	390
1132031504	超级噬魂之靴+4	96	5	11	3	42000000	3150	恶魔的贡品	24000	0	0	0	2	3	110	74	33	-300	0	39	23	2	10	0	0	2	0	0	10	1030	390
1132031505	超级噬魂之靴+5	96	6	11	3	42000000	3150	恶魔的贡品	25000	0	0	0	2	3	114	78	34	-300	0	41	25	2	10	0	0	2	0	0	10	1035	390
1132031506	超级噬魂之靴+6	96	6	11	3	42000000	3150	恶魔的贡品	26000	0	0	0	2	3	118	82	35	-300	0	43	27	2	10	0	0	2	0	0	10	1040	390
1132031507	超级噬魂之靴+7	96	6	11	3	42000000	3150	恶魔的贡品	27000	0	0	0	2	3	122	86	36	-300	0	45	29	2	10	0	0	2	0	0	10	1045	390
1132031508	超级噬魂之靴+8	96	7	11	3	42000000	3150	恶魔的贡品	28000	0	0	0	2	3	126	90	37	-300	0	47	31	2	10	0	0	2	0	0	10	1050	390
1132031509	超级噬魂之靴+9	96	7	11	3	42000000	3150	恶魔的贡品	29000	0	0	0	2	3	130	94	38	-300	0	49	33	2	10	0	0	2	0	0	10	1055	390
1132031510	超级噬魂之靴+10	96	8	11	3	42000000	3150	恶魔的贡品	0	0	0	0	2	3	134	98	39	-300	0	51	35	2	10	0	0	2	0	0	10	1060	390
1132031600	超级化神之靴	120	0	12	3	60000000	4500	上帝的恩赐	30000	0	0	0	2	3	122	70	36	-300	0	45	21	2	10	0	0	2	0	0	10	1240	480
1132031601	超级化神之靴+1	120	0	12	3	60000000	4500	上帝的恩赐	31000	0	0	0	2	3	126	74	37	-300	0	47	23	2	10	0	0	2	0	0	10	1245	480
1132031602	超级化神之靴+2	120	0	12	3	60000000	4500	上帝的恩赐	32000	0	0	0	2	3	130	78	38	-300	0	49	25	2	10	0	0	2	0	0	10	1250	480
1132031603	超级化神之靴+3	120	5	12	3	60000000	4500	上帝的恩赐	33000	0	0	0	2	3	134	82	39	-300	0	51	27	2	10	0	0	2	0	0	10	1255	480
1132031604	超级化神之靴+4	120	5	12	3	60000000	4500	上帝的恩赐	34000	0	0	0	2	3	138	86	40	-300	0	53	29	2	10	0	0	2	0	0	10	1260	480
1132031605	超级化神之靴+5	120	6	12	3	60000000	4500	上帝的恩赐	35000	0	0	0	2	3	142	90	41	-300	0	55	31	2	10	0	0	2	0	0	10	1265	480
1132031606	超级化神之靴+6	120	6	12	3	60000000	4500	上帝的恩赐	36000	0	0	0	2	3	146	94	42	-300	0	57	33	2	10	0	0	2	0	0	10	1270	480
1132031607	超级化神之靴+7	120	6	12	3	60000000	4500	上帝的恩赐	37000	0	0	0	2	3	150	98	43	-300	0	59	35	2	10	0	0	2	0	0	10	1275	480
1132031608	超级化神之靴+8	120	7	12	3	60000000	4500	上帝的恩赐	38000	0	0	0	2	3	154	102	44	-300	0	61	37	2	10	0	0	2	0	0	10	1280	480
1132031609	超级化神之靴+9	120	7	12	3	60000000	4500	上帝的恩赐	39000	0	0	0	2	3	158	106	45	-300	0	63	39	2	10	0	0	2	0	0	10	1285	480
1132031610	超级化神之靴+10	120	8	12	3	60000000	4500	上帝的恩赐	0	0	0	0	2	3	162	110	46	-300	0	65	41	2	10	0	0	2	0	0	10	1290	480
