编号	名字	等级需求	图标	光影等级	套装样式	品质	金币	元宝	描述	升等费用	精炼几率	精炼费用	升级费用	种族要求	装备类型	物理防御	魔法防御	闪避	移动时间增加	格档	附加物理防御	附加魔法防御	物防加成（等级）	物防加成（强壮）	物防加成（敏捷）	物防加成（智慧）	魔防加成（等级）	魔防加成（强壮）	魔防加成（敏捷）	魔防加成（智慧）	附加生命上限	附加魔法上限
id	name	requiredLevel	icon	haloIndex	appearance	quality	moneyCost	treasureCost	description	increaseCost	refineRate	refineCost	upgradeCost	requiredRace	eType	physicalDefense	magicDefense	evadingAbility	stepTime	withstandingRate	extraPhysicalDefense	extraMagicDefense	pdLevelFactor	pdStrengthFactor	pdDexterityFactor	pdWisdomFactor	mdLevelFactor	mdStrengthFactor	mdDexterityFactor	mdWisdomFactor	lifeRaised	manaRaised
1112000100	轻型铠甲	0	1	0	0	0	9	0	一般士兵所用的轻型铠甲	0	0	0	0	2	1	3	1	0	0	0	0	0	0	0	0	0	0	0	0	0	0	0
1112000101	轻型铠甲+1	0	1	0	0	0	9	0	一般士兵所用的轻型铠甲	0	0	0	0	2	1	5	3	0	0	0	0	0	0	0	0	0	0	0	0	0	0	0
1112000102	轻型铠甲+2	0	1	0	0	0	9	0	一般士兵所用的轻型铠甲	0	0	0	0	2	1	7	5	0	0	0	0	0	0	0	0	0	0	0	0	0	0	0
1112000103	轻型铠甲+3	0	1	0	0	0	9	0	一般士兵所用的轻型铠甲	0	0	0	0	2	1	9	7	0	0	0	0	0	0	0	0	0	0	0	0	0	0	0
1112000104	轻型铠甲+4	0	1	0	0	0	9	0	一般士兵所用的轻型铠甲	0	0	0	0	2	1	11	9	0	0	0	0	0	0	0	0	0	0	0	0	0	0	0
1112000105	轻型铠甲+5	0	1	0	0	0	9	0	一般士兵所用的轻型铠甲	0	0	0	0	2	1	13	11	0	0	0	0	0	0	0	0	0	0	0	0	0	0	0
1112000106	轻型铠甲+6	0	1	0	0	0	9	0	一般士兵所用的轻型铠甲	0	0	0	0	2	1	15	13	0	0	0	0	0	0	0	0	0	0	0	0	0	0	0
1112000107	轻型铠甲+7	0	1	0	0	0	9	0	一般士兵所用的轻型铠甲	0	0	0	0	2	1	17	15	0	0	0	0	0	0	0	0	0	0	0	0	0	0	0
1112000108	轻型铠甲+8	0	1	0	0	0	9	0	一般士兵所用的轻型铠甲	0	0	0	0	2	1	19	17	0	0	0	0	0	0	0	0	0	0	0	0	0	0	0
1112000109	轻型铠甲+9	0	1	0	0	0	9	0	一般士兵所用的轻型铠甲	0	0	0	0	2	1	21	19	0	0	0	0	0	0	0	0	0	0	0	0	0	0	0
1112000110	轻型铠甲+10	0	1	0	0	0	9	0	一般士兵所用的轻型铠甲	0	0	0	0	2	1	23	21	0	0	0	0	0	0	0	0	0	0	0	0	0	0	0
1112000200	精铁铠甲	12	2	0	0	0	750	0	精铁打造而成的铠甲	500	0	0	0	2	1	16	11	0	0	0	0	0	0	0	0	0	0	0	0	0	60	0
1112000201	精铁铠甲+1	12	2	0	0	0	750	0	精铁打造而成的铠甲	600	0	0	0	2	1	18	13	0	0	0	0	0	0	0	0	0	0	0	0	0	65	0
1112000202	精铁铠甲+2	12	2	0	0	0	750	0	精铁打造而成的铠甲	700	0	0	0	2	1	20	15	0	0	0	0	0	0	0	0	0	0	0	0	0	70	0
1112000203	精铁铠甲+3	12	2	0	0	0	750	0	精铁打造而成的铠甲	800	10000	500	0	2	1	22	17	0	0	0	0	0	0	0	0	0	0	0	0	0	75	0
1112000204	精铁铠甲+4	12	2	0	0	0	750	0	精铁打造而成的铠甲	900	10000	500	0	2	1	24	19	0	0	0	0	0	0	0	0	0	0	0	0	0	80	0
1112000205	精铁铠甲+5	12	2	0	0	0	750	0	精铁打造而成的铠甲	1000	10000	500	0	2	1	26	22	0	0	0	0	0	0	0	0	0	0	0	0	0	85	0
1112000206	精铁铠甲+6	12	2	0	0	0	750	0	精铁打造而成的铠甲	1100	10000	500	0	2	1	28	24	0	0	0	0	0	0	0	0	0	0	0	0	0	90	0
1112000207	精铁铠甲+7	12	2	0	0	0	750	0	精铁打造而成的铠甲	1200	10000	500	0	2	1	30	26	0	0	0	0	0	0	0	0	0	0	0	0	0	95	0
1112000208	精铁铠甲+8	12	2	0	0	0	750	0	精铁打造而成的铠甲	1300	10000	500	0	2	1	32	28	0	0	0	0	0	0	0	0	0	0	0	0	0	100	0
1112000209	精铁铠甲+9	12	2	0	0	0	750	0	精铁打造而成的铠甲	1400	10000	500	0	2	1	34	30	0	0	0	0	0	0	0	0	0	0	0	0	0	105	0
1112000210	精铁铠甲+10	12	2	0	0	0	750	0	精铁打造而成的铠甲	0	10000	500	0	2	1	36	33	0	0	0	0	0	0	0	0	0	0	0	0	0	110	0
1112010200	精品精铁铠甲	12	2	0	0	1	750	0	精铁打造而成的铠甲	500	0	0	0	2	1	16	11	0	0	0	5	3	0	0	0	0	0	0	0	0	60	0
1112010201	精品精铁铠甲+1	12	2	0	0	1	750	0	精铁打造而成的铠甲	600	0	0	0	2	1	18	13	0	0	0	6	4	0	0	0	0	0	0	0	0	65	0
1112010202	精品精铁铠甲+2	12	2	0	0	1	750	0	精铁打造而成的铠甲	700	0	0	0	2	1	20	15	0	0	0	6	4	0	0	0	0	0	0	0	0	70	0
1112010203	精品精铁铠甲+3	12	2	1	0	1	750	0	精铁打造而成的铠甲	800	0	0	0	2	1	22	17	0	0	0	7	5	0	0	0	0	0	0	0	0	75	0
1112010204	精品精铁铠甲+4	12	2	1	0	1	750	0	精铁打造而成的铠甲	900	5000	1000	0	2	1	24	19	0	0	0	8	6	0	0	0	0	0	0	0	0	80	0
1112010205	精品精铁铠甲+5	12	2	2	0	1	750	0	精铁打造而成的铠甲	1000	6000	1000	0	2	1	26	22	0	0	0	8	6	0	0	0	0	0	0	0	0	85	0
1112010206	精品精铁铠甲+6	12	2	2	0	1	750	0	精铁打造而成的铠甲	1100	7000	1000	0	2	1	28	24	0	0	0	9	7	0	0	0	0	0	0	0	0	90	0
1112010207	精品精铁铠甲+7	12	2	2	0	1	750	0	精铁打造而成的铠甲	1200	8000	1000	0	2	1	30	26	0	0	0	10	8	0	0	0	0	0	0	0	0	95	0
1112010208	精品精铁铠甲+8	12	2	3	0	1	750	0	精铁打造而成的铠甲	1300	9000	1000	0	2	1	32	28	0	0	0	10	8	0	0	0	0	0	0	0	0	100	0
1112010209	精品精铁铠甲+9	12	2	3	0	1	750	0	精铁打造而成的铠甲	1400	10000	1000	0	2	1	34	30	0	0	0	11	9	0	0	0	0	0	0	0	0	105	0
1112010210	精品精铁铠甲+10	12	2	4	0	1	750	0	精铁打造而成的铠甲	0	10000	1000	0	2	1	36	33	0	0	0	12	10	0	0	0	0	0	0	0	0	110	0
1112020200	极品精铁铠甲	12	2	0	0	2	750	0	精铁打造而成的铠甲	500	0	0	0	2	1	16	11	0	0	0	5	3	2	0	0	0	2	0	0	0	60	0
1112020201	极品精铁铠甲+1	12	2	0	0	2	750	0	精铁打造而成的铠甲	600	0	0	0	2	1	18	13	0	0	0	6	4	2	0	0	0	2	0	0	0	65	0
1112020202	极品精铁铠甲+2	12	2	0	0	2	750	0	精铁打造而成的铠甲	700	0	0	0	2	1	20	15	0	0	0	6	4	2	0	0	0	2	0	0	0	70	0
1112020203	极品精铁铠甲+3	12	2	2	0	2	750	0	精铁打造而成的铠甲	800	0	0	0	2	1	22	17	0	0	0	7	5	2	0	0	0	2	0	0	0	75	0
1112020204	极品精铁铠甲+4	12	2	2	0	2	750	0	精铁打造而成的铠甲	900	0	0	0	2	1	24	19	0	0	0	8	6	2	0	0	0	2	0	0	0	80	0
1112020205	极品精铁铠甲+5	12	2	3	0	2	750	0	精铁打造而成的铠甲	1000	2500	1500	0	2	1	26	22	0	0	0	8	6	2	0	0	0	2	0	0	0	85	0
1112020206	极品精铁铠甲+6	12	2	3	0	2	750	0	精铁打造而成的铠甲	1100	3500	1500	0	2	1	28	24	0	0	0	9	7	2	0	0	0	2	0	0	0	90	0
1112020207	极品精铁铠甲+7	12	2	3	0	2	750	0	精铁打造而成的铠甲	1200	4500	1500	0	2	1	30	26	0	0	0	10	8	2	0	0	0	2	0	0	0	95	0
1112020208	极品精铁铠甲+8	12	2	4	0	2	750	0	精铁打造而成的铠甲	1300	5500	1500	0	2	1	32	28	0	0	0	10	8	2	0	0	0	2	0	0	0	100	0
1112020209	极品精铁铠甲+9	12	2	4	0	2	750	0	精铁打造而成的铠甲	1400	7000	1500	0	2	1	34	30	0	0	0	11	9	2	0	0	0	2	0	0	0	105	0
1112020210	极品精铁铠甲+10	12	2	5	0	2	750	0	精铁打造而成的铠甲	0	10000	1500	0	2	1	36	33	0	0	0	12	10	2	0	0	0	2	0	0	0	110	0
1112030200	完美精铁铠甲	12	2	0	0	3	120000	24	精铁打造而成的铠甲	500	0	0	48	2	1	16	11	0	0	0	5	3	2	10	0	0	2	0	0	10	160	60
1112030201	完美精铁铠甲+1	12	2	0	0	3	120000	24	精铁打造而成的铠甲	600	0	0	48	2	1	18	13	0	0	0	6	4	2	10	0	0	2	0	0	10	165	60
1112030202	完美精铁铠甲+2	12	2	0	0	3	120000	24	精铁打造而成的铠甲	700	0	0	48	2	1	20	15	0	0	0	6	4	2	10	0	0	2	0	0	10	170	60
1112030203	完美精铁铠甲+3	12	2	3	0	3	120000	24	精铁打造而成的铠甲	800	0	0	48	2	1	22	17	0	0	0	7	5	2	10	0	0	2	0	0	10	175	60
1112030204	完美精铁铠甲+4	12	2	3	0	3	120000	24	精铁打造而成的铠甲	900	0	0	48	2	1	24	19	0	0	0	8	6	2	10	0	0	2	0	0	10	180	60
1112030205	完美精铁铠甲+5	12	2	4	0	3	120000	24	精铁打造而成的铠甲	1000	0	0	48	2	1	26	22	0	0	0	8	6	2	10	0	0	2	0	0	10	185	60
1112030206	完美精铁铠甲+6	12	2	4	0	3	120000	24	精铁打造而成的铠甲	1100	0	0	48	2	1	28	24	0	0	0	9	7	2	10	0	0	2	0	0	10	190	60
1112030207	完美精铁铠甲+7	12	2	4	0	3	120000	24	精铁打造而成的铠甲	1200	1000	2000	48	2	1	30	26	0	0	0	10	8	2	10	0	0	2	0	0	10	195	60
1112030208	完美精铁铠甲+8	12	2	5	0	3	120000	24	精铁打造而成的铠甲	1300	1100	2000	48	2	1	32	28	0	0	0	10	8	2	10	0	0	2	0	0	10	200	60
1112030209	完美精铁铠甲+9	12	2	5	0	3	120000	24	精铁打造而成的铠甲	1400	1200	2000	48	2	1	34	30	0	0	0	11	9	2	10	0	0	2	0	0	10	205	60
1112030210	完美精铁铠甲+10	12	2	6	0	3	120000	24	精铁打造而成的铠甲	0	1300	2000	48	2	1	36	33	0	0	0	12	10	2	10	0	0	2	0	0	10	210	60
1112040200	神品精铁铠甲	12	2	0	0	4	200000	40	精铁打造而成的铠甲	500	0	0	80	2	1	16	11	0	0	0	5	3	2	10	10	10	2	10	10	10	160	60
1112040201	神品精铁铠甲+1	12	2	0	0	4	200000	40	精铁打造而成的铠甲	600	0	0	80	2	1	18	13	0	0	0	6	4	2	10	10	10	2	10	10	10	165	60
1112040202	神品精铁铠甲+2	12	2	0	0	4	200000	40	精铁打造而成的铠甲	700	0	0	80	2	1	20	15	0	0	0	6	4	2	10	10	10	2	10	10	10	170	60
1112040203	神品精铁铠甲+3	12	2	4	0	4	200000	40	精铁打造而成的铠甲	800	0	0	80	2	1	22	17	0	0	0	7	5	2	10	10	10	2	10	10	10	175	60
1112040204	神品精铁铠甲+4	12	2	4	0	4	200000	40	精铁打造而成的铠甲	900	0	0	80	2	1	24	19	0	0	0	8	6	2	10	10	10	2	10	10	10	180	60
1112040205	神品精铁铠甲+5	12	2	5	0	4	200000	40	精铁打造而成的铠甲	1000	0	0	80	2	1	26	22	0	0	0	8	6	2	10	10	10	2	10	10	10	185	60
1112040206	神品精铁铠甲+6	12	2	5	0	4	200000	40	精铁打造而成的铠甲	1100	0	0	80	2	1	28	24	0	0	0	9	7	2	10	10	10	2	10	10	10	190	60
1112040207	神品精铁铠甲+7	12	2	5	0	4	200000	40	精铁打造而成的铠甲	1200	0	0	80	2	1	30	26	0	0	0	10	8	2	10	10	10	2	10	10	10	195	60
1112040208	神品精铁铠甲+8	12	2	6	0	4	200000	40	精铁打造而成的铠甲	1300	0	0	80	2	1	32	28	0	0	0	10	8	2	10	10	10	2	10	10	10	200	60
1112040209	神品精铁铠甲+9	12	2	6	0	4	200000	40	精铁打造而成的铠甲	1400	0	0	80	2	1	34	30	0	0	0	11	9	2	10	10	10	2	10	10	10	205	60
1112040210	神品精铁铠甲+10	12	2	7	0	4	200000	40	精铁打造而成的铠甲	0	0	0	80	2	1	36	33	0	0	0	12	10	2	10	10	10	2	10	10	10	210	60
1112000300	青狼铠甲	24	3	0	0	0	1125	0	有青狼印记的铠甲	800	0	0	0	2	1	30	24	0	0	0	0	0	0	0	0	0	0	0	0	0	90	0
1112000301	青狼铠甲+1	24	3	0	0	0	1125	0	有青狼印记的铠甲	900	0	0	0	2	1	33	27	0	0	0	0	0	0	0	0	0	0	0	0	0	95	0
1112000302	青狼铠甲+2	24	3	0	0	0	1125	0	有青狼印记的铠甲	1000	0	0	0	2	1	36	31	0	0	0	0	0	0	0	0	0	0	0	0	0	100	0
1112000303	青狼铠甲+3	24	3	0	0	0	1125	0	有青狼印记的铠甲	1100	10000	1500	0	2	1	39	34	0	0	0	0	0	0	0	0	0	0	0	0	0	105	0
1112000304	青狼铠甲+4	24	3	0	0	0	1125	0	有青狼印记的铠甲	1200	10000	1500	0	2	1	42	38	0	0	0	0	0	0	0	0	0	0	0	0	0	110	0
1112000305	青狼铠甲+5	24	3	0	0	0	1125	0	有青狼印记的铠甲	1300	10000	1500	0	2	1	45	42	0	0	0	0	0	0	0	0	0	0	0	0	0	115	0
1112000306	青狼铠甲+6	24	3	0	0	0	1125	0	有青狼印记的铠甲	1400	10000	1500	0	2	1	48	45	0	0	0	0	0	0	0	0	0	0	0	0	0	120	0
1112000307	青狼铠甲+7	24	3	0	0	0	1125	0	有青狼印记的铠甲	1500	10000	1500	0	2	1	51	49	0	0	0	0	0	0	0	0	0	0	0	0	0	125	0
1112000308	青狼铠甲+8	24	3	0	0	0	1125	0	有青狼印记的铠甲	1600	10000	1500	0	2	1	54	52	0	0	0	0	0	0	0	0	0	0	0	0	0	130	0
1112000309	青狼铠甲+9	24	3	0	0	0	1125	0	有青狼印记的铠甲	1700	10000	1500	0	2	1	57	56	0	0	0	0	0	0	0	0	0	0	0	0	0	135	0
1112000310	青狼铠甲+10	24	3	0	0	0	1125	0	有青狼印记的铠甲	0	10000	1500	0	2	1	60	60	0	0	0	0	0	0	0	0	0	0	0	0	0	140	0
1112010300	精品青狼铠甲	24	3	0	0	1	1125	0	有青狼印记的铠甲	800	0	0	0	2	1	30	24	0	0	0	10	6	0	0	0	0	0	0	0	0	90	0
1112010301	精品青狼铠甲+1	24	3	0	0	1	1125	0	有青狼印记的铠甲	900	0	0	0	2	1	33	27	0	0	0	11	7	0	0	0	0	0	0	0	0	95	0
1112010302	精品青狼铠甲+2	24	3	0	0	1	1125	0	有青狼印记的铠甲	1000	0	0	0	2	1	36	31	0	0	0	12	8	0	0	0	0	0	0	0	0	100	0
1112010303	精品青狼铠甲+3	24	3	1	0	1	1125	0	有青狼印记的铠甲	1100	0	0	0	2	1	39	34	0	0	0	13	9	0	0	0	0	0	0	0	0	105	0
1112010304	精品青狼铠甲+4	24	3	1	0	1	1125	0	有青狼印记的铠甲	1200	5000	2000	0	2	1	42	38	0	0	0	14	10	0	0	0	0	0	0	0	0	110	0
1112010305	精品青狼铠甲+5	24	3	2	0	1	1125	0	有青狼印记的铠甲	1300	6000	2000	0	2	1	45	42	0	0	0	15	11	0	0	0	0	0	0	0	0	115	0
1112010306	精品青狼铠甲+6	24	3	2	0	1	1125	0	有青狼印记的铠甲	1400	7000	2000	0	2	1	48	45	0	0	0	16	12	0	0	0	0	0	0	0	0	120	0
1112010307	精品青狼铠甲+7	24	3	2	0	1	1125	0	有青狼印记的铠甲	1500	8000	2000	0	2	1	51	49	0	0	0	17	13	0	0	0	0	0	0	0	0	125	0
1112010308	精品青狼铠甲+8	24	3	3	0	1	1125	0	有青狼印记的铠甲	1600	9000	2000	0	2	1	54	52	0	0	0	18	14	0	0	0	0	0	0	0	0	130	0
1112010309	精品青狼铠甲+9	24	3	3	0	1	1125	0	有青狼印记的铠甲	1700	10000	2000	0	2	1	57	56	0	0	0	19	15	0	0	0	0	0	0	0	0	135	0
1112010310	精品青狼铠甲+10	24	3	4	0	1	1125	0	有青狼印记的铠甲	0	10000	2000	0	2	1	60	60	0	0	0	20	16	0	0	0	0	0	0	0	0	140	0
1112020300	极品青狼铠甲	24	3	0	0	2	1125	0	有青狼印记的铠甲	800	0	0	0	2	1	30	24	0	0	0	10	6	2	0	0	0	2	0	0	0	90	0
1112020301	极品青狼铠甲+1	24	3	0	0	2	1125	0	有青狼印记的铠甲	900	0	0	0	2	1	33	27	0	0	0	11	7	2	0	0	0	2	0	0	0	95	0
1112020302	极品青狼铠甲+2	24	3	0	0	2	1125	0	有青狼印记的铠甲	1000	0	0	0	2	1	36	31	0	0	0	12	8	2	0	0	0	2	0	0	0	100	0
1112020303	极品青狼铠甲+3	24	3	2	0	2	1125	0	有青狼印记的铠甲	1100	0	0	0	2	1	39	34	0	0	0	13	9	2	0	0	0	2	0	0	0	105	0
1112020304	极品青狼铠甲+4	24	3	2	0	2	1125	0	有青狼印记的铠甲	1200	0	0	0	2	1	42	38	0	0	0	14	10	2	0	0	0	2	0	0	0	110	0
1112020305	极品青狼铠甲+5	24	3	3	0	2	1125	0	有青狼印记的铠甲	1300	2500	2500	0	2	1	45	42	0	0	0	15	11	2	0	0	0	2	0	0	0	115	0
1112020306	极品青狼铠甲+6	24	3	3	0	2	1125	0	有青狼印记的铠甲	1400	3500	2500	0	2	1	48	45	0	0	0	16	12	2	0	0	0	2	0	0	0	120	0
1112020307	极品青狼铠甲+7	24	3	3	0	2	1125	0	有青狼印记的铠甲	1500	4500	2500	0	2	1	51	49	0	0	0	17	13	2	0	0	0	2	0	0	0	125	0
1112020308	极品青狼铠甲+8	24	3	4	0	2	1125	0	有青狼印记的铠甲	1600	5500	2500	0	2	1	54	52	0	0	0	18	14	2	0	0	0	2	0	0	0	130	0
1112020309	极品青狼铠甲+9	24	3	4	0	2	1125	0	有青狼印记的铠甲	1700	7000	2500	0	2	1	57	56	0	0	0	19	15	2	0	0	0	2	0	0	0	135	0
1112020310	极品青狼铠甲+10	24	3	5	0	2	1125	0	有青狼印记的铠甲	0	10000	2500	0	2	1	60	60	0	0	0	20	16	2	0	0	0	2	0	0	0	140	0
1112030300	完美青狼铠甲	24	3	0	0	3	240000	36	有青狼印记的铠甲	800	0	0	144	2	1	30	24	0	0	0	10	6	2	10	0	0	2	0	0	10	240	90
1112030301	完美青狼铠甲+1	24	3	0	0	3	240000	36	有青狼印记的铠甲	900	0	0	144	2	1	33	27	0	0	0	11	7	2	10	0	0	2	0	0	10	245	90
1112030302	完美青狼铠甲+2	24	3	0	0	3	240000	36	有青狼印记的铠甲	1000	0	0	144	2	1	36	31	0	0	0	12	8	2	10	0	0	2	0	0	10	250	90
1112030303	完美青狼铠甲+3	24	3	3	0	3	240000	36	有青狼印记的铠甲	1100	0	0	144	2	1	39	34	0	0	0	13	9	2	10	0	0	2	0	0	10	255	90
1112030304	完美青狼铠甲+4	24	3	3	0	3	240000	36	有青狼印记的铠甲	1200	0	0	144	2	1	42	38	0	0	0	14	10	2	10	0	0	2	0	0	10	260	90
1112030305	完美青狼铠甲+5	24	3	4	0	3	240000	36	有青狼印记的铠甲	1300	0	0	144	2	1	45	42	0	0	0	15	11	2	10	0	0	2	0	0	10	265	90
1112030306	完美青狼铠甲+6	24	3	4	0	3	240000	36	有青狼印记的铠甲	1400	0	0	144	2	1	48	45	0	0	0	16	12	2	10	0	0	2	0	0	10	270	90
1112030307	完美青狼铠甲+7	24	3	4	0	3	240000	36	有青狼印记的铠甲	1500	1000	3000	144	2	1	51	49	0	0	0	17	13	2	10	0	0	2	0	0	10	275	90
1112030308	完美青狼铠甲+8	24	3	5	0	3	240000	36	有青狼印记的铠甲	1600	2000	3000	144	2	1	54	52	0	0	0	18	14	2	10	0	0	2	0	0	10	280	90
1112030309	完美青狼铠甲+9	24	3	5	0	3	240000	36	有青狼印记的铠甲	1700	3000	3000	144	2	1	57	56	0	0	0	19	15	2	10	0	0	2	0	0	10	285	90
1112030310	完美青狼铠甲+10	24	3	6	0	3	240000	36	有青狼印记的铠甲	0	4000	3000	144	2	1	60	60	0	0	0	20	16	2	10	0	0	2	0	0	10	290	90
1112040300	神品青狼铠甲	24	3	0	0	4	400000	60	有青狼印记的铠甲	800	0	0	240	2	1	30	24	0	0	0	10	6	2	10	10	10	2	10	10	10	240	90
1112040301	神品青狼铠甲+1	24	3	0	0	4	400000	60	有青狼印记的铠甲	900	0	0	240	2	1	33	27	0	0	0	11	7	2	10	10	10	2	10	10	10	245	90
1112040302	神品青狼铠甲+2	24	3	0	0	4	400000	60	有青狼印记的铠甲	1000	0	0	240	2	1	36	31	0	0	0	12	8	2	10	10	10	2	10	10	10	250	90
1112040303	神品青狼铠甲+3	24	3	4	0	4	400000	60	有青狼印记的铠甲	1100	0	0	240	2	1	39	34	0	0	0	13	9	2	10	10	10	2	10	10	10	255	90
1112040304	神品青狼铠甲+4	24	3	4	0	4	400000	60	有青狼印记的铠甲	1200	0	0	240	2	1	42	38	0	0	0	14	10	2	10	10	10	2	10	10	10	260	90
1112040305	神品青狼铠甲+5	24	3	5	0	4	400000	60	有青狼印记的铠甲	1300	0	0	240	2	1	45	42	0	0	0	15	11	2	10	10	10	2	10	10	10	265	90
1112040306	神品青狼铠甲+6	24	3	5	0	4	400000	60	有青狼印记的铠甲	1400	0	0	240	2	1	48	45	0	0	0	16	12	2	10	10	10	2	10	10	10	270	90
1112040307	神品青狼铠甲+7	24	3	5	0	4	400000	60	有青狼印记的铠甲	1500	0	0	240	2	1	51	49	0	0	0	17	13	2	10	10	10	2	10	10	10	275	90
1112040308	神品青狼铠甲+8	24	3	6	0	4	400000	60	有青狼印记的铠甲	1600	0	0	240	2	1	54	52	0	0	0	18	14	2	10	10	10	2	10	10	10	280	90
1112040309	神品青狼铠甲+9	24	3	6	0	4	400000	60	有青狼印记的铠甲	1700	0	0	240	2	1	57	56	0	0	0	19	15	2	10	10	10	2	10	10	10	285	90
1112040310	神品青狼铠甲+10	24	3	7	0	4	400000	60	有青狼印记的铠甲	0	0	0	240	2	1	60	60	0	0	0	20	16	2	10	10	10	2	10	10	10	290	90
1112000400	光芒铠甲	36	4	0	1	0	1687	0	散发出点点光芒的铠甲	1200	0	0	0	2	1	48	37	0	0	0	0	0	0	0	0	0	0	0	0	0	115	0
1112000401	光芒铠甲+1	36	4	0	1	0	1687	0	散发出点点光芒的铠甲	1300	0	0	0	2	1	51	40	0	0	0	0	0	0	0	0	0	0	0	0	0	120	0
1112000402	光芒铠甲+2	36	4	0	1	0	1687	0	散发出点点光芒的铠甲	1400	0	3000	0	2	1	54	44	0	0	0	0	0	0	0	0	0	0	0	0	0	125	0
1112000403	光芒铠甲+3	36	4	0	1	0	1687	0	散发出点点光芒的铠甲	1500	10000	3000	0	2	1	57	48	0	0	0	0	0	0	0	0	0	0	0	0	0	130	0
1112000404	光芒铠甲+4	36	4	0	1	0	1687	0	散发出点点光芒的铠甲	1600	10000	3000	0	2	1	60	51	0	0	0	0	0	0	0	0	0	0	0	0	0	135	0
1112000405	光芒铠甲+5	36	4	0	1	0	1687	0	散发出点点光芒的铠甲	1700	10000	3000	0	2	1	63	55	0	0	0	0	0	0	0	0	0	0	0	0	0	140	0
1112000406	光芒铠甲+6	36	4	0	1	0	1687	0	散发出点点光芒的铠甲	1800	10000	3000	0	2	1	66	58	0	0	0	0	0	0	0	0	0	0	0	0	0	145	0
1112000407	光芒铠甲+7	36	4	0	1	0	1687	0	散发出点点光芒的铠甲	1900	10000	3000	0	2	1	69	62	0	0	0	0	0	0	0	0	0	0	0	0	0	150	0
1112000408	光芒铠甲+8	36	4	0	1	0	1687	0	散发出点点光芒的铠甲	2000	10000	3000	0	2	1	72	66	0	0	0	0	0	0	0	0	0	0	0	0	0	155	0
1112000409	光芒铠甲+9	36	4	0	1	0	1687	0	散发出点点光芒的铠甲	2100	10000	3000	0	2	1	75	69	0	0	0	0	0	0	0	0	0	0	0	0	0	160	0
1112000410	光芒铠甲+10	36	4	0	1	0	1687	0	散发出点点光芒的铠甲	0	10000	3000	0	2	1	78	73	0	0	0	0	0	0	0	0	0	0	0	0	0	165	0
1112010400	精品光芒铠甲	36	4	0	1	1	1687	0	散发出点点光芒的铠甲	1200	0	0	0	2	1	48	37	0	0	0	16	10	0	0	0	0	0	0	0	0	115	0
1112010401	精品光芒铠甲+1	36	4	0	1	1	1687	0	散发出点点光芒的铠甲	1300	0	0	0	2	1	51	40	0	0	0	17	11	0	0	0	0	0	0	0	0	120	0
1112010402	精品光芒铠甲+2	36	4	0	1	1	1687	0	散发出点点光芒的铠甲	1400	0	0	0	2	1	54	44	0	0	0	18	12	0	0	0	0	0	0	0	0	125	0
1112010403	精品光芒铠甲+3	36	4	1	1	1	1687	0	散发出点点光芒的铠甲	1500	0	0	0	2	1	57	48	0	0	0	19	13	0	0	0	0	0	0	0	0	130	0
1112010404	精品光芒铠甲+4	36	4	1	1	1	1687	0	散发出点点光芒的铠甲	1600	5000	4000	0	2	1	60	51	0	0	0	20	14	0	0	0	0	0	0	0	0	135	0
1112010405	精品光芒铠甲+5	36	4	2	1	1	1687	0	散发出点点光芒的铠甲	1700	6000	4000	0	2	1	63	55	0	0	0	21	15	0	0	0	0	0	0	0	0	140	0
1112010406	精品光芒铠甲+6	36	4	2	1	1	1687	0	散发出点点光芒的铠甲	1800	7000	4000	0	2	1	66	58	0	0	0	22	16	0	0	0	0	0	0	0	0	145	0
1112010407	精品光芒铠甲+7	36	4	2	1	1	1687	0	散发出点点光芒的铠甲	1900	8000	4000	0	2	1	69	62	0	0	0	23	17	0	0	0	0	0	0	0	0	150	0
1112010408	精品光芒铠甲+8	36	4	3	1	1	1687	0	散发出点点光芒的铠甲	2000	9000	4000	0	2	1	72	66	0	0	0	24	18	0	0	0	0	0	0	0	0	155	0
1112010409	精品光芒铠甲+9	36	4	3	1	1	1687	0	散发出点点光芒的铠甲	2100	10000	4000	0	2	1	75	69	0	0	0	25	19	0	0	0	0	0	0	0	0	160	0
1112010410	精品光芒铠甲+10	36	4	4	1	1	1687	0	散发出点点光芒的铠甲	0	10000	4000	0	2	1	78	73	0	0	0	26	20	0	0	0	0	0	0	0	0	165	0
1112020400	极品光芒铠甲	36	4	0	1	2	1687	0	散发出点点光芒的铠甲	1200	0	0	0	2	1	48	37	0	0	0	16	10	2	0	0	0	2	0	0	0	115	0
1112020401	极品光芒铠甲+1	36	4	0	1	2	1687	0	散发出点点光芒的铠甲	1300	0	0	0	2	1	51	40	0	0	0	17	11	2	0	0	0	2	0	0	0	120	0
1112020402	极品光芒铠甲+2	36	4	0	1	2	1687	0	散发出点点光芒的铠甲	1400	0	0	0	2	1	54	44	0	0	0	18	12	2	0	0	0	2	0	0	0	125	0
1112020403	极品光芒铠甲+3	36	4	2	1	2	1687	0	散发出点点光芒的铠甲	1500	0	0	0	2	1	57	48	0	0	0	19	13	2	0	0	0	2	0	0	0	130	0
1112020404	极品光芒铠甲+4	36	4	2	1	2	1687	0	散发出点点光芒的铠甲	1600	0	0	0	2	1	60	51	0	0	0	20	14	2	0	0	0	2	0	0	0	135	0
1112020405	极品光芒铠甲+5	36	4	3	1	2	1687	0	散发出点点光芒的铠甲	1700	1000	5000	0	2	1	63	55	0	0	0	21	15	2	0	0	0	2	0	0	0	140	0
1112020406	极品光芒铠甲+6	36	4	3	1	2	1687	0	散发出点点光芒的铠甲	1800	2000	5000	0	2	1	66	58	0	0	0	22	16	2	0	0	0	2	0	0	0	145	0
1112020407	极品光芒铠甲+7	36	4	3	1	2	1687	0	散发出点点光芒的铠甲	1900	3500	5000	0	2	1	69	62	0	0	0	23	17	2	0	0	0	2	0	0	0	150	0
1112020408	极品光芒铠甲+8	36	4	4	1	2	1687	0	散发出点点光芒的铠甲	2000	5000	5000	0	2	1	72	66	0	0	0	24	18	2	0	0	0	2	0	0	0	155	0
1112020409	极品光芒铠甲+9	36	4	4	1	2	1687	0	散发出点点光芒的铠甲	2100	7000	5000	0	2	1	75	69	0	0	0	25	19	2	0	0	0	2	0	0	0	160	0
1112020410	极品光芒铠甲+10	36	4	5	1	2	1687	0	散发出点点光芒的铠甲	0	10000	5000	0	2	1	78	73	0	0	0	26	20	2	0	0	0	2	0	0	0	165	0
1112030400	完美光芒铠甲	36	4	0	1	3	600000	45	散发出点点光芒的铠甲	1200	0	0	144	2	1	48	37	0	0	0	16	10	2	10	0	0	2	0	0	10	315	120
1112030401	完美光芒铠甲+1	36	4	0	1	3	600000	45	散发出点点光芒的铠甲	1300	0	0	144	2	1	51	40	0	0	0	17	11	2	10	0	0	2	0	0	10	320	120
1112030402	完美光芒铠甲+2	36	4	0	1	3	600000	45	散发出点点光芒的铠甲	1400	0	0	144	2	1	54	44	0	0	0	18	12	2	10	0	0	2	0	0	10	325	120
1112030403	完美光芒铠甲+3	36	4	3	1	3	600000	45	散发出点点光芒的铠甲	1500	0	0	144	2	1	57	48	0	0	0	19	13	2	10	0	0	2	0	0	10	330	120
1112030404	完美光芒铠甲+4	36	4	3	1	3	600000	45	散发出点点光芒的铠甲	1600	0	0	144	2	1	60	51	0	0	0	20	14	2	10	0	0	2	0	0	10	335	120
1112030405	完美光芒铠甲+5	36	4	4	1	3	600000	45	散发出点点光芒的铠甲	1700	0	0	144	2	1	63	55	0	0	0	21	15	2	10	0	0	2	0	0	10	340	120
1112030406	完美光芒铠甲+6	36	4	4	1	3	600000	45	散发出点点光芒的铠甲	1800	0	0	144	2	1	66	58	0	0	0	22	16	2	10	0	0	2	0	0	10	345	120
1112030407	完美光芒铠甲+7	36	4	4	1	3	600000	45	散发出点点光芒的铠甲	1900	1000	6000	144	2	1	69	62	0	0	0	23	17	2	10	0	0	2	0	0	10	350	120
1112030408	完美光芒铠甲+8	36	4	5	1	3	600000	45	散发出点点光芒的铠甲	2000	2000	6000	144	2	1	72	66	0	0	0	24	18	2	10	0	0	2	0	0	10	355	120
1112030409	完美光芒铠甲+9	36	4	5	1	3	600000	45	散发出点点光芒的铠甲	2100	3000	6000	144	2	1	75	69	0	0	0	25	19	2	10	0	0	2	0	0	10	360	120
1112030410	完美光芒铠甲+10	36	4	6	1	3	600000	45	散发出点点光芒的铠甲	0	4000	6000	144	2	1	78	73	0	0	0	26	20	2	10	0	0	2	0	0	10	365	120
1112040400	神品光芒铠甲	36	4	0	1	4	1000000	75	散发出点点光芒的铠甲	1200	0	0	240	2	1	48	37	0	0	0	16	10	2	10	10	10	2	10	10	10	315	120
1112040401	神品光芒铠甲+1	36	4	0	1	4	1000000	75	散发出点点光芒的铠甲	1300	0	0	240	2	1	51	40	0	0	0	17	11	2	10	10	10	2	10	10	10	320	120
1112040402	神品光芒铠甲+2	36	4	0	1	4	1000000	75	散发出点点光芒的铠甲	1400	0	0	240	2	1	54	44	0	0	0	18	12	2	10	10	10	2	10	10	10	325	120
1112040403	神品光芒铠甲+3	36	4	4	1	4	1000000	75	散发出点点光芒的铠甲	1500	0	0	240	2	1	57	48	0	0	0	19	13	2	10	10	10	2	10	10	10	330	120
1112040404	神品光芒铠甲+4	36	4	4	1	4	1000000	75	散发出点点光芒的铠甲	1600	0	0	240	2	1	60	51	0	0	0	20	14	2	10	10	10	2	10	10	10	335	120
1112040405	神品光芒铠甲+5	36	4	5	1	4	1000000	75	散发出点点光芒的铠甲	1700	0	0	240	2	1	63	55	0	0	0	21	15	2	10	10	10	2	10	10	10	340	120
1112040406	神品光芒铠甲+6	36	4	5	1	4	1000000	75	散发出点点光芒的铠甲	1800	0	0	240	2	1	66	58	0	0	0	22	16	2	10	10	10	2	10	10	10	345	120
1112040407	神品光芒铠甲+7	36	4	5	1	4	1000000	75	散发出点点光芒的铠甲	1900	0	0	240	2	1	69	62	0	0	0	23	17	2	10	10	10	2	10	10	10	350	120
1112040408	神品光芒铠甲+8	36	4	6	1	4	1000000	75	散发出点点光芒的铠甲	2000	0	0	240	2	1	72	66	0	0	0	24	18	2	10	10	10	2	10	10	10	355	120
1112040409	神品光芒铠甲+9	36	4	6	1	4	1000000	75	散发出点点光芒的铠甲	2100	0	0	240	2	1	75	69	0	0	0	25	19	2	10	10	10	2	10	10	10	360	120
1112040410	神品光芒铠甲+10	36	4	7	1	4	1000000	75	散发出点点光芒的铠甲	0	0	0	240	2	1	78	73	0	0	0	26	20	2	10	10	10	2	10	10	10	365	120
1112000500	闪耀铠甲	48	5	0	1	0	2109	0	随时都闪耀着亮光的铠甲	1600	0	0	0	2	1	68	52	0	0	0	0	0	0	0	0	0	0	0	0	0	140	0
1112000501	闪耀铠甲+1	48	5	0	1	0	2109	0	随时都闪耀着亮光的铠甲	1800	0	0	0	2	1	71	56	0	0	0	0	0	0	0	0	0	0	0	0	0	145	0
1112000502	闪耀铠甲+2	48	5	0	1	0	2109	0	随时都闪耀着亮光的铠甲	2000	0	0	0	2	1	74	60	0	0	0	0	0	0	0	0	0	0	0	0	0	150	0
1112000503	闪耀铠甲+3	48	5	0	1	0	2109	0	随时都闪耀着亮光的铠甲	2200	9000	5000	0	2	1	77	63	0	0	0	0	0	0	0	0	0	0	0	0	0	155	0
1112000504	闪耀铠甲+4	48	5	0	1	0	2109	0	随时都闪耀着亮光的铠甲	2400	10000	5000	0	2	1	80	67	0	0	0	0	0	0	0	0	0	0	0	0	0	160	0
1112000505	闪耀铠甲+5	48	5	0	1	0	2109	0	随时都闪耀着亮光的铠甲	2600	10000	5000	0	2	1	83	71	0	0	0	0	0	0	0	0	0	0	0	0	0	165	0
1112000506	闪耀铠甲+6	48	5	0	1	0	2109	0	随时都闪耀着亮光的铠甲	2800	10000	5000	0	2	1	86	75	0	0	0	0	0	0	0	0	0	0	0	0	0	170	0
1112000507	闪耀铠甲+7	48	5	0	1	0	2109	0	随时都闪耀着亮光的铠甲	3000	10000	5000	0	2	1	89	78	0	0	0	0	0	0	0	0	0	0	0	0	0	175	0
1112000508	闪耀铠甲+8	48	5	0	1	0	2109	0	随时都闪耀着亮光的铠甲	3200	10000	5000	0	2	1	92	82	0	0	0	0	0	0	0	0	0	0	0	0	0	180	0
1112000509	闪耀铠甲+9	48	5	0	1	0	2109	0	随时都闪耀着亮光的铠甲	3400	10000	5000	0	2	1	95	86	0	0	0	0	0	0	0	0	0	0	0	0	0	185	0
1112000510	闪耀铠甲+10	48	5	0	1	0	2109	0	随时都闪耀着亮光的铠甲	0	10000	5000	0	2	1	98	90	0	0	0	0	0	0	0	0	0	0	0	0	0	190	0
1112010500	精品闪耀铠甲	48	5	0	1	1	2109	0	随时都闪耀着亮光的铠甲	1600	0	0	0	2	1	68	52	0	0	0	22	14	0	0	0	0	0	0	0	0	140	0
1112010501	精品闪耀铠甲+1	48	5	0	1	1	2109	0	随时都闪耀着亮光的铠甲	1800	0	0	0	2	1	71	56	0	0	0	23	15	0	0	0	0	0	0	0	0	145	0
1112010502	精品闪耀铠甲+2	48	5	0	1	1	2109	0	随时都闪耀着亮光的铠甲	2000	0	0	0	2	1	74	60	0	0	0	24	16	0	0	0	0	0	0	0	0	150	0
1112010503	精品闪耀铠甲+3	48	5	1	1	1	2109	0	随时都闪耀着亮光的铠甲	2200	0	0	0	2	1	77	63	0	0	0	25	17	0	0	0	0	0	0	0	0	155	0
1112010504	精品闪耀铠甲+4	48	5	1	1	1	2109	0	随时都闪耀着亮光的铠甲	2400	1000	6000	0	2	1	80	67	0	0	0	26	18	0	0	0	0	0	0	0	0	160	0
1112010505	精品闪耀铠甲+5	48	5	2	1	1	2109	0	随时都闪耀着亮光的铠甲	2600	3000	6000	0	2	1	83	71	0	0	0	27	19	0	0	0	0	0	0	0	0	165	0
1112010506	精品闪耀铠甲+6	48	5	2	1	1	2109	0	随时都闪耀着亮光的铠甲	2800	5000	6000	0	2	1	86	75	0	0	0	28	20	0	0	0	0	0	0	0	0	170	0
1112010507	精品闪耀铠甲+7	48	5	2	1	1	2109	0	随时都闪耀着亮光的铠甲	3000	7000	6000	0	2	1	89	78	0	0	0	29	21	0	0	0	0	0	0	0	0	175	0
1112010508	精品闪耀铠甲+8	48	5	3	1	1	2109	0	随时都闪耀着亮光的铠甲	3200	8000	6000	0	2	1	92	82	0	0	0	30	22	0	0	0	0	0	0	0	0	180	0
1112010509	精品闪耀铠甲+9	48	5	3	1	1	2109	0	随时都闪耀着亮光的铠甲	3400	9000	6000	0	2	1	95	86	0	0	0	31	23	0	0	0	0	0	0	0	0	185	0
1112010510	精品闪耀铠甲+10	48	5	4	1	1	2109	0	随时都闪耀着亮光的铠甲	0	10000	6000	0	2	1	98	90	0	0	0	32	24	0	0	0	0	0	0	0	0	190	0
1112020500	极品闪耀铠甲	48	5	0	1	2	2109	0	随时都闪耀着亮光的铠甲	1600	0	0	0	2	1	68	52	0	0	0	22	14	2	0	0	0	2	0	0	0	140	0
1112020501	极品闪耀铠甲+1	48	5	0	1	2	2109	0	随时都闪耀着亮光的铠甲	1800	0	0	0	2	1	71	56	0	0	0	23	15	2	0	0	0	2	0	0	0	145	0
1112020502	极品闪耀铠甲+2	48	5	0	1	2	2109	0	随时都闪耀着亮光的铠甲	2000	0	0	0	2	1	74	60	0	0	0	24	16	2	0	0	0	2	0	0	0	150	0
1112020503	极品闪耀铠甲+3	48	5	2	1	2	2109	0	随时都闪耀着亮光的铠甲	2200	0	0	0	2	1	77	63	0	0	0	25	17	2	0	0	0	2	0	0	0	155	0
1112020504	极品闪耀铠甲+4	48	5	2	1	2	2109	0	随时都闪耀着亮光的铠甲	2400	0	0	0	2	1	80	67	0	0	0	26	18	2	0	0	0	2	0	0	0	160	0
1112020505	极品闪耀铠甲+5	48	5	3	1	2	2109	0	随时都闪耀着亮光的铠甲	2600	1000	7000	0	2	1	83	71	0	0	0	27	19	2	0	0	0	2	0	0	0	165	0
1112020506	极品闪耀铠甲+6	48	5	3	1	2	2109	0	随时都闪耀着亮光的铠甲	2800	2000	7000	0	2	1	86	75	0	0	0	28	20	2	0	0	0	2	0	0	0	170	0
1112020507	极品闪耀铠甲+7	48	5	3	1	2	2109	0	随时都闪耀着亮光的铠甲	3000	3000	7000	0	2	1	89	78	0	0	0	29	21	2	0	0	0	2	0	0	0	175	0
1112020508	极品闪耀铠甲+8	48	5	4	1	2	2109	0	随时都闪耀着亮光的铠甲	3200	4000	7000	0	2	1	92	82	0	0	0	30	22	2	0	0	0	2	0	0	0	180	0
1112020509	极品闪耀铠甲+9	48	5	4	1	2	2109	0	随时都闪耀着亮光的铠甲	3400	5000	7000	0	2	1	95	86	0	0	0	31	23	2	0	0	0	2	0	0	0	185	0
1112020510	极品闪耀铠甲+10	48	5	5	1	2	2109	0	随时都闪耀着亮光的铠甲	0	6000	7000	0	2	1	98	90	0	0	0	32	24	2	0	0	0	2	0	0	0	190	0
1112030500	完美闪耀铠甲	48	5	0	1	3	960000	53	随时都闪耀着亮光的铠甲	1600	0	0	192	2	1	68	52	0	0	0	22	14	2	10	0	0	2	0	0	10	390	150
1112030501	完美闪耀铠甲+1	48	5	0	1	3	960000	53	随时都闪耀着亮光的铠甲	1800	0	0	192	2	1	71	56	0	0	0	23	15	2	10	0	0	2	0	0	10	395	150
1112030502	完美闪耀铠甲+2	48	5	0	1	3	960000	53	随时都闪耀着亮光的铠甲	2000	0	0	192	2	1	74	60	0	0	0	24	16	2	10	0	0	2	0	0	10	400	150
1112030503	完美闪耀铠甲+3	48	5	3	1	3	960000	53	随时都闪耀着亮光的铠甲	2200	0	0	192	2	1	77	63	0	0	0	25	17	2	10	0	0	2	0	0	10	405	150
1112030504	完美闪耀铠甲+4	48	5	3	1	3	960000	53	随时都闪耀着亮光的铠甲	2400	0	0	192	2	1	80	67	0	0	0	26	18	2	10	0	0	2	0	0	10	410	150
1112030505	完美闪耀铠甲+5	48	5	4	1	3	960000	53	随时都闪耀着亮光的铠甲	2600	0	0	192	2	1	83	71	0	0	0	27	19	2	10	0	0	2	0	0	10	415	150
1112030506	完美闪耀铠甲+6	48	5	4	1	3	960000	53	随时都闪耀着亮光的铠甲	2800	0	0	192	2	1	86	75	0	0	0	28	20	2	10	0	0	2	0	0	10	420	150
1112030507	完美闪耀铠甲+7	48	5	4	1	3	960000	53	随时都闪耀着亮光的铠甲	3000	100	8000	192	2	1	89	78	0	0	0	29	21	2	10	0	0	2	0	0	10	425	150
1112030508	完美闪耀铠甲+8	48	5	5	1	3	960000	53	随时都闪耀着亮光的铠甲	3200	600	8000	192	2	1	92	82	0	0	0	30	22	2	10	0	0	2	0	0	10	430	150
1112030509	完美闪耀铠甲+9	48	5	5	1	3	960000	53	随时都闪耀着亮光的铠甲	3400	1100	8000	192	2	1	95	86	0	0	0	31	23	2	10	0	0	2	0	0	10	435	150
1112030510	完美闪耀铠甲+10	48	5	6	1	3	960000	53	随时都闪耀着亮光的铠甲	0	1600	8000	192	2	1	98	90	0	0	0	32	24	2	10	0	0	2	0	0	10	440	150
1112040500	神品闪耀铠甲	48	5	0	1	4	1600000	88	随时都闪耀着亮光的铠甲	1600	0	0	320	2	1	68	52	0	0	0	22	14	2	10	10	10	2	10	10	10	390	150
1112040501	神品闪耀铠甲+1	48	5	0	1	4	1600000	88	随时都闪耀着亮光的铠甲	1800	0	0	320	2	1	71	56	0	0	0	23	15	2	10	10	10	2	10	10	10	395	150
1112040502	神品闪耀铠甲+2	48	5	0	1	4	1600000	88	随时都闪耀着亮光的铠甲	2000	0	0	320	2	1	74	60	0	0	0	24	16	2	10	10	10	2	10	10	10	400	150
1112040503	神品闪耀铠甲+3	48	5	4	1	4	1600000	88	随时都闪耀着亮光的铠甲	2200	0	0	320	2	1	77	63	0	0	0	25	17	2	10	10	10	2	10	10	10	405	150
1112040504	神品闪耀铠甲+4	48	5	4	1	4	1600000	88	随时都闪耀着亮光的铠甲	2400	0	0	320	2	1	80	67	0	0	0	26	18	2	10	10	10	2	10	10	10	410	150
1112040505	神品闪耀铠甲+5	48	5	5	1	4	1600000	88	随时都闪耀着亮光的铠甲	2600	0	0	320	2	1	83	71	0	0	0	27	19	2	10	10	10	2	10	10	10	415	150
1112040506	神品闪耀铠甲+6	48	5	5	1	4	1600000	88	随时都闪耀着亮光的铠甲	2800	0	0	320	2	1	86	75	0	0	0	28	20	2	10	10	10	2	10	10	10	420	150
1112040507	神品闪耀铠甲+7	48	5	5	1	4	1600000	88	随时都闪耀着亮光的铠甲	3000	0	0	320	2	1	89	78	0	0	0	29	21	2	10	10	10	2	10	10	10	425	150
1112040508	神品闪耀铠甲+8	48	5	6	1	4	1600000	88	随时都闪耀着亮光的铠甲	3200	0	0	320	2	1	92	82	0	0	0	30	22	2	10	10	10	2	10	10	10	430	150
1112040509	神品闪耀铠甲+9	48	5	6	1	4	1600000	88	随时都闪耀着亮光的铠甲	3400	0	0	320	2	1	95	86	0	0	0	31	23	2	10	10	10	2	10	10	10	435	150
1112040510	神品闪耀铠甲+10	48	5	7	1	4	1600000	88	随时都闪耀着亮光的铠甲	0	0	0	320	2	1	98	90	0	0	0	32	24	2	10	10	10	2	10	10	10	440	150
1112000600	胜利铠甲	60	6	0	1	0	3163	0	能够带来胜利的铠甲	2200	0	0	0	2	1	90	66	0	0	0	0	0	0	0	0	0	0	0	0	0	170	0
1112000601	胜利铠甲+1	60	6	0	1	0	3163	0	能够带来胜利的铠甲	2400	0	0	0	2	1	94	71	0	0	0	0	0	0	0	0	0	0	0	0	0	175	0
1112000602	胜利铠甲+2	60	6	0	1	0	3163	0	能够带来胜利的铠甲	2600	0	0	0	2	1	98	76	0	0	0	0	0	0	0	0	0	0	0	0	0	180	0
1112000603	胜利铠甲+3	60	6	0	1	0	3163	0	能够带来胜利的铠甲	2800	9000	7000	0	2	1	102	81	0	0	0	0	0	0	0	0	0	0	0	0	0	185	0
1112000604	胜利铠甲+4	60	6	0	1	0	3163	0	能够带来胜利的铠甲	3000	10000	7000	0	2	1	106	86	0	0	0	0	0	0	0	0	0	0	0	0	0	190	0
1112000605	胜利铠甲+5	60	6	0	1	0	3163	0	能够带来胜利的铠甲	3200	10000	7000	0	2	1	110	91	0	0	0	0	0	0	0	0	0	0	0	0	0	195	0
1112000606	胜利铠甲+6	60	6	0	1	0	3163	0	能够带来胜利的铠甲	3400	10000	7000	0	2	1	114	96	0	0	0	0	0	0	0	0	0	0	0	0	0	200	0
1112000607	胜利铠甲+7	60	6	0	1	0	3163	0	能够带来胜利的铠甲	3600	10000	7000	0	2	1	118	101	0	0	0	0	0	0	0	0	0	0	0	0	0	205	0
1112000608	胜利铠甲+8	60	6	0	1	0	3163	0	能够带来胜利的铠甲	3800	10000	7000	0	2	1	122	106	0	0	0	0	0	0	0	0	0	0	0	0	0	210	0
1112000609	胜利铠甲+9	60	6	0	1	0	3163	0	能够带来胜利的铠甲	4000	10000	7000	0	2	1	126	111	0	0	0	0	0	0	0	0	0	0	0	0	0	215	0
1112000610	胜利铠甲+10	60	6	0	1	0	3163	0	能够带来胜利的铠甲	0	10000	7000	0	2	1	130	116	0	0	0	0	0	0	0	0	0	0	0	0	0	220	0
1112010600	精品胜利铠甲	60	6	0	1	1	3163	0	能够带来胜利的铠甲	2200	0	0	0	2	1	90	66	0	0	0	30	17	0	0	0	0	0	0	0	0	170	0
1112010601	精品胜利铠甲+1	60	6	0	1	1	3163	0	能够带来胜利的铠甲	2400	0	0	0	2	1	94	71	0	0	0	31	19	0	0	0	0	0	0	0	0	175	0
1112010602	精品胜利铠甲+2	60	6	0	1	1	3163	0	能够带来胜利的铠甲	2600	0	0	0	2	1	98	76	0	0	0	32	20	0	0	0	0	0	0	0	0	180	0
1112010603	精品胜利铠甲+3	60	6	1	1	1	3163	0	能够带来胜利的铠甲	2800	0	0	0	2	1	102	81	0	0	0	34	21	0	0	0	0	0	0	0	0	185	0
1112010604	精品胜利铠甲+4	60	6	1	1	1	3163	0	能够带来胜利的铠甲	3000	1000	9000	0	2	1	106	86	0	0	0	35	23	0	0	0	0	0	0	0	0	190	0
1112010605	精品胜利铠甲+5	60	6	2	1	1	3163	0	能够带来胜利的铠甲	3200	3000	9000	0	2	1	110	91	0	0	0	36	24	0	0	0	0	0	0	0	0	195	0
1112010606	精品胜利铠甲+6	60	6	2	1	1	3163	0	能够带来胜利的铠甲	3400	5000	9000	0	2	1	114	96	0	0	0	38	25	0	0	0	0	0	0	0	0	200	0
1112010607	精品胜利铠甲+7	60	6	2	1	1	3163	0	能够带来胜利的铠甲	3600	7000	9000	0	2	1	118	101	0	0	0	39	27	0	0	0	0	0	0	0	0	205	0
1112010608	精品胜利铠甲+8	60	6	3	1	1	3163	0	能够带来胜利的铠甲	3800	8000	9000	0	2	1	122	106	0	0	0	40	28	0	0	0	0	0	0	0	0	210	0
1112010609	精品胜利铠甲+9	60	6	3	1	1	3163	0	能够带来胜利的铠甲	4000	9000	9000	0	2	1	126	111	0	0	0	42	29	0	0	0	0	0	0	0	0	215	0
1112010610	精品胜利铠甲+10	60	6	4	1	1	3163	0	能够带来胜利的铠甲	0	10000	9000	0	2	1	130	116	0	0	0	43	31	0	0	0	0	0	0	0	0	220	0
1112020600	极品胜利铠甲	60	6	0	1	2	3163	0	能够带来胜利的铠甲	2200	0	0	0	2	1	90	66	0	0	0	30	17	2	0	0	0	2	0	0	0	170	0
1112020601	极品胜利铠甲+1	60	6	0	1	2	3163	0	能够带来胜利的铠甲	2400	0	0	0	2	1	94	71	0	0	0	31	19	2	0	0	0	2	0	0	0	175	0
1112020602	极品胜利铠甲+2	60	6	0	1	2	3163	0	能够带来胜利的铠甲	2600	0	0	0	2	1	98	76	0	0	0	32	20	2	0	0	0	2	0	0	0	180	0
1112020603	极品胜利铠甲+3	60	6	2	1	2	3163	0	能够带来胜利的铠甲	2800	0	0	0	2	1	102	81	0	0	0	34	21	2	0	0	0	2	0	0	0	185	0
1112020604	极品胜利铠甲+4	60	6	2	1	2	3163	0	能够带来胜利的铠甲	3000	0	0	0	2	1	106	86	0	0	0	35	23	2	0	0	0	2	0	0	0	190	0
1112020605	极品胜利铠甲+5	60	6	3	1	2	3163	0	能够带来胜利的铠甲	3200	1000	11000	0	2	1	110	91	0	0	0	36	24	2	0	0	0	2	0	0	0	195	0
1112020606	极品胜利铠甲+6	60	6	3	1	2	3163	0	能够带来胜利的铠甲	3400	2000	11000	0	2	1	114	96	0	0	0	38	25	2	0	0	0	2	0	0	0	200	0
1112020607	极品胜利铠甲+7	60	6	3	1	2	3163	0	能够带来胜利的铠甲	3600	3000	11000	0	2	1	118	101	0	0	0	39	27	2	0	0	0	2	0	0	0	205	0
1112020608	极品胜利铠甲+8	60	6	4	1	2	3163	0	能够带来胜利的铠甲	3800	4000	11000	0	2	1	122	106	0	0	0	40	28	2	0	0	0	2	0	0	0	210	0
1112020609	极品胜利铠甲+9	60	6	4	1	2	3163	0	能够带来胜利的铠甲	4000	5000	11000	0	2	1	126	111	0	0	0	42	29	2	0	0	0	2	0	0	0	215	0
1112020610	极品胜利铠甲+10	60	6	5	1	2	3163	0	能够带来胜利的铠甲	0	6000	11000	0	2	1	130	116	0	0	0	43	31	2	0	0	0	2	0	0	0	220	0
1112030600	完美胜利铠甲	60	6	0	1	3	1440000	65	能够带来胜利的铠甲	2200	0	0	288	2	1	90	66	0	0	0	30	17	2	10	0	0	2	0	0	10	470	180
1112030601	完美胜利铠甲+1	60	6	0	1	3	1440000	65	能够带来胜利的铠甲	2400	0	0	288	2	1	94	71	0	0	0	31	19	2	10	0	0	2	0	0	10	475	180
1112030602	完美胜利铠甲+2	60	6	0	1	3	1440000	65	能够带来胜利的铠甲	2600	0	0	288	2	1	98	76	0	0	0	32	20	2	10	0	0	2	0	0	10	480	180
1112030603	完美胜利铠甲+3	60	6	3	1	3	1440000	65	能够带来胜利的铠甲	2800	0	0	288	2	1	102	81	0	0	0	34	21	2	10	0	0	2	0	0	10	485	180
1112030604	完美胜利铠甲+4	60	6	3	1	3	1440000	65	能够带来胜利的铠甲	3000	0	0	288	2	1	106	86	0	0	0	35	23	2	10	0	0	2	0	0	10	490	180
1112030605	完美胜利铠甲+5	60	6	4	1	3	1440000	65	能够带来胜利的铠甲	3200	0	0	288	2	1	110	91	0	0	0	36	24	2	10	0	0	2	0	0	10	495	180
1112030606	完美胜利铠甲+6	60	6	4	1	3	1440000	65	能够带来胜利的铠甲	3400	0	0	288	2	1	114	96	0	0	0	38	25	2	10	0	0	2	0	0	10	500	180
1112030607	完美胜利铠甲+7	60	6	4	1	3	1440000	65	能够带来胜利的铠甲	3600	100	13000	288	2	1	118	101	0	0	0	39	27	2	10	0	0	2	0	0	10	505	180
1112030608	完美胜利铠甲+8	60	6	5	1	3	1440000	65	能够带来胜利的铠甲	3800	200	13000	288	2	1	122	106	0	0	0	40	28	2	10	0	0	2	0	0	10	510	180
1112030609	完美胜利铠甲+9	60	6	5	1	3	1440000	65	能够带来胜利的铠甲	4000	300	13000	288	2	1	126	111	0	0	0	42	29	2	10	0	0	2	0	0	10	515	180
1112030610	完美胜利铠甲+10	60	6	6	1	3	1440000	65	能够带来胜利的铠甲	0	400	13000	288	2	1	130	116	0	0	0	43	31	2	10	0	0	2	0	0	10	520	180
1112040600	神品胜利铠甲	60	6	0	1	4	2400000	108	能够带来胜利的铠甲	2200	0	0	480	2	1	90	66	0	0	0	30	17	2	10	10	10	2	10	10	10	470	180
1112040601	神品胜利铠甲+1	60	6	0	1	4	2400000	108	能够带来胜利的铠甲	2400	0	0	480	2	1	94	71	0	0	0	31	19	2	10	10	10	2	10	10	10	475	180
1112040602	神品胜利铠甲+2	60	6	0	1	4	2400000	108	能够带来胜利的铠甲	2600	0	0	480	2	1	98	76	0	0	0	32	20	2	10	10	10	2	10	10	10	480	180
1112040603	神品胜利铠甲+3	60	6	4	1	4	2400000	108	能够带来胜利的铠甲	2800	0	0	480	2	1	102	81	0	0	0	34	21	2	10	10	10	2	10	10	10	485	180
1112040604	神品胜利铠甲+4	60	6	4	1	4	2400000	108	能够带来胜利的铠甲	3000	0	0	480	2	1	106	86	0	0	0	35	23	2	10	10	10	2	10	10	10	490	180
1112040605	神品胜利铠甲+5	60	6	5	1	4	2400000	108	能够带来胜利的铠甲	3200	0	0	480	2	1	110	91	0	0	0	36	24	2	10	10	10	2	10	10	10	495	180
1112040606	神品胜利铠甲+6	60	6	5	1	4	2400000	108	能够带来胜利的铠甲	3400	0	0	480	2	1	114	96	0	0	0	38	25	2	10	10	10	2	10	10	10	500	180
1112040607	神品胜利铠甲+7	60	6	5	1	4	2400000	108	能够带来胜利的铠甲	3600	0	0	480	2	1	118	101	0	0	0	39	27	2	10	10	10	2	10	10	10	505	180
1112040608	神品胜利铠甲+8	60	6	6	1	4	2400000	108	能够带来胜利的铠甲	3800	0	0	480	2	1	122	106	0	0	0	40	28	2	10	10	10	2	10	10	10	510	180
1112040609	神品胜利铠甲+9	60	6	6	1	4	2400000	108	能够带来胜利的铠甲	4000	0	0	480	2	1	126	111	0	0	0	42	29	2	10	10	10	2	10	10	10	515	180
1112040610	神品胜利铠甲+10	60	6	7	1	4	2400000	108	能够带来胜利的铠甲	0	0	0	480	2	1	130	116	0	0	0	43	31	2	10	10	10	2	10	10	10	520	180
1112000700	荣誉铠甲	72	7	0	2	0	3796	0	有着巨大荣誉才能穿着的铠甲	3000	0	0	0	2	1	112	80	0	0	0	0	0	0	0	0	0	0	0	0	0	200	0
1112000701	荣誉铠甲+1	72	7	0	2	0	3796	0	有着巨大荣誉才能穿着的铠甲	3500	0	0	0	2	1	116	85	0	0	0	0	0	0	0	0	0	0	0	0	0	205	0
1112000702	荣誉铠甲+2	72	7	0	2	0	3796	0	有着巨大荣誉才能穿着的铠甲	4000	0	0	0	2	1	120	90	0	0	0	0	0	0	0	0	0	0	0	0	0	210	0
1112000703	荣誉铠甲+3	72	7	0	2	0	3796	0	有着巨大荣誉才能穿着的铠甲	4500	7500	11000	0	2	1	124	95	0	0	0	0	0	0	0	0	0	0	0	0	0	215	0
1112000704	荣誉铠甲+4	72	7	0	2	0	3796	0	有着巨大荣誉才能穿着的铠甲	5000	8500	11000	0	2	1	128	100	0	0	0	0	0	0	0	0	0	0	0	0	0	220	0
1112000705	荣誉铠甲+5	72	7	0	2	0	3796	0	有着巨大荣誉才能穿着的铠甲	5500	9500	11000	0	2	1	132	105	0	0	0	0	0	0	0	0	0	0	0	0	0	225	0
1112000706	荣誉铠甲+6	72	7	0	2	0	3796	0	有着巨大荣誉才能穿着的铠甲	6000	10000	11000	0	2	1	136	110	0	0	0	0	0	0	0	0	0	0	0	0	0	230	0
1112000707	荣誉铠甲+7	72	7	0	2	0	3796	0	有着巨大荣誉才能穿着的铠甲	6500	10000	11000	0	2	1	140	115	0	0	0	0	0	0	0	0	0	0	0	0	0	235	0
1112000708	荣誉铠甲+8	72	7	0	2	0	3796	0	有着巨大荣誉才能穿着的铠甲	7000	10000	11000	0	2	1	144	120	0	0	0	0	0	0	0	0	0	0	0	0	0	240	0
1112000709	荣誉铠甲+9	72	7	0	2	0	3796	0	有着巨大荣誉才能穿着的铠甲	7500	10000	11000	0	2	1	148	125	0	0	0	0	0	0	0	0	0	0	0	0	0	245	0
1112000710	荣誉铠甲+10	72	7	0	2	0	3796	0	有着巨大荣誉才能穿着的铠甲	0	10000	11000	0	2	1	152	130	0	0	0	0	0	0	0	0	0	0	0	0	0	250	0
1112010700	精品荣誉铠甲	72	7	0	2	1	3796	0	有着巨大荣誉才能穿着的铠甲	3000	0	0	0	2	1	112	80	0	0	0	37	21	0	0	0	0	0	0	0	0	200	0
1112010701	精品荣誉铠甲+1	72	7	0	2	1	3796	0	有着巨大荣誉才能穿着的铠甲	3500	0	0	0	2	1	116	85	0	0	0	38	22	0	0	0	0	0	0	0	0	205	0
1112010702	精品荣誉铠甲+2	72	7	0	2	1	3796	0	有着巨大荣誉才能穿着的铠甲	4000	0	0	0	2	1	120	90	0	0	0	40	24	0	0	0	0	0	0	0	0	210	0
1112010703	精品荣誉铠甲+3	72	7	1	2	1	3796	0	有着巨大荣誉才能穿着的铠甲	4500	0	0	0	2	1	124	95	0	0	0	41	25	0	0	0	0	0	0	0	0	215	0
1112010704	精品荣誉铠甲+4	72	7	1	2	1	3796	0	有着巨大荣誉才能穿着的铠甲	5000	1000	13000	0	2	1	128	100	0	0	0	42	26	0	0	0	0	0	0	0	0	220	0
1112010705	精品荣誉铠甲+5	72	7	2	2	1	3796	0	有着巨大荣誉才能穿着的铠甲	5500	3000	13000	0	2	1	132	105	0	0	0	44	28	0	0	0	0	0	0	0	0	225	0
1112010706	精品荣誉铠甲+6	72	7	2	2	1	3796	0	有着巨大荣誉才能穿着的铠甲	6000	5000	13000	0	2	1	136	110	0	0	0	45	29	0	0	0	0	0	0	0	0	230	0
1112010707	精品荣誉铠甲+7	72	7	2	2	1	3796	0	有着巨大荣誉才能穿着的铠甲	6500	7000	13000	0	2	1	140	115	0	0	0	46	30	0	0	0	0	0	0	0	0	235	0
1112010708	精品荣誉铠甲+8	72	7	3	2	1	3796	0	有着巨大荣誉才能穿着的铠甲	7000	8000	13000	0	2	1	144	120	0	0	0	48	32	0	0	0	0	0	0	0	0	240	0
1112010709	精品荣誉铠甲+9	72	7	3	2	1	3796	0	有着巨大荣誉才能穿着的铠甲	7500	9000	13000	0	2	1	148	125	0	0	0	49	33	0	0	0	0	0	0	0	0	245	0
1112010710	精品荣誉铠甲+10	72	7	4	2	1	3796	0	有着巨大荣誉才能穿着的铠甲	0	10000	13000	0	2	1	152	130	0	0	0	50	34	0	0	0	0	0	0	0	0	250	0
1112020700	极品荣誉铠甲	72	7	0	2	2	3796	0	有着巨大荣誉才能穿着的铠甲	3000	0	0	0	2	1	112	80	0	0	0	37	21	2	0	0	0	2	0	0	0	200	0
1112020701	极品荣誉铠甲+1	72	7	0	2	2	3796	0	有着巨大荣誉才能穿着的铠甲	3500	0	0	0	2	1	116	85	0	0	0	38	22	2	0	0	0	2	0	0	0	205	0
1112020702	极品荣誉铠甲+2	72	7	0	2	2	3796	0	有着巨大荣誉才能穿着的铠甲	4000	0	0	0	2	1	120	90	0	0	0	40	24	2	0	0	0	2	0	0	0	210	0
1112020703	极品荣誉铠甲+3	72	7	2	2	2	3796	0	有着巨大荣誉才能穿着的铠甲	4500	0	0	0	2	1	124	95	0	0	0	41	25	2	0	0	0	2	0	0	0	215	0
1112020704	极品荣誉铠甲+4	72	7	2	2	2	3796	0	有着巨大荣誉才能穿着的铠甲	5000	0	0	0	2	1	128	100	0	0	0	42	26	2	0	0	0	2	0	0	0	220	0
1112020705	极品荣誉铠甲+5	72	7	3	2	2	3796	0	有着巨大荣誉才能穿着的铠甲	5500	500	15000	0	2	1	132	105	0	0	0	44	28	2	0	0	0	2	0	0	0	225	0
1112020706	极品荣誉铠甲+6	72	7	3	2	2	3796	0	有着巨大荣誉才能穿着的铠甲	6000	700	15000	0	2	1	136	110	0	0	0	45	29	2	0	0	0	2	0	0	0	230	0
1112020707	极品荣誉铠甲+7	72	7	3	2	2	3796	0	有着巨大荣誉才能穿着的铠甲	6500	900	15000	0	2	1	140	115	0	0	0	46	30	2	0	0	0	2	0	0	0	235	0
1112020708	极品荣誉铠甲+8	72	7	4	2	2	3796	0	有着巨大荣誉才能穿着的铠甲	7000	1100	15000	0	2	1	144	120	0	0	0	48	32	2	0	0	0	2	0	0	0	240	0
1112020709	极品荣誉铠甲+9	72	7	4	2	2	3796	0	有着巨大荣誉才能穿着的铠甲	7500	1300	15000	0	2	1	148	125	0	0	0	49	33	2	0	0	0	2	0	0	0	245	0
1112020710	极品荣誉铠甲+10	72	7	5	2	2	3796	0	有着巨大荣誉才能穿着的铠甲	0	1500	15000	0	2	1	152	130	0	0	0	50	34	2	0	0	0	2	0	0	0	250	0
1112030700	完美荣誉铠甲	72	7	0	2	3	2160000	86	有着巨大荣誉才能穿着的铠甲	3000	0	0	384	2	1	112	80	0	0	0	37	21	2	10	0	0	2	0	0	10	550	210
1112030701	完美荣誉铠甲+1	72	7	0	2	3	2160000	86	有着巨大荣誉才能穿着的铠甲	3500	0	0	384	2	1	116	85	0	0	0	38	22	2	10	0	0	2	0	0	10	555	210
1112030702	完美荣誉铠甲+2	72	7	0	2	3	2160000	86	有着巨大荣誉才能穿着的铠甲	4000	0	0	384	2	1	120	90	0	0	0	40	24	2	10	0	0	2	0	0	10	560	210
1112030703	完美荣誉铠甲+3	72	7	3	2	3	2160000	86	有着巨大荣誉才能穿着的铠甲	4500	0	0	384	2	1	124	95	0	0	0	41	25	2	10	0	0	2	0	0	10	565	210
1112030704	完美荣誉铠甲+4	72	7	3	2	3	2160000	86	有着巨大荣誉才能穿着的铠甲	5000	0	0	384	2	1	128	100	0	0	0	42	26	2	10	0	0	2	0	0	10	570	210
1112030705	完美荣誉铠甲+5	72	7	4	2	3	2160000	86	有着巨大荣誉才能穿着的铠甲	5500	0	0	384	2	1	132	105	0	0	0	44	28	2	10	0	0	2	0	0	10	575	210
1112030706	完美荣誉铠甲+6	72	7	4	2	3	2160000	86	有着巨大荣誉才能穿着的铠甲	6000	0	0	384	2	1	136	110	0	0	0	45	29	2	10	0	0	2	0	0	10	580	210
1112030707	完美荣誉铠甲+7	72	7	4	2	3	2160000	86	有着巨大荣誉才能穿着的铠甲	6500	50	17000	384	2	1	140	115	0	0	0	46	30	2	10	0	0	2	0	0	10	585	210
1112030708	完美荣誉铠甲+8	72	7	5	2	3	2160000	86	有着巨大荣誉才能穿着的铠甲	7000	150	17000	384	2	1	144	120	0	0	0	48	32	2	10	0	0	2	0	0	10	590	210
1112030709	完美荣誉铠甲+9	72	7	5	2	3	2160000	86	有着巨大荣誉才能穿着的铠甲	7500	250	17000	384	2	1	148	125	0	0	0	49	33	2	10	0	0	2	0	0	10	595	210
1112030710	完美荣誉铠甲+10	72	7	6	2	3	2160000	86	有着巨大荣誉才能穿着的铠甲	0	350	17000	384	2	1	152	130	0	0	0	50	34	2	10	0	0	2	0	0	10	600	210
1112040700	神品荣誉铠甲	72	7	0	2	4	3600000	144	有着巨大荣誉才能穿着的铠甲	3000	0	0	640	2	1	112	80	0	0	0	37	21	2	10	10	10	2	10	10	10	550	210
1112040701	神品荣誉铠甲+1	72	7	0	2	4	3600000	144	有着巨大荣誉才能穿着的铠甲	3500	0	0	640	2	1	116	85	0	0	0	38	22	2	10	10	10	2	10	10	10	555	210
1112040702	神品荣誉铠甲+2	72	7	0	2	4	3600000	144	有着巨大荣誉才能穿着的铠甲	4000	0	0	640	2	1	120	90	0	0	0	40	24	2	10	10	10	2	10	10	10	560	210
1112040703	神品荣誉铠甲+3	72	7	4	2	4	3600000	144	有着巨大荣誉才能穿着的铠甲	4500	0	0	640	2	1	124	95	0	0	0	41	25	2	10	10	10	2	10	10	10	565	210
1112040704	神品荣誉铠甲+4	72	7	4	2	4	3600000	144	有着巨大荣誉才能穿着的铠甲	5000	0	0	640	2	1	128	100	0	0	0	42	26	2	10	10	10	2	10	10	10	570	210
1112040705	神品荣誉铠甲+5	72	7	5	2	4	3600000	144	有着巨大荣誉才能穿着的铠甲	5500	0	0	640	2	1	132	105	0	0	0	44	28	2	10	10	10	2	10	10	10	575	210
1112040706	神品荣誉铠甲+6	72	7	5	2	4	3600000	144	有着巨大荣誉才能穿着的铠甲	6000	0	0	640	2	1	136	110	0	0	0	45	29	2	10	10	10	2	10	10	10	580	210
1112040707	神品荣誉铠甲+7	72	7	5	2	4	3600000	144	有着巨大荣誉才能穿着的铠甲	6500	0	0	640	2	1	140	115	0	0	0	46	30	2	10	10	10	2	10	10	10	585	210
1112040708	神品荣誉铠甲+8	72	7	6	2	4	3600000	144	有着巨大荣誉才能穿着的铠甲	7000	0	0	640	2	1	144	120	0	0	0	48	32	2	10	10	10	2	10	10	10	590	210
1112040709	神品荣誉铠甲+9	72	7	6	2	4	3600000	144	有着巨大荣誉才能穿着的铠甲	7500	0	0	640	2	1	148	125	0	0	0	49	33	2	10	10	10	2	10	10	10	595	210
1112040710	神品荣誉铠甲+10	72	7	7	2	4	3600000	144	有着巨大荣誉才能穿着的铠甲	0	0	0	640	2	1	152	130	0	0	0	50	34	2	10	10	10	2	10	10	10	600	210
1112000800	狂暴铠甲	84	8	0	2	0	5695	0	穿着会显示出狂暴一面的铠甲	4500	0	0	0	2	1	136	96	0	0	0	0	0	0	0	0	0	0	0	0	0	225	0
1112000801	狂暴铠甲+1	84	8	0	2	0	5695	0	穿着会显示出狂暴一面的铠甲	5000	0	0	0	2	1	140	101	0	0	0	0	0	0	0	0	0	0	0	0	0	230	0
1112000802	狂暴铠甲+2	84	8	0	2	0	5695	0	穿着会显示出狂暴一面的铠甲	5500	0	0	0	2	1	144	106	0	0	0	0	0	0	0	0	0	0	0	0	0	235	0
1112000803	狂暴铠甲+3	84	8	0	2	0	5695	0	穿着会显示出狂暴一面的铠甲	6000	7500	15000	0	2	1	148	111	0	0	0	0	0	0	0	0	0	0	0	0	0	240	0
1112000804	狂暴铠甲+4	84	8	0	2	0	5695	0	穿着会显示出狂暴一面的铠甲	6500	8500	15000	0	2	1	152	116	0	0	0	0	0	0	0	0	0	0	0	0	0	245	0
1112000805	狂暴铠甲+5	84	8	0	2	0	5695	0	穿着会显示出狂暴一面的铠甲	7000	9500	15000	0	2	1	156	121	0	0	0	0	0	0	0	0	0	0	0	0	0	250	0
1112000806	狂暴铠甲+6	84	8	0	2	0	5695	0	穿着会显示出狂暴一面的铠甲	7500	10000	15000	0	2	1	160	126	0	0	0	0	0	0	0	0	0	0	0	0	0	255	0
1112000807	狂暴铠甲+7	84	8	0	2	0	5695	0	穿着会显示出狂暴一面的铠甲	8000	10000	15000	0	2	1	164	131	0	0	0	0	0	0	0	0	0	0	0	0	0	260	0
1112000808	狂暴铠甲+8	84	8	0	2	0	5695	0	穿着会显示出狂暴一面的铠甲	8500	10000	15000	0	2	1	168	136	0	0	0	0	0	0	0	0	0	0	0	0	0	265	0
1112000809	狂暴铠甲+9	84	8	0	2	0	5695	0	穿着会显示出狂暴一面的铠甲	9000	10000	15000	0	2	1	172	141	0	0	0	0	0	0	0	0	0	0	0	0	0	270	0
1112000810	狂暴铠甲+10	84	8	0	2	0	5695	0	穿着会显示出狂暴一面的铠甲	0	10000	15000	0	2	1	176	146	0	0	0	0	0	0	0	0	0	0	0	0	0	275	0
1112010800	精品狂暴铠甲	84	8	0	2	1	5695	0	穿着会显示出狂暴一面的铠甲	4500	0	0	0	2	1	136	96	0	0	0	45	25	0	0	0	0	0	0	0	0	225	0
1112010801	精品狂暴铠甲+1	84	8	0	2	1	5695	0	穿着会显示出狂暴一面的铠甲	5000	0	0	0	2	1	140	101	0	0	0	46	27	0	0	0	0	0	0	0	0	230	0
1112010802	精品狂暴铠甲+2	84	8	0	2	1	5695	0	穿着会显示出狂暴一面的铠甲	5500	0	0	0	2	1	144	106	0	0	0	48	28	0	0	0	0	0	0	0	0	235	0
1112010803	精品狂暴铠甲+3	84	8	1	2	1	5695	0	穿着会显示出狂暴一面的铠甲	6000	0	0	0	2	1	148	111	0	0	0	49	29	0	0	0	0	0	0	0	0	240	0
1112010804	精品狂暴铠甲+4	84	8	1	2	1	5695	0	穿着会显示出狂暴一面的铠甲	6500	1000	18000	0	2	1	152	116	0	0	0	50	31	0	0	0	0	0	0	0	0	245	0
1112010805	精品狂暴铠甲+5	84	8	2	2	1	5695	0	穿着会显示出狂暴一面的铠甲	7000	2000	18000	0	2	1	156	121	0	0	0	52	32	0	0	0	0	0	0	0	0	250	0
1112010806	精品狂暴铠甲+6	84	8	2	2	1	5695	0	穿着会显示出狂暴一面的铠甲	7500	3000	18000	0	2	1	160	126	0	0	0	53	33	0	0	0	0	0	0	0	0	255	0
1112010807	精品狂暴铠甲+7	84	8	2	2	1	5695	0	穿着会显示出狂暴一面的铠甲	8000	4000	18000	0	2	1	164	131	0	0	0	54	35	0	0	0	0	0	0	0	0	260	0
1112010808	精品狂暴铠甲+8	84	8	3	2	1	5695	0	穿着会显示出狂暴一面的铠甲	8500	6000	18000	0	2	1	168	136	0	0	0	56	36	0	0	0	0	0	0	0	0	265	0
1112010809	精品狂暴铠甲+9	84	8	3	2	1	5695	0	穿着会显示出狂暴一面的铠甲	9000	8000	18000	0	2	1	172	141	0	0	0	57	37	0	0	0	0	0	0	0	0	270	0
1112010810	精品狂暴铠甲+10	84	8	4	2	1	5695	0	穿着会显示出狂暴一面的铠甲	0	10000	18000	0	2	1	176	146	0	0	0	58	39	0	0	0	0	0	0	0	0	275	0
1112020800	极品狂暴铠甲	84	8	0	2	2	5695	0	穿着会显示出狂暴一面的铠甲	4500	0	0	0	2	1	136	96	0	0	0	45	25	2	0	0	0	2	0	0	0	225	0
1112020801	极品狂暴铠甲+1	84	8	0	2	2	5695	0	穿着会显示出狂暴一面的铠甲	5000	0	0	0	2	1	140	101	0	0	0	46	27	2	0	0	0	2	0	0	0	230	0
1112020802	极品狂暴铠甲+2	84	8	0	2	2	5695	0	穿着会显示出狂暴一面的铠甲	5500	0	0	0	2	1	144	106	0	0	0	48	28	2	0	0	0	2	0	0	0	235	0
1112020803	极品狂暴铠甲+3	84	8	2	2	2	5695	0	穿着会显示出狂暴一面的铠甲	6000	0	0	0	2	1	148	111	0	0	0	49	29	2	0	0	0	2	0	0	0	240	0
1112020804	极品狂暴铠甲+4	84	8	2	2	2	5695	0	穿着会显示出狂暴一面的铠甲	6500	0	0	0	2	1	152	116	0	0	0	50	31	2	0	0	0	2	0	0	0	245	0
1112020805	极品狂暴铠甲+5	84	8	3	2	2	5695	0	穿着会显示出狂暴一面的铠甲	7000	500	21000	0	2	1	156	121	0	0	0	52	32	2	0	0	0	2	0	0	0	250	0
1112020806	极品狂暴铠甲+6	84	8	3	2	2	5695	0	穿着会显示出狂暴一面的铠甲	7500	700	21000	0	2	1	160	126	0	0	0	53	33	2	0	0	0	2	0	0	0	255	0
1112020807	极品狂暴铠甲+7	84	8	3	2	2	5695	0	穿着会显示出狂暴一面的铠甲	8000	900	21000	0	2	1	164	131	0	0	0	54	35	2	0	0	0	2	0	0	0	260	0
1112020808	极品狂暴铠甲+8	84	8	4	2	2	5695	0	穿着会显示出狂暴一面的铠甲	8500	1100	21000	0	2	1	168	136	0	0	0	56	36	2	0	0	0	2	0	0	0	265	0
1112020809	极品狂暴铠甲+9	84	8	4	2	2	5695	0	穿着会显示出狂暴一面的铠甲	9000	1300	21000	0	2	1	172	141	0	0	0	57	37	2	0	0	0	2	0	0	0	270	0
1112020810	极品狂暴铠甲+10	84	8	5	2	2	5695	0	穿着会显示出狂暴一面的铠甲	0	1500	21000	0	2	1	176	146	0	0	0	58	39	2	0	0	0	2	0	0	0	275	0
1112030800	完美狂暴铠甲	84	8	0	2	3	3120000	109	穿着会显示出狂暴一面的铠甲	4500	0	0	480	2	1	136	96	0	0	0	45	25	2	10	0	0	2	0	0	10	625	240
1112030801	完美狂暴铠甲+1	84	8	0	2	3	3120000	109	穿着会显示出狂暴一面的铠甲	5000	0	0	480	2	1	140	101	0	0	0	46	27	2	10	0	0	2	0	0	10	630	240
1112030802	完美狂暴铠甲+2	84	8	0	2	3	3120000	109	穿着会显示出狂暴一面的铠甲	5500	0	0	480	2	1	144	106	0	0	0	48	28	2	10	0	0	2	0	0	10	635	240
1112030803	完美狂暴铠甲+3	84	8	3	2	3	3120000	109	穿着会显示出狂暴一面的铠甲	6000	0	0	480	2	1	148	111	0	0	0	49	29	2	10	0	0	2	0	0	10	640	240
1112030804	完美狂暴铠甲+4	84	8	3	2	3	3120000	109	穿着会显示出狂暴一面的铠甲	6500	0	0	480	2	1	152	116	0	0	0	50	31	2	10	0	0	2	0	0	10	645	240
1112030805	完美狂暴铠甲+5	84	8	4	2	3	3120000	109	穿着会显示出狂暴一面的铠甲	7000	0	0	480	2	1	156	121	0	0	0	52	32	2	10	0	0	2	0	0	10	650	240
1112030806	完美狂暴铠甲+6	84	8	4	2	3	3120000	109	穿着会显示出狂暴一面的铠甲	7500	0	0	480	2	1	160	126	0	0	0	53	33	2	10	0	0	2	0	0	10	655	240
1112030807	完美狂暴铠甲+7	84	8	4	2	3	3120000	109	穿着会显示出狂暴一面的铠甲	8000	50	24000	480	2	1	164	131	0	0	0	54	35	2	10	0	0	2	0	0	10	660	240
1112030808	完美狂暴铠甲+8	84	8	5	2	3	3120000	109	穿着会显示出狂暴一面的铠甲	8500	150	24000	480	2	1	168	136	0	0	0	56	36	2	10	0	0	2	0	0	10	665	240
1112030809	完美狂暴铠甲+9	84	8	5	2	3	3120000	109	穿着会显示出狂暴一面的铠甲	9000	250	24000	480	2	1	172	141	0	0	0	57	37	2	10	0	0	2	0	0	10	670	240
1112030810	完美狂暴铠甲+10	84	8	6	2	3	3120000	109	穿着会显示出狂暴一面的铠甲	0	350	24000	480	2	1	176	146	0	0	0	58	39	2	10	0	0	2	0	0	10	675	240
1112040800	神品狂暴铠甲	84	8	0	2	4	5200000	182	穿着会显示出狂暴一面的铠甲	4500	0	0	800	2	1	136	96	0	0	0	45	25	2	10	10	10	2	10	10	10	625	240
1112040801	神品狂暴铠甲+1	84	8	0	2	4	5200000	182	穿着会显示出狂暴一面的铠甲	5000	0	0	800	2	1	140	101	0	0	0	46	27	2	10	10	10	2	10	10	10	630	240
1112040802	神品狂暴铠甲+2	84	8	0	2	4	5200000	182	穿着会显示出狂暴一面的铠甲	5500	0	0	800	2	1	144	106	0	0	0	48	28	2	10	10	10	2	10	10	10	635	240
1112040803	神品狂暴铠甲+3	84	8	4	2	4	5200000	182	穿着会显示出狂暴一面的铠甲	6000	0	0	800	2	1	148	111	0	0	0	49	29	2	10	10	10	2	10	10	10	640	240
1112040804	神品狂暴铠甲+4	84	8	4	2	4	5200000	182	穿着会显示出狂暴一面的铠甲	6500	0	0	800	2	1	152	116	0	0	0	50	31	2	10	10	10	2	10	10	10	645	240
1112040805	神品狂暴铠甲+5	84	8	5	2	4	5200000	182	穿着会显示出狂暴一面的铠甲	7000	0	0	800	2	1	156	121	0	0	0	52	32	2	10	10	10	2	10	10	10	650	240
1112040806	神品狂暴铠甲+6	84	8	5	2	4	5200000	182	穿着会显示出狂暴一面的铠甲	7500	0	0	800	2	1	160	126	0	0	0	53	33	2	10	10	10	2	10	10	10	655	240
1112040807	神品狂暴铠甲+7	84	8	5	2	4	5200000	182	穿着会显示出狂暴一面的铠甲	8000	0	0	800	2	1	164	131	0	0	0	54	35	2	10	10	10	2	10	10	10	660	240
1112040808	神品狂暴铠甲+8	84	8	6	2	4	5200000	182	穿着会显示出狂暴一面的铠甲	8500	0	0	800	2	1	168	136	0	0	0	56	36	2	10	10	10	2	10	10	10	665	240
1112040809	神品狂暴铠甲+9	84	8	6	2	4	5200000	182	穿着会显示出狂暴一面的铠甲	9000	0	0	800	2	1	172	141	0	0	0	57	37	2	10	10	10	2	10	10	10	670	240
1112040810	神品狂暴铠甲+10	84	8	7	2	4	5200000	182	穿着会显示出狂暴一面的铠甲	0	0	0	800	2	1	176	146	0	0	0	58	39	2	10	10	10	2	10	10	10	675	240
1112000900	力量铠甲	96	9	0	2	0	8542	0	战神赋予战士强大力量的铠甲	6000	0	0	0	2	1	167	112	0	0	0	0	0	0	0	0	0	0	0	0	0	250	0
1112000901	力量铠甲+1	96	9	0	2	0	8542	0	战神赋予战士强大力量的铠甲	7000	0	0	0	2	1	171	117	0	0	0	0	0	0	0	0	0	0	0	0	0	255	0
1112000902	力量铠甲+2	96	9	0	2	0	8542	0	战神赋予战士强大力量的铠甲	8000	0	0	0	2	1	175	122	0	0	0	0	0	0	0	0	0	0	0	0	0	260	0
1112000903	力量铠甲+3	96	9	0	2	0	8542	0	战神赋予战士强大力量的铠甲	9000	6000	21000	0	2	1	179	127	0	0	0	0	0	0	0	0	0	0	0	0	0	265	0
1112000904	力量铠甲+4	96	9	0	2	0	8542	0	战神赋予战士强大力量的铠甲	10000	7000	21000	0	2	1	183	132	0	0	0	0	0	0	0	0	0	0	0	0	0	270	0
1112000905	力量铠甲+5	96	9	0	2	0	8542	0	战神赋予战士强大力量的铠甲	11000	8000	21000	0	2	1	187	137	0	0	0	0	0	0	0	0	0	0	0	0	0	275	0
1112000906	力量铠甲+6	96	9	0	2	0	8542	0	战神赋予战士强大力量的铠甲	12000	9000	21000	0	2	1	191	142	0	0	0	0	0	0	0	0	0	0	0	0	0	280	0
1112000907	力量铠甲+7	96	9	0	2	0	8542	0	战神赋予战士强大力量的铠甲	13000	10000	21000	0	2	1	195	147	0	0	0	0	0	0	0	0	0	0	0	0	0	285	0
1112000908	力量铠甲+8	96	9	0	2	0	8542	0	战神赋予战士强大力量的铠甲	14000	10000	21000	0	2	1	199	152	0	0	0	0	0	0	0	0	0	0	0	0	0	290	0
1112000909	力量铠甲+9	96	9	0	2	0	8542	0	战神赋予战士强大力量的铠甲	15000	10000	21000	0	2	1	203	157	0	0	0	0	0	0	0	0	0	0	0	0	0	295	0
1112000910	力量铠甲+10	96	9	0	2	0	8542	0	战神赋予战士强大力量的铠甲	0	10000	21000	0	2	1	207	162	0	0	0	0	0	0	0	0	0	0	0	0	0	300	0
1112010900	精品力量铠甲	96	9	0	2	1	8542	0	战神赋予战士强大力量的铠甲	6000	0	0	0	2	1	167	112	0	0	0	55	30	0	0	0	0	0	0	0	0	250	0
1112010901	精品力量铠甲+1	96	9	0	2	1	8542	0	战神赋予战士强大力量的铠甲	7000	0	0	0	2	1	171	117	0	0	0	57	31	0	0	0	0	0	0	0	0	255	0
1112010902	精品力量铠甲+2	96	9	0	2	1	8542	0	战神赋予战士强大力量的铠甲	8000	0	0	0	2	1	175	122	0	0	0	58	32	0	0	0	0	0	0	0	0	260	0
1112010903	精品力量铠甲+3	96	9	1	2	1	8542	0	战神赋予战士强大力量的铠甲	9000	0	0	0	2	1	179	127	0	0	0	59	34	0	0	0	0	0	0	0	0	265	0
1112010904	精品力量铠甲+4	96	9	1	2	1	8542	0	战神赋予战士强大力量的铠甲	10000	1000	24000	0	2	1	183	132	0	0	0	61	35	0	0	0	0	0	0	0	0	270	0
1112010905	精品力量铠甲+5	96	9	2	2	1	8542	0	战神赋予战士强大力量的铠甲	11000	2000	24000	0	2	1	187	137	0	0	0	62	36	0	0	0	0	0	0	0	0	275	0
1112010906	精品力量铠甲+6	96	9	2	2	1	8542	0	战神赋予战士强大力量的铠甲	12000	3000	24000	0	2	1	191	142	0	0	0	63	38	0	0	0	0	0	0	0	0	280	0
1112010907	精品力量铠甲+7	96	9	2	2	1	8542	0	战神赋予战士强大力量的铠甲	13000	4000	24000	0	2	1	195	147	0	0	0	65	39	0	0	0	0	0	0	0	0	285	0
1112010908	精品力量铠甲+8	96	9	3	2	1	8542	0	战神赋予战士强大力量的铠甲	14000	6000	24000	0	2	1	199	152	0	0	0	66	40	0	0	0	0	0	0	0	0	290	0
1112010909	精品力量铠甲+9	96	9	3	2	1	8542	0	战神赋予战士强大力量的铠甲	15000	8000	24000	0	2	1	203	157	0	0	0	67	42	0	0	0	0	0	0	0	0	295	0
1112010910	精品力量铠甲+10	96	9	4	2	1	8542	0	战神赋予战士强大力量的铠甲	0	10000	24000	0	2	1	207	162	0	0	0	69	43	0	0	0	0	0	0	0	0	300	0
1112020900	极品力量铠甲	96	9	0	2	2	8542	0	战神赋予战士强大力量的铠甲	6000	0	0	0	2	1	167	112	0	0	0	55	30	2	0	0	0	2	0	0	0	250	0
1112020901	极品力量铠甲+1	96	9	0	2	2	8542	0	战神赋予战士强大力量的铠甲	7000	0	0	0	2	1	171	117	0	0	0	57	31	2	0	0	0	2	0	0	0	255	0
1112020902	极品力量铠甲+2	96	9	0	2	2	8542	0	战神赋予战士强大力量的铠甲	8000	0	0	0	2	1	175	122	0	0	0	58	32	2	0	0	0	2	0	0	0	260	0
1112020903	极品力量铠甲+3	96	9	2	2	2	8542	0	战神赋予战士强大力量的铠甲	9000	0	0	0	2	1	179	127	0	0	0	59	34	2	0	0	0	2	0	0	0	265	0
1112020904	极品力量铠甲+4	96	9	2	2	2	8542	0	战神赋予战士强大力量的铠甲	10000	0	0	0	2	1	183	132	0	0	0	61	35	2	0	0	0	2	0	0	0	270	0
1112020905	极品力量铠甲+5	96	9	3	2	2	8542	0	战神赋予战士强大力量的铠甲	11000	200	27000	0	2	1	187	137	0	0	0	62	36	2	0	0	0	2	0	0	0	275	0
1112020906	极品力量铠甲+6	96	9	3	2	2	8542	0	战神赋予战士强大力量的铠甲	12000	400	27000	0	2	1	191	142	0	0	0	63	38	2	0	0	0	2	0	0	0	280	0
1112020907	极品力量铠甲+7	96	9	3	2	2	8542	0	战神赋予战士强大力量的铠甲	13000	600	27000	0	2	1	195	147	0	0	0	65	39	2	0	0	0	2	0	0	0	285	0
1112020908	极品力量铠甲+8	96	9	4	2	2	8542	0	战神赋予战士强大力量的铠甲	14000	800	27000	0	2	1	199	152	0	0	0	66	40	2	0	0	0	2	0	0	0	290	0
1112020909	极品力量铠甲+9	96	9	4	2	2	8542	0	战神赋予战士强大力量的铠甲	15000	1000	27000	0	2	1	203	157	0	0	0	67	42	2	0	0	0	2	0	0	0	295	0
1112020910	极品力量铠甲+10	96	9	5	2	2	8542	0	战神赋予战士强大力量的铠甲	0	1200	27000	0	2	1	207	162	0	0	0	69	43	2	0	0	0	2	0	0	0	300	0
1112030900	完美力量铠甲	96	9	0	2	3	4320000	130	战神赋予战士强大力量的铠甲	6000	0	0	576	2	1	167	112	0	0	0	55	30	2	10	0	0	2	0	0	10	700	270
1112030901	完美力量铠甲+1	96	9	0	2	3	4320000	130	战神赋予战士强大力量的铠甲	7000	0	0	576	2	1	171	117	0	0	0	57	31	2	10	0	0	2	0	0	10	705	270
1112030902	完美力量铠甲+2	96	9	0	2	3	4320000	130	战神赋予战士强大力量的铠甲	8000	0	0	576	2	1	175	122	0	0	0	58	32	2	10	0	0	2	0	0	10	710	270
1112030903	完美力量铠甲+3	96	9	3	2	3	4320000	130	战神赋予战士强大力量的铠甲	9000	0	0	576	2	1	179	127	0	0	0	59	34	2	10	0	0	2	0	0	10	715	270
1112030904	完美力量铠甲+4	96	9	3	2	3	4320000	130	战神赋予战士强大力量的铠甲	10000	0	0	576	2	1	183	132	0	0	0	61	35	2	10	0	0	2	0	0	10	720	270
1112030905	完美力量铠甲+5	96	9	4	2	3	4320000	130	战神赋予战士强大力量的铠甲	11000	0	0	576	2	1	187	137	0	0	0	62	36	2	10	0	0	2	0	0	10	725	270
1112030906	完美力量铠甲+6	96	9	4	2	3	4320000	130	战神赋予战士强大力量的铠甲	12000	0	0	576	2	1	191	142	0	0	0	63	38	2	10	0	0	2	0	0	10	730	270
1112030907	完美力量铠甲+7	96	9	4	2	3	4320000	130	战神赋予战士强大力量的铠甲	13000	70	30000	576	2	1	195	147	0	0	0	65	39	2	10	0	0	2	0	0	10	735	270
1112030908	完美力量铠甲+8	96	9	5	2	3	4320000	130	战神赋予战士强大力量的铠甲	14000	170	30000	576	2	1	199	152	0	0	0	66	40	2	10	0	0	2	0	0	10	740	270
1112030909	完美力量铠甲+9	96	9	5	2	3	4320000	130	战神赋予战士强大力量的铠甲	15000	270	30000	576	2	1	203	157	0	0	0	67	42	2	10	0	0	2	0	0	10	745	270
1112030910	完美力量铠甲+10	96	9	6	2	3	4320000	130	战神赋予战士强大力量的铠甲	0	370	30000	576	2	1	207	162	0	0	0	69	43	2	10	0	0	2	0	0	10	750	270
1112040900	神品力量铠甲	96	9	0	2	4	7200000	216	战神赋予战士强大力量的铠甲	6000	0	0	960	2	1	167	112	0	0	0	55	30	2	10	10	10	2	10	10	10	700	270
1112040901	神品力量铠甲+1	96	9	0	2	4	7200000	216	战神赋予战士强大力量的铠甲	7000	0	0	960	2	1	171	117	0	0	0	57	31	2	10	10	10	2	10	10	10	705	270
1112040902	神品力量铠甲+2	96	9	0	2	4	7200000	216	战神赋予战士强大力量的铠甲	8000	0	0	960	2	1	175	122	0	0	0	58	32	2	10	10	10	2	10	10	10	710	270
1112040903	神品力量铠甲+3	96	9	4	2	4	7200000	216	战神赋予战士强大力量的铠甲	9000	0	0	960	2	1	179	127	0	0	0	59	34	2	10	10	10	2	10	10	10	715	270
1112040904	神品力量铠甲+4	96	9	4	2	4	7200000	216	战神赋予战士强大力量的铠甲	10000	0	0	960	2	1	183	132	0	0	0	61	35	2	10	10	10	2	10	10	10	720	270
1112040905	神品力量铠甲+5	96	9	5	2	4	7200000	216	战神赋予战士强大力量的铠甲	11000	0	0	960	2	1	187	137	0	0	0	62	36	2	10	10	10	2	10	10	10	725	270
1112040906	神品力量铠甲+6	96	9	5	2	4	7200000	216	战神赋予战士强大力量的铠甲	12000	0	0	960	2	1	191	142	0	0	0	63	38	2	10	10	10	2	10	10	10	730	270
1112040907	神品力量铠甲+7	96	9	5	2	4	7200000	216	战神赋予战士强大力量的铠甲	13000	0	0	960	2	1	195	147	0	0	0	65	39	2	10	10	10	2	10	10	10	735	270
1112040908	神品力量铠甲+8	96	9	6	2	4	7200000	216	战神赋予战士强大力量的铠甲	14000	0	0	960	2	1	199	152	0	0	0	66	40	2	10	10	10	2	10	10	10	740	270
1112040909	神品力量铠甲+9	96	9	6	2	4	7200000	216	战神赋予战士强大力量的铠甲	15000	0	0	960	2	1	203	157	0	0	0	67	42	2	10	10	10	2	10	10	10	745	270
1112040910	神品力量铠甲+10	96	9	7	2	4	7200000	216	战神赋予战士强大力量的铠甲	0	0	0	960	2	1	207	162	0	0	0	69	43	2	10	10	10	2	10	10	10	750	270
1112001000	鬼泣铠甲	108	10	0	3	0	16017	0	具有死亡气息的铠甲	10000	0	0	0	2	1	198	131	0	0	0	0	0	0	0	0	0	0	0	0	0	280	0
1112001001	鬼泣铠甲+1	108	10	0	3	0	16017	0	具有死亡气息的铠甲	11000	0	0	0	2	1	202	136	0	0	0	0	0	0	0	0	0	0	0	0	0	285	0
1112001002	鬼泣铠甲+2	108	10	0	3	0	16017	0	具有死亡气息的铠甲	12000	0	0	0	2	1	206	141	0	0	0	0	0	0	0	0	0	0	0	0	0	290	0
1112001003	鬼泣铠甲+3	108	10	0	3	0	16017	0	具有死亡气息的铠甲	13000	6000	27000	0	2	1	210	146	0	0	0	0	0	0	0	0	0	0	0	0	0	295	0
1112001004	鬼泣铠甲+4	108	10	0	3	0	16017	0	具有死亡气息的铠甲	14000	6500	27000	0	2	1	214	151	0	0	0	0	0	0	0	0	0	0	0	0	0	300	0
1112001005	鬼泣铠甲+5	108	10	0	3	0	16017	0	具有死亡气息的铠甲	15000	7000	27000	0	2	1	218	156	0	0	0	0	0	0	0	0	0	0	0	0	0	305	0
1112001006	鬼泣铠甲+6	108	10	0	3	0	16017	0	具有死亡气息的铠甲	16000	7500	27000	0	2	1	222	161	0	0	0	0	0	0	0	0	0	0	0	0	0	310	0
1112001007	鬼泣铠甲+7	108	10	0	3	0	16017	0	具有死亡气息的铠甲	17000	8000	27000	0	2	1	226	166	0	0	0	0	0	0	0	0	0	0	0	0	0	315	0
1112001008	鬼泣铠甲+8	108	10	0	3	0	16017	0	具有死亡气息的铠甲	18000	8500	27000	0	2	1	230	171	0	0	0	0	0	0	0	0	0	0	0	0	0	320	0
1112001009	鬼泣铠甲+9	108	10	0	3	0	16017	0	具有死亡气息的铠甲	19000	9000	27000	0	2	1	234	176	0	0	0	0	0	0	0	0	0	0	0	0	0	325	0
1112001010	鬼泣铠甲+10	108	10	0	3	0	16017	0	具有死亡气息的铠甲	0	9500	27000	0	2	1	238	181	0	0	0	0	0	0	0	0	0	0	0	0	0	330	0
1112011000	精品鬼泣铠甲	108	10	0	3	1	16017	0	具有死亡气息的铠甲	10000	0	0	0	2	1	198	131	0	0	0	66	35	0	0	0	0	0	0	0	0	280	0
1112011001	精品鬼泣铠甲+1	108	10	0	3	1	16017	0	具有死亡气息的铠甲	11000	0	0	0	2	1	202	136	0	0	0	67	36	0	0	0	0	0	0	0	0	285	0
1112011002	精品鬼泣铠甲+2	108	10	0	3	1	16017	0	具有死亡气息的铠甲	12000	0	0	0	2	1	206	141	0	0	0	68	37	0	0	0	0	0	0	0	0	290	0
1112011003	精品鬼泣铠甲+3	108	10	1	3	1	16017	0	具有死亡气息的铠甲	13000	0	0	0	2	1	210	146	0	0	0	70	39	0	0	0	0	0	0	0	0	295	0
1112011004	精品鬼泣铠甲+4	108	10	1	3	1	16017	0	具有死亡气息的铠甲	14000	1000	31000	0	2	1	214	151	0	0	0	71	40	0	0	0	0	0	0	0	0	300	0
1112011005	精品鬼泣铠甲+5	108	10	2	3	1	16017	0	具有死亡气息的铠甲	15000	2000	31000	0	2	1	218	156	0	0	0	72	41	0	0	0	0	0	0	0	0	305	0
1112011006	精品鬼泣铠甲+6	108	10	2	3	1	16017	0	具有死亡气息的铠甲	16000	3000	31000	0	2	1	222	161	0	0	0	74	43	0	0	0	0	0	0	0	0	310	0
1112011007	精品鬼泣铠甲+7	108	10	2	3	1	16017	0	具有死亡气息的铠甲	17000	4000	31000	0	2	1	226	166	0	0	0	75	44	0	0	0	0	0	0	0	0	315	0
1112011008	精品鬼泣铠甲+8	108	10	3	3	1	16017	0	具有死亡气息的铠甲	18000	6000	31000	0	2	1	230	171	0	0	0	76	45	0	0	0	0	0	0	0	0	320	0
1112011009	精品鬼泣铠甲+9	108	10	3	3	1	16017	0	具有死亡气息的铠甲	19000	8000	31000	0	2	1	234	176	0	0	0	78	47	0	0	0	0	0	0	0	0	325	0
1112011010	精品鬼泣铠甲+10	108	10	4	3	1	16017	0	具有死亡气息的铠甲	0	10000	31000	0	2	1	238	181	0	0	0	79	48	0	0	0	0	0	0	0	0	330	0
1112021000	极品鬼泣铠甲	108	10	0	3	2	16017	0	具有死亡气息的铠甲	10000	0	0	0	2	1	198	131	0	0	0	66	35	2	0	0	0	2	0	0	0	280	0
1112021001	极品鬼泣铠甲+1	108	10	0	3	2	16017	0	具有死亡气息的铠甲	11000	0	0	0	2	1	202	136	0	0	0	67	36	2	0	0	0	2	0	0	0	285	0
1112021002	极品鬼泣铠甲+2	108	10	0	3	2	16017	0	具有死亡气息的铠甲	12000	0	0	0	2	1	206	141	0	0	0	68	37	2	0	0	0	2	0	0	0	290	0
1112021003	极品鬼泣铠甲+3	108	10	2	3	2	16017	0	具有死亡气息的铠甲	13000	0	0	0	2	1	210	146	0	0	0	70	39	2	0	0	0	2	0	0	0	295	0
1112021004	极品鬼泣铠甲+4	108	10	2	3	2	16017	0	具有死亡气息的铠甲	14000	0	0	0	2	1	214	151	0	0	0	71	40	2	0	0	0	2	0	0	0	300	0
1112021005	极品鬼泣铠甲+5	108	10	3	3	2	16017	0	具有死亡气息的铠甲	15000	200	35000	0	2	1	218	156	0	0	0	72	41	2	0	0	0	2	0	0	0	305	0
1112021006	极品鬼泣铠甲+6	108	10	3	3	2	16017	0	具有死亡气息的铠甲	16000	400	35000	0	2	1	222	161	0	0	0	74	43	2	0	0	0	2	0	0	0	310	0
1112021007	极品鬼泣铠甲+7	108	10	3	3	2	16017	0	具有死亡气息的铠甲	17000	600	35000	0	2	1	226	166	0	0	0	75	44	2	0	0	0	2	0	0	0	315	0
1112021008	极品鬼泣铠甲+8	108	10	4	3	2	16017	0	具有死亡气息的铠甲	18000	800	35000	0	2	1	230	171	0	0	0	76	45	2	0	0	0	2	0	0	0	320	0
1112021009	极品鬼泣铠甲+9	108	10	4	3	2	16017	0	具有死亡气息的铠甲	19000	1000	35000	0	2	1	234	176	0	0	0	78	47	2	0	0	0	2	0	0	0	325	0
1112021010	极品鬼泣铠甲+10	108	10	5	3	2	16017	0	具有死亡气息的铠甲	0	1200	35000	0	2	1	238	181	0	0	0	79	48	2	0	0	0	2	0	0	0	330	0
1112031000	完美鬼泣铠甲	108	10	0	3	3	5760000	173	具有死亡气息的铠甲	10000	0	0	672	2	1	198	131	0	0	0	66	35	2	10	0	0	2	0	0	10	780	300
1112031001	完美鬼泣铠甲+1	108	10	0	3	3	5760000	173	具有死亡气息的铠甲	11000	0	0	672	2	1	202	136	0	0	0	67	36	2	10	0	0	2	0	0	10	785	300
1112031002	完美鬼泣铠甲+2	108	10	0	3	3	5760000	173	具有死亡气息的铠甲	12000	0	0	672	2	1	206	141	0	0	0	68	37	2	10	0	0	2	0	0	10	790	300
1112031003	完美鬼泣铠甲+3	108	10	3	3	3	5760000	173	具有死亡气息的铠甲	13000	0	0	672	2	1	210	146	0	0	0	70	39	2	10	0	0	2	0	0	10	795	300
1112031004	完美鬼泣铠甲+4	108	10	3	3	3	5760000	173	具有死亡气息的铠甲	14000	0	0	672	2	1	214	151	0	0	0	71	40	2	10	0	0	2	0	0	10	800	300
1112031005	完美鬼泣铠甲+5	108	10	4	3	3	5760000	173	具有死亡气息的铠甲	15000	0	0	672	2	1	218	156	0	0	0	72	41	2	10	0	0	2	0	0	10	805	300
1112031006	完美鬼泣铠甲+6	108	10	4	3	3	5760000	173	具有死亡气息的铠甲	16000	0	0	672	2	1	222	161	0	0	0	74	43	2	10	0	0	2	0	0	10	810	300
1112031007	完美鬼泣铠甲+7	108	10	4	3	3	5760000	173	具有死亡气息的铠甲	17000	70	39000	672	2	1	226	166	0	0	0	75	44	2	10	0	0	2	0	0	10	815	300
1112031008	完美鬼泣铠甲+8	108	10	5	3	3	5760000	173	具有死亡气息的铠甲	18000	170	39000	672	2	1	230	171	0	0	0	76	45	2	10	0	0	2	0	0	10	820	300
1112031009	完美鬼泣铠甲+9	108	10	5	3	3	5760000	173	具有死亡气息的铠甲	19000	270	39000	672	2	1	234	176	0	0	0	78	47	2	10	0	0	2	0	0	10	825	300
1112031010	完美鬼泣铠甲+10	108	10	6	3	3	5760000	173	具有死亡气息的铠甲	0	370	39000	672	2	1	238	181	0	0	0	79	48	2	10	0	0	2	0	0	10	830	300
1112041000	神品鬼泣铠甲	108	10	0	3	4	9600000	288	具有死亡气息的铠甲	10000	0	0	1120	2	1	198	131	0	0	0	66	35	2	10	10	10	2	10	10	10	780	300
1112041001	神品鬼泣铠甲+1	108	10	0	3	4	9600000	288	具有死亡气息的铠甲	11000	0	0	1120	2	1	202	136	0	0	0	67	36	2	10	10	10	2	10	10	10	785	300
1112041002	神品鬼泣铠甲+2	108	10	0	3	4	9600000	288	具有死亡气息的铠甲	12000	0	0	1120	2	1	206	141	0	0	0	68	37	2	10	10	10	2	10	10	10	790	300
1112041003	神品鬼泣铠甲+3	108	10	4	3	4	9600000	288	具有死亡气息的铠甲	13000	0	0	1120	2	1	210	146	0	0	0	70	39	2	10	10	10	2	10	10	10	795	300
1112041004	神品鬼泣铠甲+4	108	10	4	3	4	9600000	288	具有死亡气息的铠甲	14000	0	0	1120	2	1	214	151	0	0	0	71	40	2	10	10	10	2	10	10	10	800	300
1112041005	神品鬼泣铠甲+5	108	10	5	3	4	9600000	288	具有死亡气息的铠甲	15000	0	0	1120	2	1	218	156	0	0	0	72	41	2	10	10	10	2	10	10	10	805	300
1112041006	神品鬼泣铠甲+6	108	10	5	3	4	9600000	288	具有死亡气息的铠甲	16000	0	0	1120	2	1	222	161	0	0	0	74	43	2	10	10	10	2	10	10	10	810	300
1112041007	神品鬼泣铠甲+7	108	10	5	3	4	9600000	288	具有死亡气息的铠甲	17000	0	0	1120	2	1	226	166	0	0	0	75	44	2	10	10	10	2	10	10	10	815	300
1112041008	神品鬼泣铠甲+8	108	10	6	3	4	9600000	288	具有死亡气息的铠甲	18000	0	0	1120	2	1	230	171	0	0	0	76	45	2	10	10	10	2	10	10	10	820	300
1112041009	神品鬼泣铠甲+9	108	10	6	3	4	9600000	288	具有死亡气息的铠甲	19000	0	0	1120	2	1	234	176	0	0	0	78	47	2	10	10	10	2	10	10	10	825	300
1112041010	神品鬼泣铠甲+10	108	10	7	3	4	9600000	288	具有死亡气息的铠甲	0	0	0	1120	2	1	238	181	0	0	0	79	48	2	10	10	10	2	10	10	10	830	300
1112001100	毁灭铠甲	120	11	0	3	0	28831	0	具有毁灭力量的铠甲	15000	0	0	0	2	1	236	150	0	0	0	0	0	0	0	0	0	0	0	0	0	305	0
1112001101	毁灭铠甲+1	120	11	0	3	0	28831	0	具有毁灭力量的铠甲	17000	0	0	0	2	1	241	156	0	0	0	0	0	0	0	0	0	0	0	0	0	310	0
1112001102	毁灭铠甲+2	120	11	0	3	0	28831	0	具有毁灭力量的铠甲	19000	0	0	0	2	1	246	162	0	0	0	0	0	0	0	0	0	0	0	0	0	315	0
1112001103	毁灭铠甲+3	120	11	0	3	0	28831	0	具有毁灭力量的铠甲	21000	5000	35000	0	2	1	251	168	0	0	0	0	0	0	0	0	0	0	0	0	0	320	0
1112001104	毁灭铠甲+4	120	11	0	3	0	28831	0	具有毁灭力量的铠甲	23000	5500	35000	0	2	1	256	175	0	0	0	0	0	0	0	0	0	0	0	0	0	325	0
1112001105	毁灭铠甲+5	120	11	0	3	0	28831	0	具有毁灭力量的铠甲	25000	6000	35000	0	2	1	261	181	0	0	0	0	0	0	0	0	0	0	0	0	0	330	0
1112001106	毁灭铠甲+6	120	11	0	3	0	28831	0	具有毁灭力量的铠甲	27000	6500	35000	0	2	1	266	187	0	0	0	0	0	0	0	0	0	0	0	0	0	335	0
1112001107	毁灭铠甲+7	120	11	0	3	0	28831	0	具有毁灭力量的铠甲	29000	7000	35000	0	2	1	271	193	0	0	0	0	0	0	0	0	0	0	0	0	0	340	0
1112001108	毁灭铠甲+8	120	11	0	3	0	28831	0	具有毁灭力量的铠甲	31000	7500	35000	0	2	1	276	200	0	0	0	0	0	0	0	0	0	0	0	0	0	345	0
1112001109	毁灭铠甲+9	120	11	0	3	0	28831	0	具有毁灭力量的铠甲	33000	8000	35000	0	2	1	281	206	0	0	0	0	0	0	0	0	0	0	0	0	0	350	0
1112001110	毁灭铠甲+10	120	11	0	3	0	28831	0	具有毁灭力量的铠甲	0	8500	35000	0	2	1	286	212	0	0	0	0	0	0	0	0	0	0	0	0	0	355	0
1112011100	精品毁灭铠甲	120	11	0	3	1	28831	0	具有毁灭力量的铠甲	15000	0	0	0	2	1	236	150	0	0	0	78	40	0	0	0	0	0	0	0	0	305	0
1112011101	精品毁灭铠甲+1	120	11	0	3	1	28831	0	具有毁灭力量的铠甲	17000	0	0	0	2	1	241	156	0	0	0	80	41	0	0	0	0	0	0	0	0	310	0
1112011102	精品毁灭铠甲+2	120	11	0	3	1	28831	0	具有毁灭力量的铠甲	19000	0	0	0	2	1	246	162	0	0	0	82	43	0	0	0	0	0	0	0	0	315	0
1112011103	精品毁灭铠甲+3	120	11	1	3	1	28831	0	具有毁灭力量的铠甲	21000	0	0	0	2	1	251	168	0	0	0	83	45	0	0	0	0	0	0	0	0	320	0
1112011104	精品毁灭铠甲+4	120	11	1	3	1	28831	0	具有毁灭力量的铠甲	23000	1000	40000	0	2	1	256	175	0	0	0	85	46	0	0	0	0	0	0	0	0	325	0
1112011105	精品毁灭铠甲+5	120	11	2	3	1	28831	0	具有毁灭力量的铠甲	25000	2000	40000	0	2	1	261	181	0	0	0	87	48	0	0	0	0	0	0	0	0	330	0
1112011106	精品毁灭铠甲+6	120	11	2	3	1	28831	0	具有毁灭力量的铠甲	27000	3000	40000	0	2	1	266	187	0	0	0	88	50	0	0	0	0	0	0	0	0	335	0
1112011107	精品毁灭铠甲+7	120	11	2	3	1	28831	0	具有毁灭力量的铠甲	29000	4000	40000	0	2	1	271	193	0	0	0	90	51	0	0	0	0	0	0	0	0	340	0
1112011108	精品毁灭铠甲+8	120	11	3	3	1	28831	0	具有毁灭力量的铠甲	31000	6000	40000	0	2	1	276	200	0	0	0	92	53	0	0	0	0	0	0	0	0	345	0
1112011109	精品毁灭铠甲+9	120	11	3	3	1	28831	0	具有毁灭力量的铠甲	33000	8000	40000	0	2	1	281	206	0	0	0	93	55	0	0	0	0	0	0	0	0	350	0
1112011110	精品毁灭铠甲+10	120	11	4	3	1	28831	0	具有毁灭力量的铠甲	0	10000	40000	0	2	1	286	212	0	0	0	95	56	0	0	0	0	0	0	0	0	355	0
1112021100	极品毁灭铠甲	120	11	0	3	2	28831	0	具有毁灭力量的铠甲	15000	0	0	0	2	1	236	150	0	0	0	78	40	2	0	0	0	2	0	0	0	305	0
1112021101	极品毁灭铠甲+1	120	11	0	3	2	28831	0	具有毁灭力量的铠甲	17000	0	0	0	2	1	241	156	0	0	0	80	41	2	0	0	0	2	0	0	0	310	0
1112021102	极品毁灭铠甲+2	120	11	0	3	2	28831	0	具有毁灭力量的铠甲	19000	0	0	0	2	1	246	162	0	0	0	82	43	2	0	0	0	2	0	0	0	315	0
1112021103	极品毁灭铠甲+3	120	11	2	3	2	28831	0	具有毁灭力量的铠甲	21000	0	0	0	2	1	251	168	0	0	0	83	45	2	0	0	0	2	0	0	0	320	0
1112021104	极品毁灭铠甲+4	120	11	2	3	2	28831	0	具有毁灭力量的铠甲	23000	0	0	0	2	1	256	175	0	0	0	85	46	2	0	0	0	2	0	0	0	325	0
1112021105	极品毁灭铠甲+5	120	11	3	3	2	28831	0	具有毁灭力量的铠甲	25000	100	50000	0	2	1	261	181	0	0	0	87	48	2	0	0	0	2	0	0	0	330	0
1112021106	极品毁灭铠甲+6	120	11	3	3	2	28831	0	具有毁灭力量的铠甲	27000	300	50000	0	2	1	266	187	0	0	0	88	50	2	0	0	0	2	0	0	0	335	0
1112021107	极品毁灭铠甲+7	120	11	3	3	2	28831	0	具有毁灭力量的铠甲	29000	500	50000	0	2	1	271	193	0	0	0	90	51	2	0	0	0	2	0	0	0	340	0
1112021108	极品毁灭铠甲+8	120	11	4	3	2	28831	0	具有毁灭力量的铠甲	31000	700	50000	0	2	1	276	200	0	0	0	92	53	2	0	0	0	2	0	0	0	345	0
1112021109	极品毁灭铠甲+9	120	11	4	3	2	28831	0	具有毁灭力量的铠甲	33000	900	50000	0	2	1	281	206	0	0	0	93	55	2	0	0	0	2	0	0	0	350	0
1112021110	极品毁灭铠甲+10	120	11	5	3	2	28831	0	具有毁灭力量的铠甲	0	1100	50000	0	2	1	286	212	0	0	0	95	56	2	0	0	0	2	0	0	0	355	0
1112031100	完美毁灭铠甲	120	11	0	3	3	7440000	223	具有毁灭力量的铠甲	15000	0	0	0	2	1	236	150	0	0	0	78	40	2	10	0	0	2	0	0	10	855	330
1112031101	完美毁灭铠甲+1	120	11	0	3	3	7440000	223	具有毁灭力量的铠甲	17000	0	0	0	2	1	241	156	0	0	0	80	41	2	10	0	0	2	0	0	10	860	330
1112031102	完美毁灭铠甲+2	120	11	0	3	3	7440000	223	具有毁灭力量的铠甲	19000	0	0	0	2	1	246	162	0	0	0	82	43	2	10	0	0	2	0	0	10	865	330
1112031103	完美毁灭铠甲+3	120	11	3	3	3	7440000	223	具有毁灭力量的铠甲	21000	0	0	0	2	1	251	168	0	0	0	83	45	2	10	0	0	2	0	0	10	870	330
1112031104	完美毁灭铠甲+4	120	11	3	3	3	7440000	223	具有毁灭力量的铠甲	23000	0	0	0	2	1	256	175	0	0	0	85	46	2	10	0	0	2	0	0	10	875	330
1112031105	完美毁灭铠甲+5	120	11	4	3	3	7440000	223	具有毁灭力量的铠甲	25000	0	0	0	2	1	261	181	0	0	0	87	48	2	10	0	0	2	0	0	10	880	330
1112031106	完美毁灭铠甲+6	120	11	4	3	3	7440000	223	具有毁灭力量的铠甲	27000	0	0	0	2	1	266	187	0	0	0	88	50	2	10	0	0	2	0	0	10	885	330
1112031107	完美毁灭铠甲+7	120	11	4	3	3	7440000	223	具有毁灭力量的铠甲	29000	70	60000	0	2	1	271	193	0	0	0	90	51	2	10	0	0	2	0	0	10	890	330
1112031108	完美毁灭铠甲+8	120	11	5	3	3	7440000	223	具有毁灭力量的铠甲	31000	170	60000	0	2	1	276	200	0	0	0	92	53	2	10	0	0	2	0	0	10	895	330
1112031109	完美毁灭铠甲+9	120	11	5	3	3	7440000	223	具有毁灭力量的铠甲	33000	270	60000	0	2	1	281	206	0	0	0	93	55	2	10	0	0	2	0	0	10	900	330
1112031110	完美毁灭铠甲+10	120	11	6	3	3	7440000	223	具有毁灭力量的铠甲	0	370	60000	0	2	1	286	212	0	0	0	95	56	2	10	0	0	2	0	0	10	905	330
1112041100	神品毁灭铠甲	120	11	0	3	4	12400000	372	具有毁灭力量的铠甲	15000	0	0	0	2	1	236	150	0	0	0	78	40	2	10	10	10	2	10	10	10	855	330
1112041101	神品毁灭铠甲+1	120	11	0	3	4	12400000	372	具有毁灭力量的铠甲	17000	0	0	0	2	1	241	156	0	0	0	80	41	2	10	10	10	2	10	10	10	860	330
1112041102	神品毁灭铠甲+2	120	11	0	3	4	12400000	372	具有毁灭力量的铠甲	19000	0	0	0	2	1	246	162	0	0	0	82	43	2	10	10	10	2	10	10	10	865	330
1112041103	神品毁灭铠甲+3	120	11	4	3	4	12400000	372	具有毁灭力量的铠甲	21000	0	0	0	2	1	251	168	0	0	0	83	45	2	10	10	10	2	10	10	10	870	330
1112041104	神品毁灭铠甲+4	120	11	4	3	4	12400000	372	具有毁灭力量的铠甲	23000	0	0	0	2	1	256	175	0	0	0	85	46	2	10	10	10	2	10	10	10	875	330
1112041105	神品毁灭铠甲+5	120	11	5	3	4	12400000	372	具有毁灭力量的铠甲	25000	0	0	0	2	1	261	181	0	0	0	87	48	2	10	10	10	2	10	10	10	880	330
1112041106	神品毁灭铠甲+6	120	11	5	3	4	12400000	372	具有毁灭力量的铠甲	27000	0	0	0	2	1	266	187	0	0	0	88	50	2	10	10	10	2	10	10	10	885	330
1112041107	神品毁灭铠甲+7	120	11	5	3	4	12400000	372	具有毁灭力量的铠甲	29000	0	0	0	2	1	271	193	0	0	0	90	51	2	10	10	10	2	10	10	10	890	330
1112041108	神品毁灭铠甲+8	120	11	6	3	4	12400000	372	具有毁灭力量的铠甲	31000	0	0	0	2	1	276	200	0	0	0	92	53	2	10	10	10	2	10	10	10	895	330
1112041109	神品毁灭铠甲+9	120	11	6	3	4	12400000	372	具有毁灭力量的铠甲	33000	0	0	0	2	1	281	206	0	0	0	93	55	2	10	10	10	2	10	10	10	900	330
1112041110	神品毁灭铠甲+10	120	11	7	3	4	12400000	372	具有毁灭力量的铠甲	0	0	0	0	2	1	286	212	0	0	0	95	56	2	10	10	10	2	10	10	10	905	330
1112031200	超级新手铠甲	0	4	0	1	3	1100000	83	为新手准备的超级装备	1200	0	0	0	2	1	48	38	0	0	0	16	10	2	10	0	0	2	0	0	10	315	120
1112031201	超级新手铠甲+1	0	4	0	1	3	1100000	83	为新手准备的超级装备	1300	0	0	0	2	1	51	42	0	0	0	17	11	2	10	0	0	2	0	0	10	320	120
1112031202	超级新手铠甲+2	0	4	0	1	3	1100000	83	为新手准备的超级装备	1400	0	0	0	2	1	54	46	0	0	0	18	12	2	10	0	0	2	0	0	10	325	120
1112031203	超级新手铠甲+3	0	4	5	1	3	1100000	83	为新手准备的超级装备	1500	0	0	0	2	1	57	50	0	0	0	19	13	2	10	0	0	2	0	0	10	330	120
1112031204	超级新手铠甲+4	0	4	5	1	3	1100000	83	为新手准备的超级装备	1600	0	0	0	2	1	60	53	0	0	0	20	14	2	10	0	0	2	0	0	10	335	120
1112031205	超级新手铠甲+5	0	4	6	1	3	1100000	83	为新手准备的超级装备	1700	0	0	0	2	1	63	57	0	0	0	21	15	2	10	0	0	2	0	0	10	340	120
1112031206	超级新手铠甲+6	0	4	6	1	3	1100000	83	为新手准备的超级装备	1800	0	0	0	2	1	66	61	0	0	0	22	16	2	10	0	0	2	0	0	10	345	120
1112031207	超级新手铠甲+7	0	4	6	1	3	1100000	83	为新手准备的超级装备	1900	0	0	0	2	1	69	65	0	0	0	23	17	2	10	0	0	2	0	0	10	350	120
1112031208	超级新手铠甲+8	0	4	7	1	3	1100000	83	为新手准备的超级装备	2000	0	0	0	2	1	72	68	0	0	0	24	18	2	10	0	0	2	0	0	10	355	120
1112031209	超级新手铠甲+9	0	4	7	1	3	1100000	83	为新手准备的超级装备	2100	0	0	0	2	1	75	72	0	0	0	25	19	2	10	0	0	2	0	0	10	360	120
1112031210	超级新手铠甲+10	0	4	8	1	3	1100000	83	为新手准备的超级装备	0	0	0	0	2	1	78	76	0	0	0	26	20	2	10	0	0	2	0	0	10	365	120
1112031300	超级小强铠甲	36	7	0	2	3	8800000	660	为小强准备的超级装备	3000	0	0	0	2	1	112	80	0	0	0	37	21	2	10	0	0	2	0	0	10	550	210
1112031301	超级小强铠甲+1	36	7	0	2	3	8800000	660	为小强准备的超级装备	3500	0	0	0	2	1	116	85	0	0	0	38	22	2	10	0	0	2	0	0	10	555	210
1112031302	超级小强铠甲+2	36	7	0	2	3	8800000	660	为小强准备的超级装备	4000	0	0	0	2	1	120	90	0	0	0	40	24	2	10	0	0	2	0	0	10	560	210
1112031303	超级小强铠甲+3	36	7	5	2	3	8800000	660	为小强准备的超级装备	4500	0	0	0	2	1	124	95	0	0	0	41	25	2	10	0	0	2	0	0	10	565	210
1112031304	超级小强铠甲+4	36	7	5	2	3	8800000	660	为小强准备的超级装备	5000	0	0	0	2	1	128	100	0	0	0	42	26	2	10	0	0	2	0	0	10	570	210
1112031305	超级小强铠甲+5	36	7	6	2	3	8800000	660	为小强准备的超级装备	5500	0	0	0	2	1	132	105	0	0	0	44	28	2	10	0	0	2	0	0	10	575	210
1112031306	超级小强铠甲+6	36	7	6	2	3	8800000	660	为小强准备的超级装备	6000	0	0	0	2	1	136	110	0	0	0	45	29	2	10	0	0	2	0	0	10	580	210
1112031307	超级小强铠甲+7	36	7	6	2	3	8800000	660	为小强准备的超级装备	6500	0	0	0	2	1	140	115	0	0	0	46	30	2	10	0	0	2	0	0	10	585	210
1112031308	超级小强铠甲+8	36	7	7	2	3	8800000	660	为小强准备的超级装备	7000	0	0	0	2	1	144	120	0	0	0	48	32	2	10	0	0	2	0	0	10	590	210
1112031309	超级小强铠甲+9	36	7	7	2	3	8800000	660	为小强准备的超级装备	7500	0	0	0	2	1	148	125	0	0	0	49	33	2	10	0	0	2	0	0	10	595	210
1112031310	超级小强铠甲+10	36	7	8	2	3	8800000	660	为小强准备的超级装备	0	0	0	0	2	1	152	130	0	0	0	50	34	2	10	0	0	2	0	0	10	600	210
1112031400	超级专业铠甲	60	10	0	3	3	32000000	2400	为专业人士准备的超级装备	10000	0	0	0	2	1	198	131	0	0	0	66	35	2	10	0	0	2	0	0	10	780	300
1112031401	超级专业铠甲+1	60	10	0	3	3	32000000	2400	为专业人士准备的超级装备	11000	0	0	0	2	1	202	136	0	0	0	67	36	2	10	0	0	2	0	0	10	785	300
1112031402	超级专业铠甲+2	60	10	0	3	3	32000000	2400	为专业人士准备的超级装备	12000	0	0	0	2	1	206	141	0	0	0	68	37	2	10	0	0	2	0	0	10	790	300
1112031403	超级专业铠甲+3	60	10	5	3	3	32000000	2400	为专业人士准备的超级装备	13000	0	0	0	2	1	210	146	0	0	0	70	39	2	10	0	0	2	0	0	10	795	300
1112031404	超级专业铠甲+4	60	10	5	3	3	32000000	2400	为专业人士准备的超级装备	14000	0	0	0	2	1	214	151	0	0	0	71	40	2	10	0	0	2	0	0	10	800	300
1112031405	超级专业铠甲+5	60	10	6	3	3	32000000	2400	为专业人士准备的超级装备	15000	0	0	0	2	1	218	156	0	0	0	72	41	2	10	0	0	2	0	0	10	805	300
1112031406	超级专业铠甲+6	60	10	6	3	3	32000000	2400	为专业人士准备的超级装备	16000	0	0	0	2	1	222	161	0	0	0	74	43	2	10	0	0	2	0	0	10	810	300
1112031407	超级专业铠甲+7	60	10	6	3	3	32000000	2400	为专业人士准备的超级装备	17000	0	0	0	2	1	226	166	0	0	0	75	44	2	10	0	0	2	0	0	10	815	300
1112031408	超级专业铠甲+8	60	10	7	3	3	32000000	2400	为专业人士准备的超级装备	18000	0	0	0	2	1	230	171	0	0	0	76	45	2	10	0	0	2	0	0	10	820	300
1112031409	超级专业铠甲+9	60	10	7	3	3	32000000	2400	为专业人士准备的超级装备	19000	0	0	0	2	1	234	176	0	0	0	78	47	2	10	0	0	2	0	0	10	825	300
1112031410	超级专业铠甲+10	60	10	8	3	3	32000000	2400	为专业人士准备的超级装备	0	0	0	0	2	1	238	181	0	0	0	79	48	2	10	0	0	2	0	0	10	830	300
1112031500	超级噬魂铠甲	96	11	0	3	3	52000000	3900	恶魔的贡品	20000	0	0	0	2	1	283	182	0	0	0	94	49	2	10	0	0	2	0	0	10	1010	390
1112031501	超级噬魂铠甲+1	96	11	0	3	3	52000000	3900	恶魔的贡品	21000	0	0	0	2	1	287	186	0	0	0	96	51	2	10	0	0	2	0	0	10	1015	390
1112031502	超级噬魂铠甲+2	96	11	0	3	3	52000000	3900	恶魔的贡品	22000	0	0	0	2	1	291	190	0	0	0	98	53	2	10	0	0	2	0	0	10	1020	390
1112031503	超级噬魂铠甲+3	96	11	5	3	3	52000000	3900	恶魔的贡品	23000	0	0	0	2	1	295	194	0	0	0	100	55	2	10	0	0	2	0	0	10	1025	390
1112031504	超级噬魂铠甲+4	96	11	5	3	3	52000000	3900	恶魔的贡品	24000	0	0	0	2	1	299	198	0	0	0	102	57	2	10	0	0	2	0	0	10	1030	390
1112031505	超级噬魂铠甲+5	96	11	6	3	3	52000000	3900	恶魔的贡品	25000	0	0	0	2	1	303	202	0	0	0	104	59	2	10	0	0	2	0	0	10	1035	390
1112031506	超级噬魂铠甲+6	96	11	6	3	3	52000000	3900	恶魔的贡品	26000	0	0	0	2	1	307	206	0	0	0	106	61	2	10	0	0	2	0	0	10	1040	390
1112031507	超级噬魂铠甲+7	96	11	6	3	3	52000000	3900	恶魔的贡品	27000	0	0	0	2	1	311	210	0	0	0	108	63	2	10	0	0	2	0	0	10	1045	390
1112031508	超级噬魂铠甲+8	96	11	7	3	3	52000000	3900	恶魔的贡品	28000	0	0	0	2	1	315	214	0	0	0	110	65	2	10	0	0	2	0	0	10	1050	390
1112031509	超级噬魂铠甲+9	96	11	7	3	3	52000000	3900	恶魔的贡品	29000	0	0	0	2	1	319	218	0	0	0	112	67	2	10	0	0	2	0	0	10	1055	390
1112031510	超级噬魂铠甲+10	96	11	8	3	3	52000000	3900	恶魔的贡品	0	0	0	0	2	1	323	222	0	0	0	114	69	2	10	0	0	2	0	0	10	1060	390
1112031600	超级化神铠甲	120	12	0	3	3	70000000	5250	上帝的恩赐	30000	0	0	0	2	1	368	223	0	0	0	129	70	2	10	0	0	2	0	0	10	1240	480
1112031601	超级化神铠甲+1	120	12	0	3	3	70000000	5250	上帝的恩赐	31000	0	0	0	2	1	372	227	0	0	0	131	72	2	10	0	0	2	0	0	10	1245	480
1112031602	超级化神铠甲+2	120	12	0	3	3	70000000	5250	上帝的恩赐	32000	0	0	0	2	1	376	231	0	0	0	133	74	2	10	0	0	2	0	0	10	1250	480
1112031603	超级化神铠甲+3	120	12	5	3	3	70000000	5250	上帝的恩赐	33000	0	0	0	2	1	380	235	0	0	0	135	76	2	10	0	0	2	0	0	10	1255	480
1112031604	超级化神铠甲+4	120	12	5	3	3	70000000	5250	上帝的恩赐	34000	0	0	0	2	1	384	239	0	0	0	137	78	2	10	0	0	2	0	0	10	1260	480
1112031605	超级化神铠甲+5	120	12	6	3	3	70000000	5250	上帝的恩赐	35000	0	0	0	2	1	388	243	0	0	0	139	80	2	10	0	0	2	0	0	10	1265	480
1112031606	超级化神铠甲+6	120	12	6	3	3	70000000	5250	上帝的恩赐	36000	0	0	0	2	1	392	247	0	0	0	141	82	2	10	0	0	2	0	0	10	1270	480
1112031607	超级化神铠甲+7	120	12	6	3	3	70000000	5250	上帝的恩赐	37000	0	0	0	2	1	396	251	0	0	0	143	84	2	10	0	0	2	0	0	10	1275	480
1112031608	超级化神铠甲+8	120	12	7	3	3	70000000	5250	上帝的恩赐	38000	0	0	0	2	1	400	255	0	0	0	145	86	2	10	0	0	2	0	0	10	1280	480
1112031609	超级化神铠甲+9	120	12	7	3	3	70000000	5250	上帝的恩赐	39000	0	0	0	2	1	404	259	0	0	0	147	88	2	10	0	0	2	0	0	10	1285	480
1112031610	超级化神铠甲+10	120	12	8	3	3	70000000	5250	上帝的恩赐	0	0	0	0	2	1	408	263	0	0	0	149	90	2	10	0	0	2	0	0	10	1290	480
