编号	名字	等级需求	光影等级	图标	品质	金币	元宝	描述	升等费用	精炼几率	精炼费用	升级费用	种族要求	装备类型	物理防御	魔法防御	闪避	移动时间增加	格档	附加物理防御	附加魔法防御	物防加成（等级）	物防加成（强壮）	物防加成（敏捷）	物防加成（智慧）	魔防加成（等级）	魔防加成（强壮）	魔防加成（敏捷）	魔防加成（智慧）	附加生命上限	附加魔法上限
id	name	requiredLevel	haloIndex	icon	quality	moneyCost	treasureCost	description	increaseCost	refineRate	refineCost	upgradeCost	requiredRace	eType	physicalDefense	magicDefense	evadingAbility	stepTime	withstandingRate	extraPhysicalDefense	extraMagicDefense	pdLevelFactor	pdStrengthFactor	pdDexterityFactor	pdWisdomFactor	mdLevelFactor	mdStrengthFactor	mdDexterityFactor	mdWisdomFactor	lifeRaised	manaRaised
1122000100	轻型头盔	0	0	1	0	9	0	一般士兵所用的轻型头盔	0	0	0	0	2	2	2	1	0	0	0	0	0	0	0	0	0	0	0	0	0	0	0
1122000101	轻型头盔+1	0	0	1	0	9	0	一般士兵所用的轻型头盔	0	0	0	0	2	2	4	3	0	0	0	0	0	0	0	0	0	0	0	0	0	0	0
1122000102	轻型头盔+2	0	0	1	0	9	0	一般士兵所用的轻型头盔	0	0	0	0	2	2	6	5	0	0	0	0	0	0	0	0	0	0	0	0	0	0	0
1122000103	轻型头盔+3	0	0	1	0	9	0	一般士兵所用的轻型头盔	0	0	0	0	2	2	8	7	0	0	0	0	0	0	0	0	0	0	0	0	0	0	0
1122000104	轻型头盔+4	0	0	1	0	9	0	一般士兵所用的轻型头盔	0	0	0	0	2	2	10	9	0	0	0	0	0	0	0	0	0	0	0	0	0	0	0
1122000105	轻型头盔+5	0	0	1	0	9	0	一般士兵所用的轻型头盔	0	0	0	0	2	2	12	11	0	0	0	0	0	0	0	0	0	0	0	0	0	0	0
1122000106	轻型头盔+6	0	0	1	0	9	0	一般士兵所用的轻型头盔	0	0	0	0	2	2	14	13	0	0	0	0	0	0	0	0	0	0	0	0	0	0	0
1122000107	轻型头盔+7	0	0	1	0	9	0	一般士兵所用的轻型头盔	0	0	0	0	2	2	16	15	0	0	0	0	0	0	0	0	0	0	0	0	0	0	0
1122000108	轻型头盔+8	0	0	1	0	9	0	一般士兵所用的轻型头盔	0	0	0	0	2	2	18	17	0	0	0	0	0	0	0	0	0	0	0	0	0	0	0
1122000109	轻型头盔+9	0	0	1	0	9	0	一般士兵所用的轻型头盔	0	0	0	0	2	2	20	19	0	0	0	0	0	0	0	0	0	0	0	0	0	0	0
1122000110	轻型头盔+10	0	0	1	0	9	0	一般士兵所用的轻型头盔	0	0	0	0	2	2	22	21	0	0	0	0	0	0	0	0	0	0	0	0	0	0	0
1122000200	精铁头盔	12	0	2	0	500	0	精铁打造而成的头盔	500	0	0	0	2	2	10	7	0	0	0	0	0	0	0	0	0	0	0	0	0	60	0
1122000201	精铁头盔+1	12	0	2	0	500	0	精铁打造而成的头盔	600	0	0	0	2	2	12	9	0	0	0	0	0	0	0	0	0	0	0	0	0	65	0
1122000202	精铁头盔+2	12	0	2	0	500	0	精铁打造而成的头盔	700	0	0	0	2	2	14	12	0	0	0	0	0	0	0	0	0	0	0	0	0	70	0
1122000203	精铁头盔+3	12	0	2	0	500	0	精铁打造而成的头盔	800	10000	500	0	2	2	16	14	0	0	0	0	0	0	0	0	0	0	0	0	0	75	0
1122000204	精铁头盔+4	12	0	2	0	500	0	精铁打造而成的头盔	900	10000	500	0	2	2	18	16	0	0	0	0	0	0	0	0	0	0	0	0	0	80	0
1122000205	精铁头盔+5	12	0	2	0	500	0	精铁打造而成的头盔	1000	10000	500	0	2	2	20	18	0	0	0	0	0	0	0	0	0	0	0	0	0	85	0
1122000206	精铁头盔+6	12	0	2	0	500	0	精铁打造而成的头盔	1100	10000	500	0	2	2	22	20	0	0	0	0	0	0	0	0	0	0	0	0	0	90	0
1122000207	精铁头盔+7	12	0	2	0	500	0	精铁打造而成的头盔	1200	10000	500	0	2	2	24	23	0	0	0	0	0	0	0	0	0	0	0	0	0	95	0
1122000208	精铁头盔+8	12	0	2	0	500	0	精铁打造而成的头盔	1300	10000	500	0	2	2	26	25	0	0	0	0	0	0	0	0	0	0	0	0	0	100	0
1122000209	精铁头盔+9	12	0	2	0	500	0	精铁打造而成的头盔	1400	10000	500	0	2	2	28	27	0	0	0	0	0	0	0	0	0	0	0	0	0	105	0
1122000210	精铁头盔+10	12	0	2	0	500	0	精铁打造而成的头盔	0	10000	500	0	2	2	30	29	0	0	0	0	0	0	0	0	0	0	0	0	0	110	0
1122010200	精品精铁头盔	12	0	2	1	500	0	精铁打造而成的头盔	500	0	0	0	2	2	10	7	0	0	0	3	2	0	0	0	0	0	0	0	0	60	0
1122010201	精品精铁头盔+1	12	0	2	1	500	0	精铁打造而成的头盔	600	0	0	0	2	2	12	9	0	0	0	4	3	0	0	0	0	0	0	0	0	65	0
1122010202	精品精铁头盔+2	12	0	2	1	500	0	精铁打造而成的头盔	700	0	0	0	2	2	14	12	0	0	0	4	3	0	0	0	0	0	0	0	0	70	0
1122010203	精品精铁头盔+3	12	1	2	1	500	0	精铁打造而成的头盔	800	0	0	0	2	2	16	14	0	0	0	5	4	0	0	0	0	0	0	0	0	75	0
1122010204	精品精铁头盔+4	12	1	2	1	500	0	精铁打造而成的头盔	900	5000	1000	0	2	2	18	16	0	0	0	6	5	0	0	0	0	0	0	0	0	80	0
1122010205	精品精铁头盔+5	12	2	2	1	500	0	精铁打造而成的头盔	1000	6000	1000	0	2	2	20	18	0	0	0	6	5	0	0	0	0	0	0	0	0	85	0
1122010206	精品精铁头盔+6	12	2	2	1	500	0	精铁打造而成的头盔	1100	7000	1000	0	2	2	22	20	0	0	0	7	6	0	0	0	0	0	0	0	0	90	0
1122010207	精品精铁头盔+7	12	2	2	1	500	0	精铁打造而成的头盔	1200	8000	1000	0	2	2	24	23	0	0	0	8	7	0	0	0	0	0	0	0	0	95	0
1122010208	精品精铁头盔+8	12	3	2	1	500	0	精铁打造而成的头盔	1300	9000	1000	0	2	2	26	25	0	0	0	8	7	0	0	0	0	0	0	0	0	100	0
1122010209	精品精铁头盔+9	12	3	2	1	500	0	精铁打造而成的头盔	1400	10000	1000	0	2	2	28	27	0	0	0	9	8	0	0	0	0	0	0	0	0	105	0
1122010210	精品精铁头盔+10	12	4	2	1	500	0	精铁打造而成的头盔	0	10000	1000	0	2	2	30	29	0	0	0	10	9	0	0	0	0	0	0	0	0	110	0
1122020200	极品精铁头盔	12	0	2	2	500	0	精铁打造而成的头盔	500	0	0	0	2	2	10	7	0	0	0	3	2	2	0	0	0	2	0	0	0	60	0
1122020201	极品精铁头盔+1	12	0	2	2	500	0	精铁打造而成的头盔	600	0	0	0	2	2	12	9	0	0	0	4	3	2	0	0	0	2	0	0	0	65	0
1122020202	极品精铁头盔+2	12	0	2	2	500	0	精铁打造而成的头盔	700	0	0	0	2	2	14	12	0	0	0	4	3	2	0	0	0	2	0	0	0	70	0
1122020203	极品精铁头盔+3	12	2	2	2	500	0	精铁打造而成的头盔	800	0	0	0	2	2	16	14	0	0	0	5	4	2	0	0	0	2	0	0	0	75	0
1122020204	极品精铁头盔+4	12	2	2	2	500	0	精铁打造而成的头盔	900	0	0	0	2	2	18	16	0	0	0	6	5	2	0	0	0	2	0	0	0	80	0
1122020205	极品精铁头盔+5	12	3	2	2	500	0	精铁打造而成的头盔	1000	2500	1500	0	2	2	20	18	0	0	0	6	5	2	0	0	0	2	0	0	0	85	0
1122020206	极品精铁头盔+6	12	3	2	2	500	0	精铁打造而成的头盔	1100	3500	1500	0	2	2	22	20	0	0	0	7	6	2	0	0	0	2	0	0	0	90	0
1122020207	极品精铁头盔+7	12	3	2	2	500	0	精铁打造而成的头盔	1200	4500	1500	0	2	2	24	23	0	0	0	8	7	2	0	0	0	2	0	0	0	95	0
1122020208	极品精铁头盔+8	12	4	2	2	500	0	精铁打造而成的头盔	1300	5500	1500	0	2	2	26	25	0	0	0	8	7	2	0	0	0	2	0	0	0	100	0
1122020209	极品精铁头盔+9	12	4	2	2	500	0	精铁打造而成的头盔	1400	7000	1500	0	2	2	28	27	0	0	0	9	8	2	0	0	0	2	0	0	0	105	0
1122020210	极品精铁头盔+10	12	5	2	2	500	0	精铁打造而成的头盔	0	10000	1500	0	2	2	30	29	0	0	0	10	9	2	0	0	0	2	0	0	0	110	0
1122030200	完美精铁头盔	12	0	2	3	84000	17	精铁打造而成的头盔	500	0	0	33	2	2	10	7	0	0	0	3	2	2	10	0	0	2	0	0	10	160	60
1122030201	完美精铁头盔+1	12	0	2	3	84000	17	精铁打造而成的头盔	600	0	0	33	2	2	12	9	0	0	0	4	3	2	10	0	0	2	0	0	10	165	60
1122030202	完美精铁头盔+2	12	0	2	3	84000	17	精铁打造而成的头盔	700	0	0	33	2	2	14	12	0	0	0	4	3	2	10	0	0	2	0	0	10	170	60
1122030203	完美精铁头盔+3	12	3	2	3	84000	17	精铁打造而成的头盔	800	0	0	33	2	2	16	14	0	0	0	5	4	2	10	0	0	2	0	0	10	175	60
1122030204	完美精铁头盔+4	12	3	2	3	84000	17	精铁打造而成的头盔	900	0	0	33	2	2	18	16	0	0	0	6	5	2	10	0	0	2	0	0	10	180	60
1122030205	完美精铁头盔+5	12	4	2	3	84000	17	精铁打造而成的头盔	1000	0	0	33	2	2	20	18	0	0	0	6	5	2	10	0	0	2	0	0	10	185	60
1122030206	完美精铁头盔+6	12	4	2	3	84000	17	精铁打造而成的头盔	1100	0	0	33	2	2	22	20	0	0	0	7	6	2	10	0	0	2	0	0	10	190	60
1122030207	完美精铁头盔+7	12	4	2	3	84000	17	精铁打造而成的头盔	1200	1000	2000	33	2	2	24	23	0	0	0	8	7	2	10	0	0	2	0	0	10	195	60
1122030208	完美精铁头盔+8	12	5	2	3	84000	17	精铁打造而成的头盔	1300	1100	2000	33	2	2	26	25	0	0	0	8	7	2	10	0	0	2	0	0	10	200	60
1122030209	完美精铁头盔+9	12	5	2	3	84000	17	精铁打造而成的头盔	1400	1200	2000	33	2	2	28	27	0	0	0	9	8	2	10	0	0	2	0	0	10	205	60
1122030210	完美精铁头盔+10	12	6	2	3	84000	17	精铁打造而成的头盔	0	1300	2000	33	2	2	30	29	0	0	0	10	9	2	10	0	0	2	0	0	10	210	60
1122040200	神品精铁头盔	12	0	2	4	140000	28	精铁打造而成的头盔	500	0	0	56	2	2	10	7	0	0	0	3	2	2	10	10	10	2	10	10	10	160	60
1122040201	神品精铁头盔+1	12	0	2	4	140000	28	精铁打造而成的头盔	600	0	0	56	2	2	12	9	0	0	0	4	3	2	10	10	10	2	10	10	10	165	60
1122040202	神品精铁头盔+2	12	0	2	4	140000	28	精铁打造而成的头盔	700	0	0	56	2	2	14	12	0	0	0	4	3	2	10	10	10	2	10	10	10	170	60
1122040203	神品精铁头盔+3	12	4	2	4	140000	28	精铁打造而成的头盔	800	0	0	56	2	2	16	14	0	0	0	5	4	2	10	10	10	2	10	10	10	175	60
1122040204	神品精铁头盔+4	12	4	2	4	140000	28	精铁打造而成的头盔	900	0	0	56	2	2	18	16	0	0	0	6	5	2	10	10	10	2	10	10	10	180	60
1122040205	神品精铁头盔+5	12	5	2	4	140000	28	精铁打造而成的头盔	1000	0	0	56	2	2	20	18	0	0	0	6	5	2	10	10	10	2	10	10	10	185	60
1122040206	神品精铁头盔+6	12	5	2	4	140000	28	精铁打造而成的头盔	1100	0	0	56	2	2	22	20	0	0	0	7	6	2	10	10	10	2	10	10	10	190	60
1122040207	神品精铁头盔+7	12	5	2	4	140000	28	精铁打造而成的头盔	1200	0	0	56	2	2	24	23	0	0	0	8	7	2	10	10	10	2	10	10	10	195	60
1122040208	神品精铁头盔+8	12	6	2	4	140000	28	精铁打造而成的头盔	1300	0	0	56	2	2	26	25	0	0	0	8	7	2	10	10	10	2	10	10	10	200	60
1122040209	神品精铁头盔+9	12	6	2	4	140000	28	精铁打造而成的头盔	1400	0	0	56	2	2	28	27	0	0	0	9	8	2	10	10	10	2	10	10	10	205	60
1122040210	神品精铁头盔+10	12	7	2	4	140000	28	精铁打造而成的头盔	0	0	0	56	2	2	30	29	0	0	0	10	9	2	10	10	10	2	10	10	10	210	60
1122000300	青狼头盔	24	0	3	0	750	0	有青狼印记的头盔	800	0	0	0	2	2	20	16	0	0	0	0	0	0	0	0	0	0	0	0	0	90	0
1122000301	青狼头盔+1	24	0	3	0	750	0	有青狼印记的头盔	900	0	0	0	2	2	23	20	0	0	0	0	0	0	0	0	0	0	0	0	0	95	0
1122000302	青狼头盔+2	24	0	3	0	750	0	有青狼印记的头盔	1000	0	0	0	2	2	26	24	0	0	0	0	0	0	0	0	0	0	0	0	0	100	0
1122000303	青狼头盔+3	24	0	3	0	750	0	有青狼印记的头盔	1100	10000	1500	0	2	2	29	27	0	0	0	0	0	0	0	0	0	0	0	0	0	105	0
1122000304	青狼头盔+4	24	0	3	0	750	0	有青狼印记的头盔	1200	10000	1500	0	2	2	32	31	0	0	0	0	0	0	0	0	0	0	0	0	0	110	0
1122000305	青狼头盔+5	24	0	3	0	750	0	有青狼印记的头盔	1300	10000	1500	0	2	2	35	34	0	0	0	0	0	0	0	0	0	0	0	0	0	115	0
1122000306	青狼头盔+6	24	0	3	0	750	0	有青狼印记的头盔	1400	10000	1500	0	2	2	38	38	0	0	0	0	0	0	0	0	0	0	0	0	0	120	0
1122000307	青狼头盔+7	24	0	3	0	750	0	有青狼印记的头盔	1500	10000	1500	0	2	2	41	42	0	0	0	0	0	0	0	0	0	0	0	0	0	125	0
1122000308	青狼头盔+8	24	0	3	0	750	0	有青狼印记的头盔	1600	10000	1500	0	2	2	44	45	0	0	0	0	0	0	0	0	0	0	0	0	0	130	0
1122000309	青狼头盔+9	24	0	3	0	750	0	有青狼印记的头盔	1700	10000	1500	0	2	2	47	49	0	0	0	0	0	0	0	0	0	0	0	0	0	135	0
1122000310	青狼头盔+10	24	0	3	0	750	0	有青狼印记的头盔	0	10000	1500	0	2	2	50	52	0	0	0	0	0	0	0	0	0	0	0	0	0	140	0
1122010300	精品青狼头盔	24	0	3	1	750	0	有青狼印记的头盔	800	0	0	0	2	2	20	16	0	0	0	6	4	0	0	0	0	0	0	0	0	90	0
1122010301	精品青狼头盔+1	24	0	3	1	750	0	有青狼印记的头盔	900	0	0	0	2	2	23	20	0	0	0	7	5	0	0	0	0	0	0	0	0	95	0
1122010302	精品青狼头盔+2	24	0	3	1	750	0	有青狼印记的头盔	1000	0	0	0	2	2	26	24	0	0	0	8	6	0	0	0	0	0	0	0	0	100	0
1122010303	精品青狼头盔+3	24	1	3	1	750	0	有青狼印记的头盔	1100	0	0	0	2	2	29	27	0	0	0	9	7	0	0	0	0	0	0	0	0	105	0
1122010304	精品青狼头盔+4	24	1	3	1	750	0	有青狼印记的头盔	1200	5000	2000	0	2	2	32	31	0	0	0	10	8	0	0	0	0	0	0	0	0	110	0
1122010305	精品青狼头盔+5	24	2	3	1	750	0	有青狼印记的头盔	1300	6000	2000	0	2	2	35	34	0	0	0	11	9	0	0	0	0	0	0	0	0	115	0
1122010306	精品青狼头盔+6	24	2	3	1	750	0	有青狼印记的头盔	1400	7000	2000	0	2	2	38	38	0	0	0	12	10	0	0	0	0	0	0	0	0	120	0
1122010307	精品青狼头盔+7	24	2	3	1	750	0	有青狼印记的头盔	1500	8000	2000	0	2	2	41	42	0	0	0	13	11	0	0	0	0	0	0	0	0	125	0
1122010308	精品青狼头盔+8	24	3	3	1	750	0	有青狼印记的头盔	1600	9000	2000	0	2	2	44	45	0	0	0	14	12	0	0	0	0	0	0	0	0	130	0
1122010309	精品青狼头盔+9	24	3	3	1	750	0	有青狼印记的头盔	1700	10000	2000	0	2	2	47	49	0	0	0	15	13	0	0	0	0	0	0	0	0	135	0
1122010310	精品青狼头盔+10	24	4	3	1	750	0	有青狼印记的头盔	0	10000	2000	0	2	2	50	52	0	0	0	16	14	0	0	0	0	0	0	0	0	140	0
1122020300	极品青狼头盔	24	0	3	2	750	0	有青狼印记的头盔	800	0	0	0	2	2	20	16	0	0	0	6	4	2	0	0	0	2	0	0	0	90	0
1122020301	极品青狼头盔+1	24	0	3	2	750	0	有青狼印记的头盔	900	0	0	0	2	2	23	20	0	0	0	7	5	2	0	0	0	2	0	0	0	95	0
1122020302	极品青狼头盔+2	24	0	3	2	750	0	有青狼印记的头盔	1000	0	0	0	2	2	26	24	0	0	0	8	6	2	0	0	0	2	0	0	0	100	0
1122020303	极品青狼头盔+3	24	2	3	2	750	0	有青狼印记的头盔	1100	0	0	0	2	2	29	27	0	0	0	9	7	2	0	0	0	2	0	0	0	105	0
1122020304	极品青狼头盔+4	24	2	3	2	750	0	有青狼印记的头盔	1200	0	0	0	2	2	32	31	0	0	0	10	8	2	0	0	0	2	0	0	0	110	0
1122020305	极品青狼头盔+5	24	3	3	2	750	0	有青狼印记的头盔	1300	2500	2500	0	2	2	35	34	0	0	0	11	9	2	0	0	0	2	0	0	0	115	0
1122020306	极品青狼头盔+6	24	3	3	2	750	0	有青狼印记的头盔	1400	3500	2500	0	2	2	38	38	0	0	0	12	10	2	0	0	0	2	0	0	0	120	0
1122020307	极品青狼头盔+7	24	3	3	2	750	0	有青狼印记的头盔	1500	4500	2500	0	2	2	41	42	0	0	0	13	11	2	0	0	0	2	0	0	0	125	0
1122020308	极品青狼头盔+8	24	4	3	2	750	0	有青狼印记的头盔	1600	5500	2500	0	2	2	44	45	0	0	0	14	12	2	0	0	0	2	0	0	0	130	0
1122020309	极品青狼头盔+9	24	4	3	2	750	0	有青狼印记的头盔	1700	7000	2500	0	2	2	47	49	0	0	0	15	13	2	0	0	0	2	0	0	0	135	0
1122020310	极品青狼头盔+10	24	5	3	2	750	0	有青狼印记的头盔	0	10000	2500	0	2	2	50	52	0	0	0	16	14	2	0	0	0	2	0	0	0	140	0
1122030300	完美青狼头盔	24	0	3	3	168000	25	有青狼印记的头盔	800	0	0	100	2	2	20	16	0	0	0	6	4	2	10	0	0	2	0	0	10	240	90
1122030301	完美青狼头盔+1	24	0	3	3	168000	25	有青狼印记的头盔	900	0	0	100	2	2	23	20	0	0	0	7	5	2	10	0	0	2	0	0	10	245	90
1122030302	完美青狼头盔+2	24	0	3	3	168000	25	有青狼印记的头盔	1000	0	0	100	2	2	26	24	0	0	0	8	6	2	10	0	0	2	0	0	10	250	90
1122030303	完美青狼头盔+3	24	3	3	3	168000	25	有青狼印记的头盔	1100	0	0	100	2	2	29	27	0	0	0	9	7	2	10	0	0	2	0	0	10	255	90
1122030304	完美青狼头盔+4	24	3	3	3	168000	25	有青狼印记的头盔	1200	0	0	100	2	2	32	31	0	0	0	10	8	2	10	0	0	2	0	0	10	260	90
1122030305	完美青狼头盔+5	24	4	3	3	168000	25	有青狼印记的头盔	1300	0	0	100	2	2	35	34	0	0	0	11	9	2	10	0	0	2	0	0	10	265	90
1122030306	完美青狼头盔+6	24	4	3	3	168000	25	有青狼印记的头盔	1400	0	0	100	2	2	38	38	0	0	0	12	10	2	10	0	0	2	0	0	10	270	90
1122030307	完美青狼头盔+7	24	4	3	3	168000	25	有青狼印记的头盔	1500	1000	3000	100	2	2	41	42	0	0	0	13	11	2	10	0	0	2	0	0	10	275	90
1122030308	完美青狼头盔+8	24	5	3	3	168000	25	有青狼印记的头盔	1600	2000	3000	100	2	2	44	45	0	0	0	14	12	2	10	0	0	2	0	0	10	280	90
1122030309	完美青狼头盔+9	24	5	3	3	168000	25	有青狼印记的头盔	1700	3000	3000	100	2	2	47	49	0	0	0	15	13	2	10	0	0	2	0	0	10	285	90
1122030310	完美青狼头盔+10	24	6	3	3	168000	25	有青狼印记的头盔	0	4000	3000	100	2	2	50	52	0	0	0	16	14	2	10	0	0	2	0	0	10	290	90
1122040300	神品青狼头盔	24	0	3	4	280000	42	有青狼印记的头盔	800	0	0	168	2	2	20	16	0	0	0	6	4	2	10	10	10	2	10	10	10	240	90
1122040301	神品青狼头盔+1	24	0	3	4	280000	42	有青狼印记的头盔	900	0	0	168	2	2	23	20	0	0	0	7	5	2	10	10	10	2	10	10	10	245	90
1122040302	神品青狼头盔+2	24	0	3	4	280000	42	有青狼印记的头盔	1000	0	0	168	2	2	26	24	0	0	0	8	6	2	10	10	10	2	10	10	10	250	90
1122040303	神品青狼头盔+3	24	4	3	4	280000	42	有青狼印记的头盔	1100	0	0	168	2	2	29	27	0	0	0	9	7	2	10	10	10	2	10	10	10	255	90
1122040304	神品青狼头盔+4	24	4	3	4	280000	42	有青狼印记的头盔	1200	0	0	168	2	2	32	31	0	0	0	10	8	2	10	10	10	2	10	10	10	260	90
1122040305	神品青狼头盔+5	24	5	3	4	280000	42	有青狼印记的头盔	1300	0	0	168	2	2	35	34	0	0	0	11	9	2	10	10	10	2	10	10	10	265	90
1122040306	神品青狼头盔+6	24	5	3	4	280000	42	有青狼印记的头盔	1400	0	0	168	2	2	38	38	0	0	0	12	10	2	10	10	10	2	10	10	10	270	90
1122040307	神品青狼头盔+7	24	5	3	4	280000	42	有青狼印记的头盔	1500	0	0	168	2	2	41	42	0	0	0	13	11	2	10	10	10	2	10	10	10	275	90
1122040308	神品青狼头盔+8	24	6	3	4	280000	42	有青狼印记的头盔	1600	0	0	168	2	2	44	45	0	0	0	14	12	2	10	10	10	2	10	10	10	280	90
1122040309	神品青狼头盔+9	24	6	3	4	280000	42	有青狼印记的头盔	1700	0	0	168	2	2	47	49	0	0	0	15	13	2	10	10	10	2	10	10	10	285	90
1122040310	神品青狼头盔+10	24	7	3	4	280000	42	有青狼印记的头盔	0	0	0	168	2	2	50	52	0	0	0	16	14	2	10	10	10	2	10	10	10	290	90
1122000400	光芒头盔	36	0	4	0	1125	0	散发出点点光芒的头盔	1200	0	0	0	2	2	32	26	0	0	0	0	0	0	0	0	0	0	0	0	0	115	0
1122000401	光芒头盔+1	36	0	4	0	1125	0	散发出点点光芒的头盔	1300	0	0	0	2	2	35	30	0	0	0	0	0	0	0	0	0	0	0	0	0	120	0
1122000402	光芒头盔+2	36	0	4	0	1125	0	散发出点点光芒的头盔	1400	0	3000	0	2	2	38	33	0	0	0	0	0	0	0	0	0	0	0	0	0	125	0
1122000403	光芒头盔+3	36	0	4	0	1125	0	散发出点点光芒的头盔	1500	10000	3000	0	2	2	41	37	0	0	0	0	0	0	0	0	0	0	0	0	0	130	0
1122000404	光芒头盔+4	36	0	4	0	1125	0	散发出点点光芒的头盔	1600	10000	3000	0	2	2	44	40	0	0	0	0	0	0	0	0	0	0	0	0	0	135	0
1122000405	光芒头盔+5	36	0	4	0	1125	0	散发出点点光芒的头盔	1700	10000	3000	0	2	2	47	44	0	0	0	0	0	0	0	0	0	0	0	0	0	140	0
1122000406	光芒头盔+6	36	0	4	0	1125	0	散发出点点光芒的头盔	1800	10000	3000	0	2	2	50	48	0	0	0	0	0	0	0	0	0	0	0	0	0	145	0
1122000407	光芒头盔+7	36	0	4	0	1125	0	散发出点点光芒的头盔	1900	10000	3000	0	2	2	53	51	0	0	0	0	0	0	0	0	0	0	0	0	0	150	0
1122000408	光芒头盔+8	36	0	4	0	1125	0	散发出点点光芒的头盔	2000	10000	3000	0	2	2	56	55	0	0	0	0	0	0	0	0	0	0	0	0	0	155	0
1122000409	光芒头盔+9	36	0	4	0	1125	0	散发出点点光芒的头盔	2100	10000	3000	0	2	2	59	58	0	0	0	0	0	0	0	0	0	0	0	0	0	160	0
1122000410	光芒头盔+10	36	0	4	0	1125	0	散发出点点光芒的头盔	0	10000	3000	0	2	2	62	62	0	0	0	0	0	0	0	0	0	0	0	0	0	165	0
1122010400	精品光芒头盔	36	0	4	1	1125	0	散发出点点光芒的头盔	1200	0	0	0	2	2	32	26	0	0	0	10	7	0	0	0	0	0	0	0	0	115	0
1122010401	精品光芒头盔+1	36	0	4	1	1125	0	散发出点点光芒的头盔	1300	0	0	0	2	2	35	30	0	0	0	11	8	0	0	0	0	0	0	0	0	120	0
1122010402	精品光芒头盔+2	36	0	4	1	1125	0	散发出点点光芒的头盔	1400	0	0	0	2	2	38	33	0	0	0	12	9	0	0	0	0	0	0	0	0	125	0
1122010403	精品光芒头盔+3	36	1	4	1	1125	0	散发出点点光芒的头盔	1500	0	0	0	2	2	41	37	0	0	0	13	10	0	0	0	0	0	0	0	0	130	0
1122010404	精品光芒头盔+4	36	1	4	1	1125	0	散发出点点光芒的头盔	1600	5000	4000	0	2	2	44	40	0	0	0	14	11	0	0	0	0	0	0	0	0	135	0
1122010405	精品光芒头盔+5	36	2	4	1	1125	0	散发出点点光芒的头盔	1700	6000	4000	0	2	2	47	44	0	0	0	15	12	0	0	0	0	0	0	0	0	140	0
1122010406	精品光芒头盔+6	36	2	4	1	1125	0	散发出点点光芒的头盔	1800	7000	4000	0	2	2	50	48	0	0	0	16	13	0	0	0	0	0	0	0	0	145	0
1122010407	精品光芒头盔+7	36	2	4	1	1125	0	散发出点点光芒的头盔	1900	8000	4000	0	2	2	53	51	0	0	0	17	14	0	0	0	0	0	0	0	0	150	0
1122010408	精品光芒头盔+8	36	3	4	1	1125	0	散发出点点光芒的头盔	2000	9000	4000	0	2	2	56	55	0	0	0	18	15	0	0	0	0	0	0	0	0	155	0
1122010409	精品光芒头盔+9	36	3	4	1	1125	0	散发出点点光芒的头盔	2100	10000	4000	0	2	2	59	58	0	0	0	19	16	0	0	0	0	0	0	0	0	160	0
1122010410	精品光芒头盔+10	36	4	4	1	1125	0	散发出点点光芒的头盔	0	10000	4000	0	2	2	62	62	0	0	0	20	17	0	0	0	0	0	0	0	0	165	0
1122020400	极品光芒头盔	36	0	4	2	1125	0	散发出点点光芒的头盔	1200	0	0	0	2	2	32	26	0	0	0	10	7	2	0	0	0	2	0	0	0	115	0
1122020401	极品光芒头盔+1	36	0	4	2	1125	0	散发出点点光芒的头盔	1300	0	0	0	2	2	35	30	0	0	0	11	8	2	0	0	0	2	0	0	0	120	0
1122020402	极品光芒头盔+2	36	0	4	2	1125	0	散发出点点光芒的头盔	1400	0	0	0	2	2	38	33	0	0	0	12	9	2	0	0	0	2	0	0	0	125	0
1122020403	极品光芒头盔+3	36	2	4	2	1125	0	散发出点点光芒的头盔	1500	0	0	0	2	2	41	37	0	0	0	13	10	2	0	0	0	2	0	0	0	130	0
1122020404	极品光芒头盔+4	36	2	4	2	1125	0	散发出点点光芒的头盔	1600	0	0	0	2	2	44	40	0	0	0	14	11	2	0	0	0	2	0	0	0	135	0
1122020405	极品光芒头盔+5	36	3	4	2	1125	0	散发出点点光芒的头盔	1700	1000	5000	0	2	2	47	44	0	0	0	15	12	2	0	0	0	2	0	0	0	140	0
1122020406	极品光芒头盔+6	36	3	4	2	1125	0	散发出点点光芒的头盔	1800	2000	5000	0	2	2	50	48	0	0	0	16	13	2	0	0	0	2	0	0	0	145	0
1122020407	极品光芒头盔+7	36	3	4	2	1125	0	散发出点点光芒的头盔	1900	3500	5000	0	2	2	53	51	0	0	0	17	14	2	0	0	0	2	0	0	0	150	0
1122020408	极品光芒头盔+8	36	4	4	2	1125	0	散发出点点光芒的头盔	2000	5000	5000	0	2	2	56	55	0	0	0	18	15	2	0	0	0	2	0	0	0	155	0
1122020409	极品光芒头盔+9	36	4	4	2	1125	0	散发出点点光芒的头盔	2100	7000	5000	0	2	2	59	58	0	0	0	19	16	2	0	0	0	2	0	0	0	160	0
1122020410	极品光芒头盔+10	36	5	4	2	1125	0	散发出点点光芒的头盔	0	10000	5000	0	2	2	62	62	0	0	0	20	17	2	0	0	0	2	0	0	0	165	0
1122030400	完美光芒头盔	36	0	4	3	420000	32	散发出点点光芒的头盔	1200	0	0	100	2	2	32	26	0	0	0	10	7	2	10	0	0	2	0	0	10	315	120
1122030401	完美光芒头盔+1	36	0	4	3	420000	32	散发出点点光芒的头盔	1300	0	0	100	2	2	35	30	0	0	0	11	8	2	10	0	0	2	0	0	10	320	120
1122030402	完美光芒头盔+2	36	0	4	3	420000	32	散发出点点光芒的头盔	1400	0	0	100	2	2	38	33	0	0	0	12	9	2	10	0	0	2	0	0	10	325	120
1122030403	完美光芒头盔+3	36	3	4	3	420000	32	散发出点点光芒的头盔	1500	0	0	100	2	2	41	37	0	0	0	13	10	2	10	0	0	2	0	0	10	330	120
1122030404	完美光芒头盔+4	36	3	4	3	420000	32	散发出点点光芒的头盔	1600	0	0	100	2	2	44	40	0	0	0	14	11	2	10	0	0	2	0	0	10	335	120
1122030405	完美光芒头盔+5	36	4	4	3	420000	32	散发出点点光芒的头盔	1700	0	0	100	2	2	47	44	0	0	0	15	12	2	10	0	0	2	0	0	10	340	120
1122030406	完美光芒头盔+6	36	4	4	3	420000	32	散发出点点光芒的头盔	1800	0	0	100	2	2	50	48	0	0	0	16	13	2	10	0	0	2	0	0	10	345	120
1122030407	完美光芒头盔+7	36	4	4	3	420000	32	散发出点点光芒的头盔	1900	1000	6000	100	2	2	53	51	0	0	0	17	14	2	10	0	0	2	0	0	10	350	120
1122030408	完美光芒头盔+8	36	5	4	3	420000	32	散发出点点光芒的头盔	2000	2000	6000	100	2	2	56	55	0	0	0	18	15	2	10	0	0	2	0	0	10	355	120
1122030409	完美光芒头盔+9	36	5	4	3	420000	32	散发出点点光芒的头盔	2100	3000	6000	100	2	2	59	58	0	0	0	19	16	2	10	0	0	2	0	0	10	360	120
1122030410	完美光芒头盔+10	36	6	4	3	420000	32	散发出点点光芒的头盔	0	4000	6000	100	2	2	62	62	0	0	0	20	17	2	10	0	0	2	0	0	10	365	120
1122040400	神品光芒头盔	36	0	4	4	700000	53	散发出点点光芒的头盔	1200	0	0	168	2	2	32	26	0	0	0	10	7	2	10	10	10	2	10	10	10	315	120
1122040401	神品光芒头盔+1	36	0	4	4	700000	53	散发出点点光芒的头盔	1300	0	0	168	2	2	35	30	0	0	0	11	8	2	10	10	10	2	10	10	10	320	120
1122040402	神品光芒头盔+2	36	0	4	4	700000	53	散发出点点光芒的头盔	1400	0	0	168	2	2	38	33	0	0	0	12	9	2	10	10	10	2	10	10	10	325	120
1122040403	神品光芒头盔+3	36	4	4	4	700000	53	散发出点点光芒的头盔	1500	0	0	168	2	2	41	37	0	0	0	13	10	2	10	10	10	2	10	10	10	330	120
1122040404	神品光芒头盔+4	36	4	4	4	700000	53	散发出点点光芒的头盔	1600	0	0	168	2	2	44	40	0	0	0	14	11	2	10	10	10	2	10	10	10	335	120
1122040405	神品光芒头盔+5	36	5	4	4	700000	53	散发出点点光芒的头盔	1700	0	0	168	2	2	47	44	0	0	0	15	12	2	10	10	10	2	10	10	10	340	120
1122040406	神品光芒头盔+6	36	5	4	4	700000	53	散发出点点光芒的头盔	1800	0	0	168	2	2	50	48	0	0	0	16	13	2	10	10	10	2	10	10	10	345	120
1122040407	神品光芒头盔+7	36	5	4	4	700000	53	散发出点点光芒的头盔	1900	0	0	168	2	2	53	51	0	0	0	17	14	2	10	10	10	2	10	10	10	350	120
1122040408	神品光芒头盔+8	36	6	4	4	700000	53	散发出点点光芒的头盔	2000	0	0	168	2	2	56	55	0	0	0	18	15	2	10	10	10	2	10	10	10	355	120
1122040409	神品光芒头盔+9	36	6	4	4	700000	53	散发出点点光芒的头盔	2100	0	0	168	2	2	59	58	0	0	0	19	16	2	10	10	10	2	10	10	10	360	120
1122040410	神品光芒头盔+10	36	7	4	4	700000	53	散发出点点光芒的头盔	0	0	0	168	2	2	62	62	0	0	0	20	17	2	10	10	10	2	10	10	10	365	120
1122000500	闪耀头盔	48	0	5	0	1406	0	随时都闪耀着亮光的头盔	1600	0	0	0	2	2	46	37	0	0	0	0	0	0	0	0	0	0	0	0	0	140	0
1122000501	闪耀头盔+1	48	0	5	0	1406	0	随时都闪耀着亮光的头盔	1800	0	0	0	2	2	49	41	0	0	0	0	0	0	0	0	0	0	0	0	0	145	0
1122000502	闪耀头盔+2	48	0	5	0	1406	0	随时都闪耀着亮光的头盔	2000	0	0	0	2	2	52	45	0	0	0	0	0	0	0	0	0	0	0	0	0	150	0
1122000503	闪耀头盔+3	48	0	5	0	1406	0	随时都闪耀着亮光的头盔	2200	9000	5000	0	2	2	55	48	0	0	0	0	0	0	0	0	0	0	0	0	0	155	0
1122000504	闪耀头盔+4	48	0	5	0	1406	0	随时都闪耀着亮光的头盔	2400	10000	5000	0	2	2	58	52	0	0	0	0	0	0	0	0	0	0	0	0	0	160	0
1122000505	闪耀头盔+5	48	0	5	0	1406	0	随时都闪耀着亮光的头盔	2600	10000	5000	0	2	2	61	56	0	0	0	0	0	0	0	0	0	0	0	0	0	165	0
1122000506	闪耀头盔+6	48	0	5	0	1406	0	随时都闪耀着亮光的头盔	2800	10000	5000	0	2	2	64	60	0	0	0	0	0	0	0	0	0	0	0	0	0	170	0
1122000507	闪耀头盔+7	48	0	5	0	1406	0	随时都闪耀着亮光的头盔	3000	10000	5000	0	2	2	67	63	0	0	0	0	0	0	0	0	0	0	0	0	0	175	0
1122000508	闪耀头盔+8	48	0	5	0	1406	0	随时都闪耀着亮光的头盔	3200	10000	5000	0	2	2	70	67	0	0	0	0	0	0	0	0	0	0	0	0	0	180	0
1122000509	闪耀头盔+9	48	0	5	0	1406	0	随时都闪耀着亮光的头盔	3400	10000	5000	0	2	2	73	71	0	0	0	0	0	0	0	0	0	0	0	0	0	185	0
1122000510	闪耀头盔+10	48	0	5	0	1406	0	随时都闪耀着亮光的头盔	0	10000	5000	0	2	2	76	75	0	0	0	0	0	0	0	0	0	0	0	0	0	190	0
1122010500	精品闪耀头盔	48	0	5	1	1406	0	随时都闪耀着亮光的头盔	1600	0	0	0	2	2	46	37	0	0	0	15	10	0	0	0	0	0	0	0	0	140	0
1122010501	精品闪耀头盔+1	48	0	5	1	1406	0	随时都闪耀着亮光的头盔	1800	0	0	0	2	2	49	41	0	0	0	16	11	0	0	0	0	0	0	0	0	145	0
1122010502	精品闪耀头盔+2	48	0	5	1	1406	0	随时都闪耀着亮光的头盔	2000	0	0	0	2	2	52	45	0	0	0	17	12	0	0	0	0	0	0	0	0	150	0
1122010503	精品闪耀头盔+3	48	1	5	1	1406	0	随时都闪耀着亮光的头盔	2200	0	0	0	2	2	55	48	0	0	0	18	13	0	0	0	0	0	0	0	0	155	0
1122010504	精品闪耀头盔+4	48	1	5	1	1406	0	随时都闪耀着亮光的头盔	2400	1000	6000	0	2	2	58	52	0	0	0	19	14	0	0	0	0	0	0	0	0	160	0
1122010505	精品闪耀头盔+5	48	2	5	1	1406	0	随时都闪耀着亮光的头盔	2600	3000	6000	0	2	2	61	56	0	0	0	20	15	0	0	0	0	0	0	0	0	165	0
1122010506	精品闪耀头盔+6	48	2	5	1	1406	0	随时都闪耀着亮光的头盔	2800	5000	6000	0	2	2	64	60	0	0	0	21	16	0	0	0	0	0	0	0	0	170	0
1122010507	精品闪耀头盔+7	48	2	5	1	1406	0	随时都闪耀着亮光的头盔	3000	7000	6000	0	2	2	67	63	0	0	0	22	17	0	0	0	0	0	0	0	0	175	0
1122010508	精品闪耀头盔+8	48	3	5	1	1406	0	随时都闪耀着亮光的头盔	3200	8000	6000	0	2	2	70	67	0	0	0	23	18	0	0	0	0	0	0	0	0	180	0
1122010509	精品闪耀头盔+9	48	3	5	1	1406	0	随时都闪耀着亮光的头盔	3400	9000	6000	0	2	2	73	71	0	0	0	24	19	0	0	0	0	0	0	0	0	185	0
1122010510	精品闪耀头盔+10	48	4	5	1	1406	0	随时都闪耀着亮光的头盔	0	10000	6000	0	2	2	76	75	0	0	0	25	20	0	0	0	0	0	0	0	0	190	0
1122020500	极品闪耀头盔	48	0	5	2	1406	0	随时都闪耀着亮光的头盔	1600	0	0	0	2	2	46	37	0	0	0	15	10	2	0	0	0	2	0	0	0	140	0
1122020501	极品闪耀头盔+1	48	0	5	2	1406	0	随时都闪耀着亮光的头盔	1800	0	0	0	2	2	49	41	0	0	0	16	11	2	0	0	0	2	0	0	0	145	0
1122020502	极品闪耀头盔+2	48	0	5	2	1406	0	随时都闪耀着亮光的头盔	2000	0	0	0	2	2	52	45	0	0	0	17	12	2	0	0	0	2	0	0	0	150	0
1122020503	极品闪耀头盔+3	48	2	5	2	1406	0	随时都闪耀着亮光的头盔	2200	0	0	0	2	2	55	48	0	0	0	18	13	2	0	0	0	2	0	0	0	155	0
1122020504	极品闪耀头盔+4	48	2	5	2	1406	0	随时都闪耀着亮光的头盔	2400	0	0	0	2	2	58	52	0	0	0	19	14	2	0	0	0	2	0	0	0	160	0
1122020505	极品闪耀头盔+5	48	3	5	2	1406	0	随时都闪耀着亮光的头盔	2600	1000	7000	0	2	2	61	56	0	0	0	20	15	2	0	0	0	2	0	0	0	165	0
1122020506	极品闪耀头盔+6	48	3	5	2	1406	0	随时都闪耀着亮光的头盔	2800	2000	7000	0	2	2	64	60	0	0	0	21	16	2	0	0	0	2	0	0	0	170	0
1122020507	极品闪耀头盔+7	48	3	5	2	1406	0	随时都闪耀着亮光的头盔	3000	3000	7000	0	2	2	67	63	0	0	0	22	17	2	0	0	0	2	0	0	0	175	0
1122020508	极品闪耀头盔+8	48	4	5	2	1406	0	随时都闪耀着亮光的头盔	3200	4000	7000	0	2	2	70	67	0	0	0	23	18	2	0	0	0	2	0	0	0	180	0
1122020509	极品闪耀头盔+9	48	4	5	2	1406	0	随时都闪耀着亮光的头盔	3400	5000	7000	0	2	2	73	71	0	0	0	24	19	2	0	0	0	2	0	0	0	185	0
1122020510	极品闪耀头盔+10	48	5	5	2	1406	0	随时都闪耀着亮光的头盔	0	6000	7000	0	2	2	76	75	0	0	0	25	20	2	0	0	0	2	0	0	0	190	0
1122030500	完美闪耀头盔	48	0	5	3	672000	37	随时都闪耀着亮光的头盔	1600	0	0	134	2	2	46	37	0	0	0	15	10	2	10	0	0	2	0	0	10	390	150
1122030501	完美闪耀头盔+1	48	0	5	3	672000	37	随时都闪耀着亮光的头盔	1800	0	0	134	2	2	49	41	0	0	0	16	11	2	10	0	0	2	0	0	10	395	150
1122030502	完美闪耀头盔+2	48	0	5	3	672000	37	随时都闪耀着亮光的头盔	2000	0	0	134	2	2	52	45	0	0	0	17	12	2	10	0	0	2	0	0	10	400	150
1122030503	完美闪耀头盔+3	48	3	5	3	672000	37	随时都闪耀着亮光的头盔	2200	0	0	134	2	2	55	48	0	0	0	18	13	2	10	0	0	2	0	0	10	405	150
1122030504	完美闪耀头盔+4	48	3	5	3	672000	37	随时都闪耀着亮光的头盔	2400	0	0	134	2	2	58	52	0	0	0	19	14	2	10	0	0	2	0	0	10	410	150
1122030505	完美闪耀头盔+5	48	4	5	3	672000	37	随时都闪耀着亮光的头盔	2600	0	0	134	2	2	61	56	0	0	0	20	15	2	10	0	0	2	0	0	10	415	150
1122030506	完美闪耀头盔+6	48	4	5	3	672000	37	随时都闪耀着亮光的头盔	2800	0	0	134	2	2	64	60	0	0	0	21	16	2	10	0	0	2	0	0	10	420	150
1122030507	完美闪耀头盔+7	48	4	5	3	672000	37	随时都闪耀着亮光的头盔	3000	100	8000	134	2	2	67	63	0	0	0	22	17	2	10	0	0	2	0	0	10	425	150
1122030508	完美闪耀头盔+8	48	5	5	3	672000	37	随时都闪耀着亮光的头盔	3200	600	8000	134	2	2	70	67	0	0	0	23	18	2	10	0	0	2	0	0	10	430	150
1122030509	完美闪耀头盔+9	48	5	5	3	672000	37	随时都闪耀着亮光的头盔	3400	1100	8000	134	2	2	73	71	0	0	0	24	19	2	10	0	0	2	0	0	10	435	150
1122030510	完美闪耀头盔+10	48	6	5	3	672000	37	随时都闪耀着亮光的头盔	0	1600	8000	134	2	2	76	75	0	0	0	25	20	2	10	0	0	2	0	0	10	440	150
1122040500	神品闪耀头盔	48	0	5	4	1120000	62	随时都闪耀着亮光的头盔	1600	0	0	224	2	2	46	37	0	0	0	15	10	2	10	10	10	2	10	10	10	390	150
1122040501	神品闪耀头盔+1	48	0	5	4	1120000	62	随时都闪耀着亮光的头盔	1800	0	0	224	2	2	49	41	0	0	0	16	11	2	10	10	10	2	10	10	10	395	150
1122040502	神品闪耀头盔+2	48	0	5	4	1120000	62	随时都闪耀着亮光的头盔	2000	0	0	224	2	2	52	45	0	0	0	17	12	2	10	10	10	2	10	10	10	400	150
1122040503	神品闪耀头盔+3	48	4	5	4	1120000	62	随时都闪耀着亮光的头盔	2200	0	0	224	2	2	55	48	0	0	0	18	13	2	10	10	10	2	10	10	10	405	150
1122040504	神品闪耀头盔+4	48	4	5	4	1120000	62	随时都闪耀着亮光的头盔	2400	0	0	224	2	2	58	52	0	0	0	19	14	2	10	10	10	2	10	10	10	410	150
1122040505	神品闪耀头盔+5	48	5	5	4	1120000	62	随时都闪耀着亮光的头盔	2600	0	0	224	2	2	61	56	0	0	0	20	15	2	10	10	10	2	10	10	10	415	150
1122040506	神品闪耀头盔+6	48	5	5	4	1120000	62	随时都闪耀着亮光的头盔	2800	0	0	224	2	2	64	60	0	0	0	21	16	2	10	10	10	2	10	10	10	420	150
1122040507	神品闪耀头盔+7	48	5	5	4	1120000	62	随时都闪耀着亮光的头盔	3000	0	0	224	2	2	67	63	0	0	0	22	17	2	10	10	10	2	10	10	10	425	150
1122040508	神品闪耀头盔+8	48	6	5	4	1120000	62	随时都闪耀着亮光的头盔	3200	0	0	224	2	2	70	67	0	0	0	23	18	2	10	10	10	2	10	10	10	430	150
1122040509	神品闪耀头盔+9	48	6	5	4	1120000	62	随时都闪耀着亮光的头盔	3400	0	0	224	2	2	73	71	0	0	0	24	19	2	10	10	10	2	10	10	10	435	150
1122040510	神品闪耀头盔+10	48	7	5	4	1120000	62	随时都闪耀着亮光的头盔	0	0	0	224	2	2	76	75	0	0	0	25	20	2	10	10	10	2	10	10	10	440	150
1122000600	胜利头盔	60	0	6	0	2109	0	能够带来胜利的头盔	2200	0	0	0	2	2	60	47	0	0	0	0	0	0	0	0	0	0	0	0	0	170	0
1122000601	胜利头盔+1	60	0	6	0	2109	0	能够带来胜利的头盔	2400	0	0	0	2	2	64	52	0	0	0	0	0	0	0	0	0	0	0	0	0	175	0
1122000602	胜利头盔+2	60	0	6	0	2109	0	能够带来胜利的头盔	2600	0	0	0	2	2	68	57	0	0	0	0	0	0	0	0	0	0	0	0	0	180	0
1122000603	胜利头盔+3	60	0	6	0	2109	0	能够带来胜利的头盔	2800	9000	7000	0	2	2	72	62	0	0	0	0	0	0	0	0	0	0	0	0	0	185	0
1122000604	胜利头盔+4	60	0	6	0	2109	0	能够带来胜利的头盔	3000	10000	7000	0	2	2	76	67	0	0	0	0	0	0	0	0	0	0	0	0	0	190	0
1122000605	胜利头盔+5	60	0	6	0	2109	0	能够带来胜利的头盔	3200	10000	7000	0	2	2	80	72	0	0	0	0	0	0	0	0	0	0	0	0	0	195	0
1122000606	胜利头盔+6	60	0	6	0	2109	0	能够带来胜利的头盔	3400	10000	7000	0	2	2	84	77	0	0	0	0	0	0	0	0	0	0	0	0	0	200	0
1122000607	胜利头盔+7	60	0	6	0	2109	0	能够带来胜利的头盔	3600	10000	7000	0	2	2	88	82	0	0	0	0	0	0	0	0	0	0	0	0	0	205	0
1122000608	胜利头盔+8	60	0	6	0	2109	0	能够带来胜利的头盔	3800	10000	7000	0	2	2	92	87	0	0	0	0	0	0	0	0	0	0	0	0	0	210	0
1122000609	胜利头盔+9	60	0	6	0	2109	0	能够带来胜利的头盔	4000	10000	7000	0	2	2	96	92	0	0	0	0	0	0	0	0	0	0	0	0	0	215	0
1122000610	胜利头盔+10	60	0	6	0	2109	0	能够带来胜利的头盔	0	10000	7000	0	2	2	100	97	0	0	0	0	0	0	0	0	0	0	0	0	0	220	0
1122010600	精品胜利头盔	60	0	6	1	2109	0	能够带来胜利的头盔	2200	0	0	0	2	2	60	47	0	0	0	20	12	0	0	0	0	0	0	0	0	170	0
1122010601	精品胜利头盔+1	60	0	6	1	2109	0	能够带来胜利的头盔	2400	0	0	0	2	2	64	52	0	0	0	21	14	0	0	0	0	0	0	0	0	175	0
1122010602	精品胜利头盔+2	60	0	6	1	2109	0	能够带来胜利的头盔	2600	0	0	0	2	2	68	57	0	0	0	22	15	0	0	0	0	0	0	0	0	180	0
1122010603	精品胜利头盔+3	60	1	6	1	2109	0	能够带来胜利的头盔	2800	0	0	0	2	2	72	62	0	0	0	24	16	0	0	0	0	0	0	0	0	185	0
1122010604	精品胜利头盔+4	60	1	6	1	2109	0	能够带来胜利的头盔	3000	1000	9000	0	2	2	76	67	0	0	0	25	18	0	0	0	0	0	0	0	0	190	0
1122010605	精品胜利头盔+5	60	2	6	1	2109	0	能够带来胜利的头盔	3200	3000	9000	0	2	2	80	72	0	0	0	26	19	0	0	0	0	0	0	0	0	195	0
1122010606	精品胜利头盔+6	60	2	6	1	2109	0	能够带来胜利的头盔	3400	5000	9000	0	2	2	84	77	0	0	0	28	20	0	0	0	0	0	0	0	0	200	0
1122010607	精品胜利头盔+7	60	2	6	1	2109	0	能够带来胜利的头盔	3600	7000	9000	0	2	2	88	82	0	0	0	29	22	0	0	0	0	0	0	0	0	205	0
1122010608	精品胜利头盔+8	60	3	6	1	2109	0	能够带来胜利的头盔	3800	8000	9000	0	2	2	92	87	0	0	0	30	23	0	0	0	0	0	0	0	0	210	0
1122010609	精品胜利头盔+9	60	3	6	1	2109	0	能够带来胜利的头盔	4000	9000	9000	0	2	2	96	92	0	0	0	32	24	0	0	0	0	0	0	0	0	215	0
1122010610	精品胜利头盔+10	60	4	6	1	2109	0	能够带来胜利的头盔	0	10000	9000	0	2	2	100	97	0	0	0	33	26	0	0	0	0	0	0	0	0	220	0
1122020600	极品胜利头盔	60	0	6	2	2109	0	能够带来胜利的头盔	2200	0	0	0	2	2	60	47	0	0	0	20	12	2	0	0	0	2	0	0	0	170	0
1122020601	极品胜利头盔+1	60	0	6	2	2109	0	能够带来胜利的头盔	2400	0	0	0	2	2	64	52	0	0	0	21	14	2	0	0	0	2	0	0	0	175	0
1122020602	极品胜利头盔+2	60	0	6	2	2109	0	能够带来胜利的头盔	2600	0	0	0	2	2	68	57	0	0	0	22	15	2	0	0	0	2	0	0	0	180	0
1122020603	极品胜利头盔+3	60	2	6	2	2109	0	能够带来胜利的头盔	2800	0	0	0	2	2	72	62	0	0	0	24	16	2	0	0	0	2	0	0	0	185	0
1122020604	极品胜利头盔+4	60	2	6	2	2109	0	能够带来胜利的头盔	3000	0	0	0	2	2	76	67	0	0	0	25	18	2	0	0	0	2	0	0	0	190	0
1122020605	极品胜利头盔+5	60	3	6	2	2109	0	能够带来胜利的头盔	3200	1000	11000	0	2	2	80	72	0	0	0	26	19	2	0	0	0	2	0	0	0	195	0
1122020606	极品胜利头盔+6	60	3	6	2	2109	0	能够带来胜利的头盔	3400	2000	11000	0	2	2	84	77	0	0	0	28	20	2	0	0	0	2	0	0	0	200	0
1122020607	极品胜利头盔+7	60	3	6	2	2109	0	能够带来胜利的头盔	3600	3000	11000	0	2	2	88	82	0	0	0	29	22	2	0	0	0	2	0	0	0	205	0
1122020608	极品胜利头盔+8	60	4	6	2	2109	0	能够带来胜利的头盔	3800	4000	11000	0	2	2	92	87	0	0	0	30	23	2	0	0	0	2	0	0	0	210	0
1122020609	极品胜利头盔+9	60	4	6	2	2109	0	能够带来胜利的头盔	4000	5000	11000	0	2	2	96	92	0	0	0	32	24	2	0	0	0	2	0	0	0	215	0
1122020610	极品胜利头盔+10	60	5	6	2	2109	0	能够带来胜利的头盔	0	6000	11000	0	2	2	100	97	0	0	0	33	26	2	0	0	0	2	0	0	0	220	0
1122030600	完美胜利头盔	60	0	6	3	1008000	45	能够带来胜利的头盔	2200	0	0	201	2	2	60	47	0	0	0	20	12	2	10	0	0	2	0	0	10	470	180
1122030601	完美胜利头盔+1	60	0	6	3	1008000	45	能够带来胜利的头盔	2400	0	0	201	2	2	64	52	0	0	0	21	14	2	10	0	0	2	0	0	10	475	180
1122030602	完美胜利头盔+2	60	0	6	3	1008000	45	能够带来胜利的头盔	2600	0	0	201	2	2	68	57	0	0	0	22	15	2	10	0	0	2	0	0	10	480	180
1122030603	完美胜利头盔+3	60	3	6	3	1008000	45	能够带来胜利的头盔	2800	0	0	201	2	2	72	62	0	0	0	24	16	2	10	0	0	2	0	0	10	485	180
1122030604	完美胜利头盔+4	60	3	6	3	1008000	45	能够带来胜利的头盔	3000	0	0	201	2	2	76	67	0	0	0	25	18	2	10	0	0	2	0	0	10	490	180
1122030605	完美胜利头盔+5	60	4	6	3	1008000	45	能够带来胜利的头盔	3200	0	0	201	2	2	80	72	0	0	0	26	19	2	10	0	0	2	0	0	10	495	180
1122030606	完美胜利头盔+6	60	4	6	3	1008000	45	能够带来胜利的头盔	3400	0	0	201	2	2	84	77	0	0	0	28	20	2	10	0	0	2	0	0	10	500	180
1122030607	完美胜利头盔+7	60	4	6	3	1008000	45	能够带来胜利的头盔	3600	100	13000	201	2	2	88	82	0	0	0	29	22	2	10	0	0	2	0	0	10	505	180
1122030608	完美胜利头盔+8	60	5	6	3	1008000	45	能够带来胜利的头盔	3800	200	13000	201	2	2	92	87	0	0	0	30	23	2	10	0	0	2	0	0	10	510	180
1122030609	完美胜利头盔+9	60	5	6	3	1008000	45	能够带来胜利的头盔	4000	300	13000	201	2	2	96	92	0	0	0	32	24	2	10	0	0	2	0	0	10	515	180
1122030610	完美胜利头盔+10	60	6	6	3	1008000	45	能够带来胜利的头盔	0	400	13000	201	2	2	100	97	0	0	0	33	26	2	10	0	0	2	0	0	10	520	180
1122040600	神品胜利头盔	60	0	6	4	1680000	76	能够带来胜利的头盔	2200	0	0	336	2	2	60	47	0	0	0	20	12	2	10	10	10	2	10	10	10	470	180
1122040601	神品胜利头盔+1	60	0	6	4	1680000	76	能够带来胜利的头盔	2400	0	0	336	2	2	64	52	0	0	0	21	14	2	10	10	10	2	10	10	10	475	180
1122040602	神品胜利头盔+2	60	0	6	4	1680000	76	能够带来胜利的头盔	2600	0	0	336	2	2	68	57	0	0	0	22	15	2	10	10	10	2	10	10	10	480	180
1122040603	神品胜利头盔+3	60	4	6	4	1680000	76	能够带来胜利的头盔	2800	0	0	336	2	2	72	62	0	0	0	24	16	2	10	10	10	2	10	10	10	485	180
1122040604	神品胜利头盔+4	60	4	6	4	1680000	76	能够带来胜利的头盔	3000	0	0	336	2	2	76	67	0	0	0	25	18	2	10	10	10	2	10	10	10	490	180
1122040605	神品胜利头盔+5	60	5	6	4	1680000	76	能够带来胜利的头盔	3200	0	0	336	2	2	80	72	0	0	0	26	19	2	10	10	10	2	10	10	10	495	180
1122040606	神品胜利头盔+6	60	5	6	4	1680000	76	能够带来胜利的头盔	3400	0	0	336	2	2	84	77	0	0	0	28	20	2	10	10	10	2	10	10	10	500	180
1122040607	神品胜利头盔+7	60	5	6	4	1680000	76	能够带来胜利的头盔	3600	0	0	336	2	2	88	82	0	0	0	29	22	2	10	10	10	2	10	10	10	505	180
1122040608	神品胜利头盔+8	60	6	6	4	1680000	76	能够带来胜利的头盔	3800	0	0	336	2	2	92	87	0	0	0	30	23	2	10	10	10	2	10	10	10	510	180
1122040609	神品胜利头盔+9	60	6	6	4	1680000	76	能够带来胜利的头盔	4000	0	0	336	2	2	96	92	0	0	0	32	24	2	10	10	10	2	10	10	10	515	180
1122040610	神品胜利头盔+10	60	7	6	4	1680000	76	能够带来胜利的头盔	0	0	0	336	2	2	100	97	0	0	0	33	26	2	10	10	10	2	10	10	10	520	180
1122000700	荣誉头盔	72	0	7	0	2531	0	有着巨大荣誉才能穿着的头盔	3000	0	0	0	2	2	75	57	0	0	0	0	0	0	0	0	0	0	0	0	0	200	0
1122000701	荣誉头盔+1	72	0	7	0	2531	0	有着巨大荣誉才能穿着的头盔	3500	0	0	0	2	2	79	62	0	0	0	0	0	0	0	0	0	0	0	0	0	205	0
1122000702	荣誉头盔+2	72	0	7	0	2531	0	有着巨大荣誉才能穿着的头盔	4000	0	0	0	2	2	83	67	0	0	0	0	0	0	0	0	0	0	0	0	0	210	0
1122000703	荣誉头盔+3	72	0	7	0	2531	0	有着巨大荣誉才能穿着的头盔	4500	7500	11000	0	2	2	87	72	0	0	0	0	0	0	0	0	0	0	0	0	0	215	0
1122000704	荣誉头盔+4	72	0	7	0	2531	0	有着巨大荣誉才能穿着的头盔	5000	8500	11000	0	2	2	91	77	0	0	0	0	0	0	0	0	0	0	0	0	0	220	0
1122000705	荣誉头盔+5	72	0	7	0	2531	0	有着巨大荣誉才能穿着的头盔	5500	9500	11000	0	2	2	95	82	0	0	0	0	0	0	0	0	0	0	0	0	0	225	0
1122000706	荣誉头盔+6	72	0	7	0	2531	0	有着巨大荣誉才能穿着的头盔	6000	10000	11000	0	2	2	99	87	0	0	0	0	0	0	0	0	0	0	0	0	0	230	0
1122000707	荣誉头盔+7	72	0	7	0	2531	0	有着巨大荣誉才能穿着的头盔	6500	10000	11000	0	2	2	103	92	0	0	0	0	0	0	0	0	0	0	0	0	0	235	0
1122000708	荣誉头盔+8	72	0	7	0	2531	0	有着巨大荣誉才能穿着的头盔	7000	10000	11000	0	2	2	107	97	0	0	0	0	0	0	0	0	0	0	0	0	0	240	0
1122000709	荣誉头盔+9	72	0	7	0	2531	0	有着巨大荣誉才能穿着的头盔	7500	10000	11000	0	2	2	111	102	0	0	0	0	0	0	0	0	0	0	0	0	0	245	0
1122000710	荣誉头盔+10	72	0	7	0	2531	0	有着巨大荣誉才能穿着的头盔	0	10000	11000	0	2	2	115	107	0	0	0	0	0	0	0	0	0	0	0	0	0	250	0
1122010700	精品荣誉头盔	72	0	7	1	2531	0	有着巨大荣誉才能穿着的头盔	3000	0	0	0	2	2	75	57	0	0	0	25	15	0	0	0	0	0	0	0	0	200	0
1122010701	精品荣誉头盔+1	72	0	7	1	2531	0	有着巨大荣誉才能穿着的头盔	3500	0	0	0	2	2	79	62	0	0	0	26	16	0	0	0	0	0	0	0	0	205	0
1122010702	精品荣誉头盔+2	72	0	7	1	2531	0	有着巨大荣誉才能穿着的头盔	4000	0	0	0	2	2	83	67	0	0	0	27	18	0	0	0	0	0	0	0	0	210	0
1122010703	精品荣誉头盔+3	72	1	7	1	2531	0	有着巨大荣誉才能穿着的头盔	4500	0	0	0	2	2	87	72	0	0	0	29	19	0	0	0	0	0	0	0	0	215	0
1122010704	精品荣誉头盔+4	72	1	7	1	2531	0	有着巨大荣誉才能穿着的头盔	5000	1000	13000	0	2	2	91	77	0	0	0	30	20	0	0	0	0	0	0	0	0	220	0
1122010705	精品荣誉头盔+5	72	2	7	1	2531	0	有着巨大荣誉才能穿着的头盔	5500	3000	13000	0	2	2	95	82	0	0	0	31	22	0	0	0	0	0	0	0	0	225	0
1122010706	精品荣誉头盔+6	72	2	7	1	2531	0	有着巨大荣誉才能穿着的头盔	6000	5000	13000	0	2	2	99	87	0	0	0	33	23	0	0	0	0	0	0	0	0	230	0
1122010707	精品荣誉头盔+7	72	2	7	1	2531	0	有着巨大荣誉才能穿着的头盔	6500	7000	13000	0	2	2	103	92	0	0	0	34	24	0	0	0	0	0	0	0	0	235	0
1122010708	精品荣誉头盔+8	72	3	7	1	2531	0	有着巨大荣誉才能穿着的头盔	7000	8000	13000	0	2	2	107	97	0	0	0	35	26	0	0	0	0	0	0	0	0	240	0
1122010709	精品荣誉头盔+9	72	3	7	1	2531	0	有着巨大荣誉才能穿着的头盔	7500	9000	13000	0	2	2	111	102	0	0	0	37	27	0	0	0	0	0	0	0	0	245	0
1122010710	精品荣誉头盔+10	72	4	7	1	2531	0	有着巨大荣誉才能穿着的头盔	0	10000	13000	0	2	2	115	107	0	0	0	38	28	0	0	0	0	0	0	0	0	250	0
1122020700	极品荣誉头盔	72	0	7	2	2531	0	有着巨大荣誉才能穿着的头盔	3000	0	0	0	2	2	75	57	0	0	0	25	15	2	0	0	0	2	0	0	0	200	0
1122020701	极品荣誉头盔+1	72	0	7	2	2531	0	有着巨大荣誉才能穿着的头盔	3500	0	0	0	2	2	79	62	0	0	0	26	16	2	0	0	0	2	0	0	0	205	0
1122020702	极品荣誉头盔+2	72	0	7	2	2531	0	有着巨大荣誉才能穿着的头盔	4000	0	0	0	2	2	83	67	0	0	0	27	18	2	0	0	0	2	0	0	0	210	0
1122020703	极品荣誉头盔+3	72	2	7	2	2531	0	有着巨大荣誉才能穿着的头盔	4500	0	0	0	2	2	87	72	0	0	0	29	19	2	0	0	0	2	0	0	0	215	0
1122020704	极品荣誉头盔+4	72	2	7	2	2531	0	有着巨大荣誉才能穿着的头盔	5000	0	0	0	2	2	91	77	0	0	0	30	20	2	0	0	0	2	0	0	0	220	0
1122020705	极品荣誉头盔+5	72	3	7	2	2531	0	有着巨大荣誉才能穿着的头盔	5500	500	15000	0	2	2	95	82	0	0	0	31	22	2	0	0	0	2	0	0	0	225	0
1122020706	极品荣誉头盔+6	72	3	7	2	2531	0	有着巨大荣誉才能穿着的头盔	6000	700	15000	0	2	2	99	87	0	0	0	33	23	2	0	0	0	2	0	0	0	230	0
1122020707	极品荣誉头盔+7	72	3	7	2	2531	0	有着巨大荣誉才能穿着的头盔	6500	900	15000	0	2	2	103	92	0	0	0	34	24	2	0	0	0	2	0	0	0	235	0
1122020708	极品荣誉头盔+8	72	4	7	2	2531	0	有着巨大荣誉才能穿着的头盔	7000	1100	15000	0	2	2	107	97	0	0	0	35	26	2	0	0	0	2	0	0	0	240	0
1122020709	极品荣誉头盔+9	72	4	7	2	2531	0	有着巨大荣誉才能穿着的头盔	7500	1300	15000	0	2	2	111	102	0	0	0	37	27	2	0	0	0	2	0	0	0	245	0
1122020710	极品荣誉头盔+10	72	5	7	2	2531	0	有着巨大荣誉才能穿着的头盔	0	1500	15000	0	2	2	115	107	0	0	0	38	28	2	0	0	0	2	0	0	0	250	0
1122030700	完美荣誉头盔	72	0	7	3	1512000	60	有着巨大荣誉才能穿着的头盔	3000	0	0	268	2	2	75	57	0	0	0	25	15	2	10	0	0	2	0	0	10	550	210
1122030701	完美荣誉头盔+1	72	0	7	3	1512000	60	有着巨大荣誉才能穿着的头盔	3500	0	0	268	2	2	79	62	0	0	0	26	16	2	10	0	0	2	0	0	10	555	210
1122030702	完美荣誉头盔+2	72	0	7	3	1512000	60	有着巨大荣誉才能穿着的头盔	4000	0	0	268	2	2	83	67	0	0	0	27	18	2	10	0	0	2	0	0	10	560	210
1122030703	完美荣誉头盔+3	72	3	7	3	1512000	60	有着巨大荣誉才能穿着的头盔	4500	0	0	268	2	2	87	72	0	0	0	29	19	2	10	0	0	2	0	0	10	565	210
1122030704	完美荣誉头盔+4	72	3	7	3	1512000	60	有着巨大荣誉才能穿着的头盔	5000	0	0	268	2	2	91	77	0	0	0	30	20	2	10	0	0	2	0	0	10	570	210
1122030705	完美荣誉头盔+5	72	4	7	3	1512000	60	有着巨大荣誉才能穿着的头盔	5500	0	0	268	2	2	95	82	0	0	0	31	22	2	10	0	0	2	0	0	10	575	210
1122030706	完美荣誉头盔+6	72	4	7	3	1512000	60	有着巨大荣誉才能穿着的头盔	6000	0	0	268	2	2	99	87	0	0	0	33	23	2	10	0	0	2	0	0	10	580	210
1122030707	完美荣誉头盔+7	72	4	7	3	1512000	60	有着巨大荣誉才能穿着的头盔	6500	50	17000	268	2	2	103	92	0	0	0	34	24	2	10	0	0	2	0	0	10	585	210
1122030708	完美荣誉头盔+8	72	5	7	3	1512000	60	有着巨大荣誉才能穿着的头盔	7000	150	17000	268	2	2	107	97	0	0	0	35	26	2	10	0	0	2	0	0	10	590	210
1122030709	完美荣誉头盔+9	72	5	7	3	1512000	60	有着巨大荣誉才能穿着的头盔	7500	250	17000	268	2	2	111	102	0	0	0	37	27	2	10	0	0	2	0	0	10	595	210
1122030710	完美荣誉头盔+10	72	6	7	3	1512000	60	有着巨大荣誉才能穿着的头盔	0	350	17000	268	2	2	115	107	0	0	0	38	28	2	10	0	0	2	0	0	10	600	210
1122040700	神品荣誉头盔	72	0	7	4	2520000	101	有着巨大荣誉才能穿着的头盔	3000	0	0	448	2	2	75	57	0	0	0	25	15	2	10	10	10	2	10	10	10	550	210
1122040701	神品荣誉头盔+1	72	0	7	4	2520000	101	有着巨大荣誉才能穿着的头盔	3500	0	0	448	2	2	79	62	0	0	0	26	16	2	10	10	10	2	10	10	10	555	210
1122040702	神品荣誉头盔+2	72	0	7	4	2520000	101	有着巨大荣誉才能穿着的头盔	4000	0	0	448	2	2	83	67	0	0	0	27	18	2	10	10	10	2	10	10	10	560	210
1122040703	神品荣誉头盔+3	72	4	7	4	2520000	101	有着巨大荣誉才能穿着的头盔	4500	0	0	448	2	2	87	72	0	0	0	29	19	2	10	10	10	2	10	10	10	565	210
1122040704	神品荣誉头盔+4	72	4	7	4	2520000	101	有着巨大荣誉才能穿着的头盔	5000	0	0	448	2	2	91	77	0	0	0	30	20	2	10	10	10	2	10	10	10	570	210
1122040705	神品荣誉头盔+5	72	5	7	4	2520000	101	有着巨大荣誉才能穿着的头盔	5500	0	0	448	2	2	95	82	0	0	0	31	22	2	10	10	10	2	10	10	10	575	210
1122040706	神品荣誉头盔+6	72	5	7	4	2520000	101	有着巨大荣誉才能穿着的头盔	6000	0	0	448	2	2	99	87	0	0	0	33	23	2	10	10	10	2	10	10	10	580	210
1122040707	神品荣誉头盔+7	72	5	7	4	2520000	101	有着巨大荣誉才能穿着的头盔	6500	0	0	448	2	2	103	92	0	0	0	34	24	2	10	10	10	2	10	10	10	585	210
1122040708	神品荣誉头盔+8	72	6	7	4	2520000	101	有着巨大荣誉才能穿着的头盔	7000	0	0	448	2	2	107	97	0	0	0	35	26	2	10	10	10	2	10	10	10	590	210
1122040709	神品荣誉头盔+9	72	6	7	4	2520000	101	有着巨大荣誉才能穿着的头盔	7500	0	0	448	2	2	111	102	0	0	0	37	27	2	10	10	10	2	10	10	10	595	210
1122040710	神品荣誉头盔+10	72	7	7	4	2520000	101	有着巨大荣誉才能穿着的头盔	0	0	0	448	2	2	115	107	0	0	0	38	28	2	10	10	10	2	10	10	10	600	210
1122000800	狂暴头盔	84	0	8	0	3796	0	穿着会显示出狂暴一面的头盔	4500	0	0	0	2	2	90	67	0	0	0	0	0	0	0	0	0	0	0	0	0	225	0
1122000801	狂暴头盔+1	84	0	8	0	3796	0	穿着会显示出狂暴一面的头盔	5000	0	0	0	2	2	94	72	0	0	0	0	0	0	0	0	0	0	0	0	0	230	0
1122000802	狂暴头盔+2	84	0	8	0	3796	0	穿着会显示出狂暴一面的头盔	5500	0	0	0	2	2	98	77	0	0	0	0	0	0	0	0	0	0	0	0	0	235	0
1122000803	狂暴头盔+3	84	0	8	0	3796	0	穿着会显示出狂暴一面的头盔	6000	7500	15000	0	2	2	102	82	0	0	0	0	0	0	0	0	0	0	0	0	0	240	0
1122000804	狂暴头盔+4	84	0	8	0	3796	0	穿着会显示出狂暴一面的头盔	6500	8500	15000	0	2	2	106	87	0	0	0	0	0	0	0	0	0	0	0	0	0	245	0
1122000805	狂暴头盔+5	84	0	8	0	3796	0	穿着会显示出狂暴一面的头盔	7000	9500	15000	0	2	2	110	92	0	0	0	0	0	0	0	0	0	0	0	0	0	250	0
1122000806	狂暴头盔+6	84	0	8	0	3796	0	穿着会显示出狂暴一面的头盔	7500	10000	15000	0	2	2	114	97	0	0	0	0	0	0	0	0	0	0	0	0	0	255	0
1122000807	狂暴头盔+7	84	0	8	0	3796	0	穿着会显示出狂暴一面的头盔	8000	10000	15000	0	2	2	118	102	0	0	0	0	0	0	0	0	0	0	0	0	0	260	0
1122000808	狂暴头盔+8	84	0	8	0	3796	0	穿着会显示出狂暴一面的头盔	8500	10000	15000	0	2	2	122	107	0	0	0	0	0	0	0	0	0	0	0	0	0	265	0
1122000809	狂暴头盔+9	84	0	8	0	3796	0	穿着会显示出狂暴一面的头盔	9000	10000	15000	0	2	2	126	112	0	0	0	0	0	0	0	0	0	0	0	0	0	270	0
1122000810	狂暴头盔+10	84	0	8	0	3796	0	穿着会显示出狂暴一面的头盔	0	10000	15000	0	2	2	130	117	0	0	0	0	0	0	0	0	0	0	0	0	0	275	0
1122010800	精品狂暴头盔	84	0	8	1	3796	0	穿着会显示出狂暴一面的头盔	4500	0	0	0	2	2	90	67	0	0	0	30	18	0	0	0	0	0	0	0	0	225	0
1122010801	精品狂暴头盔+1	84	0	8	1	3796	0	穿着会显示出狂暴一面的头盔	5000	0	0	0	2	2	94	72	0	0	0	31	19	0	0	0	0	0	0	0	0	230	0
1122010802	精品狂暴头盔+2	84	0	8	1	3796	0	穿着会显示出狂暴一面的头盔	5500	0	0	0	2	2	98	77	0	0	0	32	20	0	0	0	0	0	0	0	0	235	0
1122010803	精品狂暴头盔+3	84	1	8	1	3796	0	穿着会显示出狂暴一面的头盔	6000	0	0	0	2	2	102	82	0	0	0	34	22	0	0	0	0	0	0	0	0	240	0
1122010804	精品狂暴头盔+4	84	1	8	1	3796	0	穿着会显示出狂暴一面的头盔	6500	1000	18000	0	2	2	106	87	0	0	0	35	23	0	0	0	0	0	0	0	0	245	0
1122010805	精品狂暴头盔+5	84	2	8	1	3796	0	穿着会显示出狂暴一面的头盔	7000	2000	18000	0	2	2	110	92	0	0	0	36	24	0	0	0	0	0	0	0	0	250	0
1122010806	精品狂暴头盔+6	84	2	8	1	3796	0	穿着会显示出狂暴一面的头盔	7500	3000	18000	0	2	2	114	97	0	0	0	38	26	0	0	0	0	0	0	0	0	255	0
1122010807	精品狂暴头盔+7	84	2	8	1	3796	0	穿着会显示出狂暴一面的头盔	8000	4000	18000	0	2	2	118	102	0	0	0	39	27	0	0	0	0	0	0	0	0	260	0
1122010808	精品狂暴头盔+8	84	3	8	1	3796	0	穿着会显示出狂暴一面的头盔	8500	6000	18000	0	2	2	122	107	0	0	0	40	28	0	0	0	0	0	0	0	0	265	0
1122010809	精品狂暴头盔+9	84	3	8	1	3796	0	穿着会显示出狂暴一面的头盔	9000	8000	18000	0	2	2	126	112	0	0	0	42	30	0	0	0	0	0	0	0	0	270	0
1122010810	精品狂暴头盔+10	84	4	8	1	3796	0	穿着会显示出狂暴一面的头盔	0	10000	18000	0	2	2	130	117	0	0	0	43	31	0	0	0	0	0	0	0	0	275	0
1122020800	极品狂暴头盔	84	0	8	2	3796	0	穿着会显示出狂暴一面的头盔	4500	0	0	0	2	2	90	67	0	0	0	30	18	2	0	0	0	2	0	0	0	225	0
1122020801	极品狂暴头盔+1	84	0	8	2	3796	0	穿着会显示出狂暴一面的头盔	5000	0	0	0	2	2	94	72	0	0	0	31	19	2	0	0	0	2	0	0	0	230	0
1122020802	极品狂暴头盔+2	84	0	8	2	3796	0	穿着会显示出狂暴一面的头盔	5500	0	0	0	2	2	98	77	0	0	0	32	20	2	0	0	0	2	0	0	0	235	0
1122020803	极品狂暴头盔+3	84	2	8	2	3796	0	穿着会显示出狂暴一面的头盔	6000	0	0	0	2	2	102	82	0	0	0	34	22	2	0	0	0	2	0	0	0	240	0
1122020804	极品狂暴头盔+4	84	2	8	2	3796	0	穿着会显示出狂暴一面的头盔	6500	0	0	0	2	2	106	87	0	0	0	35	23	2	0	0	0	2	0	0	0	245	0
1122020805	极品狂暴头盔+5	84	3	8	2	3796	0	穿着会显示出狂暴一面的头盔	7000	500	21000	0	2	2	110	92	0	0	0	36	24	2	0	0	0	2	0	0	0	250	0
1122020806	极品狂暴头盔+6	84	3	8	2	3796	0	穿着会显示出狂暴一面的头盔	7500	700	21000	0	2	2	114	97	0	0	0	38	26	2	0	0	0	2	0	0	0	255	0
1122020807	极品狂暴头盔+7	84	3	8	2	3796	0	穿着会显示出狂暴一面的头盔	8000	900	21000	0	2	2	118	102	0	0	0	39	27	2	0	0	0	2	0	0	0	260	0
1122020808	极品狂暴头盔+8	84	4	8	2	3796	0	穿着会显示出狂暴一面的头盔	8500	1100	21000	0	2	2	122	107	0	0	0	40	28	2	0	0	0	2	0	0	0	265	0
1122020809	极品狂暴头盔+9	84	4	8	2	3796	0	穿着会显示出狂暴一面的头盔	9000	1300	21000	0	2	2	126	112	0	0	0	42	30	2	0	0	0	2	0	0	0	270	0
1122020810	极品狂暴头盔+10	84	5	8	2	3796	0	穿着会显示出狂暴一面的头盔	0	1500	21000	0	2	2	130	117	0	0	0	43	31	2	0	0	0	2	0	0	0	275	0
1122030800	完美狂暴头盔	84	0	8	3	2184000	76	穿着会显示出狂暴一面的头盔	4500	0	0	336	2	2	90	67	0	0	0	30	18	2	10	0	0	2	0	0	10	625	240
1122030801	完美狂暴头盔+1	84	0	8	3	2184000	76	穿着会显示出狂暴一面的头盔	5000	0	0	336	2	2	94	72	0	0	0	31	19	2	10	0	0	2	0	0	10	630	240
1122030802	完美狂暴头盔+2	84	0	8	3	2184000	76	穿着会显示出狂暴一面的头盔	5500	0	0	336	2	2	98	77	0	0	0	32	20	2	10	0	0	2	0	0	10	635	240
1122030803	完美狂暴头盔+3	84	3	8	3	2184000	76	穿着会显示出狂暴一面的头盔	6000	0	0	336	2	2	102	82	0	0	0	34	22	2	10	0	0	2	0	0	10	640	240
1122030804	完美狂暴头盔+4	84	3	8	3	2184000	76	穿着会显示出狂暴一面的头盔	6500	0	0	336	2	2	106	87	0	0	0	35	23	2	10	0	0	2	0	0	10	645	240
1122030805	完美狂暴头盔+5	84	4	8	3	2184000	76	穿着会显示出狂暴一面的头盔	7000	0	0	336	2	2	110	92	0	0	0	36	24	2	10	0	0	2	0	0	10	650	240
1122030806	完美狂暴头盔+6	84	4	8	3	2184000	76	穿着会显示出狂暴一面的头盔	7500	0	0	336	2	2	114	97	0	0	0	38	26	2	10	0	0	2	0	0	10	655	240
1122030807	完美狂暴头盔+7	84	4	8	3	2184000	76	穿着会显示出狂暴一面的头盔	8000	50	24000	336	2	2	118	102	0	0	0	39	27	2	10	0	0	2	0	0	10	660	240
1122030808	完美狂暴头盔+8	84	5	8	3	2184000	76	穿着会显示出狂暴一面的头盔	8500	150	24000	336	2	2	122	107	0	0	0	40	28	2	10	0	0	2	0	0	10	665	240
1122030809	完美狂暴头盔+9	84	5	8	3	2184000	76	穿着会显示出狂暴一面的头盔	9000	250	24000	336	2	2	126	112	0	0	0	42	30	2	10	0	0	2	0	0	10	670	240
1122030810	完美狂暴头盔+10	84	6	8	3	2184000	76	穿着会显示出狂暴一面的头盔	0	350	24000	336	2	2	130	117	0	0	0	43	31	2	10	0	0	2	0	0	10	675	240
1122040800	神品狂暴头盔	84	0	8	4	3640000	127	穿着会显示出狂暴一面的头盔	4500	0	0	560	2	2	90	67	0	0	0	30	18	2	10	10	10	2	10	10	10	625	240
1122040801	神品狂暴头盔+1	84	0	8	4	3640000	127	穿着会显示出狂暴一面的头盔	5000	0	0	560	2	2	94	72	0	0	0	31	19	2	10	10	10	2	10	10	10	630	240
1122040802	神品狂暴头盔+2	84	0	8	4	3640000	127	穿着会显示出狂暴一面的头盔	5500	0	0	560	2	2	98	77	0	0	0	32	20	2	10	10	10	2	10	10	10	635	240
1122040803	神品狂暴头盔+3	84	4	8	4	3640000	127	穿着会显示出狂暴一面的头盔	6000	0	0	560	2	2	102	82	0	0	0	34	22	2	10	10	10	2	10	10	10	640	240
1122040804	神品狂暴头盔+4	84	4	8	4	3640000	127	穿着会显示出狂暴一面的头盔	6500	0	0	560	2	2	106	87	0	0	0	35	23	2	10	10	10	2	10	10	10	645	240
1122040805	神品狂暴头盔+5	84	5	8	4	3640000	127	穿着会显示出狂暴一面的头盔	7000	0	0	560	2	2	110	92	0	0	0	36	24	2	10	10	10	2	10	10	10	650	240
1122040806	神品狂暴头盔+6	84	5	8	4	3640000	127	穿着会显示出狂暴一面的头盔	7500	0	0	560	2	2	114	97	0	0	0	38	26	2	10	10	10	2	10	10	10	655	240
1122040807	神品狂暴头盔+7	84	5	8	4	3640000	127	穿着会显示出狂暴一面的头盔	8000	0	0	560	2	2	118	102	0	0	0	39	27	2	10	10	10	2	10	10	10	660	240
1122040808	神品狂暴头盔+8	84	6	8	4	3640000	127	穿着会显示出狂暴一面的头盔	8500	0	0	560	2	2	122	107	0	0	0	40	28	2	10	10	10	2	10	10	10	665	240
1122040809	神品狂暴头盔+9	84	6	8	4	3640000	127	穿着会显示出狂暴一面的头盔	9000	0	0	560	2	2	126	112	0	0	0	42	30	2	10	10	10	2	10	10	10	670	240
1122040810	神品狂暴头盔+10	84	7	8	4	3640000	127	穿着会显示出狂暴一面的头盔	0	0	0	560	2	2	130	117	0	0	0	43	31	2	10	10	10	2	10	10	10	675	240
1122000900	力量头盔	96	0	9	0	5695	0	战神赋予战士强大力量的头盔	6000	0	0	0	2	2	110	80	0	0	0	0	0	0	0	0	0	0	0	0	0	250	0
1122000901	力量头盔+1	96	0	9	0	5695	0	战神赋予战士强大力量的头盔	7000	0	0	0	2	2	114	85	0	0	0	0	0	0	0	0	0	0	0	0	0	255	0
1122000902	力量头盔+2	96	0	9	0	5695	0	战神赋予战士强大力量的头盔	8000	0	0	0	2	2	118	90	0	0	0	0	0	0	0	0	0	0	0	0	0	260	0
1122000903	力量头盔+3	96	0	9	0	5695	0	战神赋予战士强大力量的头盔	9000	6000	21000	0	2	2	122	95	0	0	0	0	0	0	0	0	0	0	0	0	0	265	0
1122000904	力量头盔+4	96	0	9	0	5695	0	战神赋予战士强大力量的头盔	10000	7000	21000	0	2	2	126	100	0	0	0	0	0	0	0	0	0	0	0	0	0	270	0
1122000905	力量头盔+5	96	0	9	0	5695	0	战神赋予战士强大力量的头盔	11000	8000	21000	0	2	2	130	105	0	0	0	0	0	0	0	0	0	0	0	0	0	275	0
1122000906	力量头盔+6	96	0	9	0	5695	0	战神赋予战士强大力量的头盔	12000	9000	21000	0	2	2	134	110	0	0	0	0	0	0	0	0	0	0	0	0	0	280	0
1122000907	力量头盔+7	96	0	9	0	5695	0	战神赋予战士强大力量的头盔	13000	10000	21000	0	2	2	138	115	0	0	0	0	0	0	0	0	0	0	0	0	0	285	0
1122000908	力量头盔+8	96	0	9	0	5695	0	战神赋予战士强大力量的头盔	14000	10000	21000	0	2	2	142	120	0	0	0	0	0	0	0	0	0	0	0	0	0	290	0
1122000909	力量头盔+9	96	0	9	0	5695	0	战神赋予战士强大力量的头盔	15000	10000	21000	0	2	2	146	125	0	0	0	0	0	0	0	0	0	0	0	0	0	295	0
1122000910	力量头盔+10	96	0	9	0	5695	0	战神赋予战士强大力量的头盔	0	10000	21000	0	2	2	150	130	0	0	0	0	0	0	0	0	0	0	0	0	0	300	0
1122010900	精品力量头盔	96	0	9	1	5695	0	战神赋予战士强大力量的头盔	6000	0	0	0	2	2	110	80	0	0	0	36	21	0	0	0	0	0	0	0	0	250	0
1122010901	精品力量头盔+1	96	0	9	1	5695	0	战神赋予战士强大力量的头盔	7000	0	0	0	2	2	114	85	0	0	0	38	22	0	0	0	0	0	0	0	0	255	0
1122010902	精品力量头盔+2	96	0	9	1	5695	0	战神赋予战士强大力量的头盔	8000	0	0	0	2	2	118	90	0	0	0	39	24	0	0	0	0	0	0	0	0	260	0
1122010903	精品力量头盔+3	96	1	9	1	5695	0	战神赋予战士强大力量的头盔	9000	0	0	0	2	2	122	95	0	0	0	40	25	0	0	0	0	0	0	0	0	265	0
1122010904	精品力量头盔+4	96	1	9	1	5695	0	战神赋予战士强大力量的头盔	10000	1000	24000	0	2	2	126	100	0	0	0	42	26	0	0	0	0	0	0	0	0	270	0
1122010905	精品力量头盔+5	96	2	9	1	5695	0	战神赋予战士强大力量的头盔	11000	2000	24000	0	2	2	130	105	0	0	0	43	28	0	0	0	0	0	0	0	0	275	0
1122010906	精品力量头盔+6	96	2	9	1	5695	0	战神赋予战士强大力量的头盔	12000	3000	24000	0	2	2	134	110	0	0	0	44	29	0	0	0	0	0	0	0	0	280	0
1122010907	精品力量头盔+7	96	2	9	1	5695	0	战神赋予战士强大力量的头盔	13000	4000	24000	0	2	2	138	115	0	0	0	46	30	0	0	0	0	0	0	0	0	285	0
1122010908	精品力量头盔+8	96	3	9	1	5695	0	战神赋予战士强大力量的头盔	14000	6000	24000	0	2	2	142	120	0	0	0	47	32	0	0	0	0	0	0	0	0	290	0
1122010909	精品力量头盔+9	96	3	9	1	5695	0	战神赋予战士强大力量的头盔	15000	8000	24000	0	2	2	146	125	0	0	0	48	33	0	0	0	0	0	0	0	0	295	0
1122010910	精品力量头盔+10	96	4	9	1	5695	0	战神赋予战士强大力量的头盔	0	10000	24000	0	2	2	150	130	0	0	0	50	34	0	0	0	0	0	0	0	0	300	0
1122020900	极品力量头盔	96	0	9	2	5695	0	战神赋予战士强大力量的头盔	6000	0	0	0	2	2	110	80	0	0	0	36	21	2	0	0	0	2	0	0	0	250	0
1122020901	极品力量头盔+1	96	0	9	2	5695	0	战神赋予战士强大力量的头盔	7000	0	0	0	2	2	114	85	0	0	0	38	22	2	0	0	0	2	0	0	0	255	0
1122020902	极品力量头盔+2	96	0	9	2	5695	0	战神赋予战士强大力量的头盔	8000	0	0	0	2	2	118	90	0	0	0	39	24	2	0	0	0	2	0	0	0	260	0
1122020903	极品力量头盔+3	96	2	9	2	5695	0	战神赋予战士强大力量的头盔	9000	0	0	0	2	2	122	95	0	0	0	40	25	2	0	0	0	2	0	0	0	265	0
1122020904	极品力量头盔+4	96	2	9	2	5695	0	战神赋予战士强大力量的头盔	10000	0	0	0	2	2	126	100	0	0	0	42	26	2	0	0	0	2	0	0	0	270	0
1122020905	极品力量头盔+5	96	3	9	2	5695	0	战神赋予战士强大力量的头盔	11000	200	27000	0	2	2	130	105	0	0	0	43	28	2	0	0	0	2	0	0	0	275	0
1122020906	极品力量头盔+6	96	3	9	2	5695	0	战神赋予战士强大力量的头盔	12000	400	27000	0	2	2	134	110	0	0	0	44	29	2	0	0	0	2	0	0	0	280	0
1122020907	极品力量头盔+7	96	3	9	2	5695	0	战神赋予战士强大力量的头盔	13000	600	27000	0	2	2	138	115	0	0	0	46	30	2	0	0	0	2	0	0	0	285	0
1122020908	极品力量头盔+8	96	4	9	2	5695	0	战神赋予战士强大力量的头盔	14000	800	27000	0	2	2	142	120	0	0	0	47	32	2	0	0	0	2	0	0	0	290	0
1122020909	极品力量头盔+9	96	4	9	2	5695	0	战神赋予战士强大力量的头盔	15000	1000	27000	0	2	2	146	125	0	0	0	48	33	2	0	0	0	2	0	0	0	295	0
1122020910	极品力量头盔+10	96	5	9	2	5695	0	战神赋予战士强大力量的头盔	0	1200	27000	0	2	2	150	130	0	0	0	50	34	2	0	0	0	2	0	0	0	300	0
1122030900	完美力量头盔	96	0	9	3	3024000	91	战神赋予战士强大力量的头盔	6000	0	0	403	2	2	110	80	0	0	0	36	21	2	10	0	0	2	0	0	10	700	270
1122030901	完美力量头盔+1	96	0	9	3	3024000	91	战神赋予战士强大力量的头盔	7000	0	0	403	2	2	114	85	0	0	0	38	22	2	10	0	0	2	0	0	10	705	270
1122030902	完美力量头盔+2	96	0	9	3	3024000	91	战神赋予战士强大力量的头盔	8000	0	0	403	2	2	118	90	0	0	0	39	24	2	10	0	0	2	0	0	10	710	270
1122030903	完美力量头盔+3	96	3	9	3	3024000	91	战神赋予战士强大力量的头盔	9000	0	0	403	2	2	122	95	0	0	0	40	25	2	10	0	0	2	0	0	10	715	270
1122030904	完美力量头盔+4	96	3	9	3	3024000	91	战神赋予战士强大力量的头盔	10000	0	0	403	2	2	126	100	0	0	0	42	26	2	10	0	0	2	0	0	10	720	270
1122030905	完美力量头盔+5	96	4	9	3	3024000	91	战神赋予战士强大力量的头盔	11000	0	0	403	2	2	130	105	0	0	0	43	28	2	10	0	0	2	0	0	10	725	270
1122030906	完美力量头盔+6	96	4	9	3	3024000	91	战神赋予战士强大力量的头盔	12000	0	0	403	2	2	134	110	0	0	0	44	29	2	10	0	0	2	0	0	10	730	270
1122030907	完美力量头盔+7	96	4	9	3	3024000	91	战神赋予战士强大力量的头盔	13000	70	30000	403	2	2	138	115	0	0	0	46	30	2	10	0	0	2	0	0	10	735	270
1122030908	完美力量头盔+8	96	5	9	3	3024000	91	战神赋予战士强大力量的头盔	14000	170	30000	403	2	2	142	120	0	0	0	47	32	2	10	0	0	2	0	0	10	740	270
1122030909	完美力量头盔+9	96	5	9	3	3024000	91	战神赋予战士强大力量的头盔	15000	270	30000	403	2	2	146	125	0	0	0	48	33	2	10	0	0	2	0	0	10	745	270
1122030910	完美力量头盔+10	96	6	9	3	3024000	91	战神赋予战士强大力量的头盔	0	370	30000	403	2	2	150	130	0	0	0	50	34	2	10	0	0	2	0	0	10	750	270
1122040900	神品力量头盔	96	0	9	4	5040000	151	战神赋予战士强大力量的头盔	6000	0	0	672	2	2	110	80	0	0	0	36	21	2	10	10	10	2	10	10	10	700	270
1122040901	神品力量头盔+1	96	0	9	4	5040000	151	战神赋予战士强大力量的头盔	7000	0	0	672	2	2	114	85	0	0	0	38	22	2	10	10	10	2	10	10	10	705	270
1122040902	神品力量头盔+2	96	0	9	4	5040000	151	战神赋予战士强大力量的头盔	8000	0	0	672	2	2	118	90	0	0	0	39	24	2	10	10	10	2	10	10	10	710	270
1122040903	神品力量头盔+3	96	4	9	4	5040000	151	战神赋予战士强大力量的头盔	9000	0	0	672	2	2	122	95	0	0	0	40	25	2	10	10	10	2	10	10	10	715	270
1122040904	神品力量头盔+4	96	4	9	4	5040000	151	战神赋予战士强大力量的头盔	10000	0	0	672	2	2	126	100	0	0	0	42	26	2	10	10	10	2	10	10	10	720	270
1122040905	神品力量头盔+5	96	5	9	4	5040000	151	战神赋予战士强大力量的头盔	11000	0	0	672	2	2	130	105	0	0	0	43	28	2	10	10	10	2	10	10	10	725	270
1122040906	神品力量头盔+6	96	5	9	4	5040000	151	战神赋予战士强大力量的头盔	12000	0	0	672	2	2	134	110	0	0	0	44	29	2	10	10	10	2	10	10	10	730	270
1122040907	神品力量头盔+7	96	5	9	4	5040000	151	战神赋予战士强大力量的头盔	13000	0	0	672	2	2	138	115	0	0	0	46	30	2	10	10	10	2	10	10	10	735	270
1122040908	神品力量头盔+8	96	6	9	4	5040000	151	战神赋予战士强大力量的头盔	14000	0	0	672	2	2	142	120	0	0	0	47	32	2	10	10	10	2	10	10	10	740	270
1122040909	神品力量头盔+9	96	6	9	4	5040000	151	战神赋予战士强大力量的头盔	15000	0	0	672	2	2	146	125	0	0	0	48	33	2	10	10	10	2	10	10	10	745	270
1122040910	神品力量头盔+10	96	7	9	4	5040000	151	战神赋予战士强大力量的头盔	0	0	0	672	2	2	150	130	0	0	0	50	34	2	10	10	10	2	10	10	10	750	270
1122001000	鬼泣头盔	108	0	10	0	10678	0	具有死亡气息的头盔	10000	0	0	0	2	2	130	92	0	0	0	0	0	0	0	0	0	0	0	0	0	280	0
1122001001	鬼泣头盔+1	108	0	10	0	10678	0	具有死亡气息的头盔	11000	0	0	0	2	2	134	97	0	0	0	0	0	0	0	0	0	0	0	0	0	285	0
1122001002	鬼泣头盔+2	108	0	10	0	10678	0	具有死亡气息的头盔	12000	0	0	0	2	2	138	102	0	0	0	0	0	0	0	0	0	0	0	0	0	290	0
1122001003	鬼泣头盔+3	108	0	10	0	10678	0	具有死亡气息的头盔	13000	6000	27000	0	2	2	142	107	0	0	0	0	0	0	0	0	0	0	0	0	0	295	0
1122001004	鬼泣头盔+4	108	0	10	0	10678	0	具有死亡气息的头盔	14000	6500	27000	0	2	2	146	112	0	0	0	0	0	0	0	0	0	0	0	0	0	300	0
1122001005	鬼泣头盔+5	108	0	10	0	10678	0	具有死亡气息的头盔	15000	7000	27000	0	2	2	150	117	0	0	0	0	0	0	0	0	0	0	0	0	0	305	0
1122001006	鬼泣头盔+6	108	0	10	0	10678	0	具有死亡气息的头盔	16000	7500	27000	0	2	2	154	122	0	0	0	0	0	0	0	0	0	0	0	0	0	310	0
1122001007	鬼泣头盔+7	108	0	10	0	10678	0	具有死亡气息的头盔	17000	8000	27000	0	2	2	158	127	0	0	0	0	0	0	0	0	0	0	0	0	0	315	0
1122001008	鬼泣头盔+8	108	0	10	0	10678	0	具有死亡气息的头盔	18000	8500	27000	0	2	2	162	132	0	0	0	0	0	0	0	0	0	0	0	0	0	320	0
1122001009	鬼泣头盔+9	108	0	10	0	10678	0	具有死亡气息的头盔	19000	9000	27000	0	2	2	166	137	0	0	0	0	0	0	0	0	0	0	0	0	0	325	0
1122001010	鬼泣头盔+10	108	0	10	0	10678	0	具有死亡气息的头盔	0	9500	27000	0	2	2	170	142	0	0	0	0	0	0	0	0	0	0	0	0	0	330	0
1122011000	精品鬼泣头盔	108	0	10	1	10678	0	具有死亡气息的头盔	10000	0	0	0	2	2	130	92	0	0	0	43	24	0	0	0	0	0	0	0	0	280	0
1122011001	精品鬼泣头盔+1	108	0	10	1	10678	0	具有死亡气息的头盔	11000	0	0	0	2	2	134	97	0	0	0	44	26	0	0	0	0	0	0	0	0	285	0
1122011002	精品鬼泣头盔+2	108	0	10	1	10678	0	具有死亡气息的头盔	12000	0	0	0	2	2	138	102	0	0	0	46	27	0	0	0	0	0	0	0	0	290	0
1122011003	精品鬼泣头盔+3	108	1	10	1	10678	0	具有死亡气息的头盔	13000	0	0	0	2	2	142	107	0	0	0	47	28	0	0	0	0	0	0	0	0	295	0
1122011004	精品鬼泣头盔+4	108	1	10	1	10678	0	具有死亡气息的头盔	14000	1000	31000	0	2	2	146	112	0	0	0	48	30	0	0	0	0	0	0	0	0	300	0
1122011005	精品鬼泣头盔+5	108	2	10	1	10678	0	具有死亡气息的头盔	15000	2000	31000	0	2	2	150	117	0	0	0	50	31	0	0	0	0	0	0	0	0	305	0
1122011006	精品鬼泣头盔+6	108	2	10	1	10678	0	具有死亡气息的头盔	16000	3000	31000	0	2	2	154	122	0	0	0	51	32	0	0	0	0	0	0	0	0	310	0
1122011007	精品鬼泣头盔+7	108	2	10	1	10678	0	具有死亡气息的头盔	17000	4000	31000	0	2	2	158	127	0	0	0	52	34	0	0	0	0	0	0	0	0	315	0
1122011008	精品鬼泣头盔+8	108	3	10	1	10678	0	具有死亡气息的头盔	18000	6000	31000	0	2	2	162	132	0	0	0	54	35	0	0	0	0	0	0	0	0	320	0
1122011009	精品鬼泣头盔+9	108	3	10	1	10678	0	具有死亡气息的头盔	19000	8000	31000	0	2	2	166	137	0	0	0	55	36	0	0	0	0	0	0	0	0	325	0
1122011010	精品鬼泣头盔+10	108	4	10	1	10678	0	具有死亡气息的头盔	0	10000	31000	0	2	2	170	142	0	0	0	56	38	0	0	0	0	0	0	0	0	330	0
1122021000	极品鬼泣头盔	108	0	10	2	10678	0	具有死亡气息的头盔	10000	0	0	0	2	2	130	92	0	0	0	43	24	2	0	0	0	2	0	0	0	280	0
1122021001	极品鬼泣头盔+1	108	0	10	2	10678	0	具有死亡气息的头盔	11000	0	0	0	2	2	134	97	0	0	0	44	26	2	0	0	0	2	0	0	0	285	0
1122021002	极品鬼泣头盔+2	108	0	10	2	10678	0	具有死亡气息的头盔	12000	0	0	0	2	2	138	102	0	0	0	46	27	2	0	0	0	2	0	0	0	290	0
1122021003	极品鬼泣头盔+3	108	2	10	2	10678	0	具有死亡气息的头盔	13000	0	0	0	2	2	142	107	0	0	0	47	28	2	0	0	0	2	0	0	0	295	0
1122021004	极品鬼泣头盔+4	108	2	10	2	10678	0	具有死亡气息的头盔	14000	0	0	0	2	2	146	112	0	0	0	48	30	2	0	0	0	2	0	0	0	300	0
1122021005	极品鬼泣头盔+5	108	3	10	2	10678	0	具有死亡气息的头盔	15000	200	35000	0	2	2	150	117	0	0	0	50	31	2	0	0	0	2	0	0	0	305	0
1122021006	极品鬼泣头盔+6	108	3	10	2	10678	0	具有死亡气息的头盔	16000	400	35000	0	2	2	154	122	0	0	0	51	32	2	0	0	0	2	0	0	0	310	0
1122021007	极品鬼泣头盔+7	108	3	10	2	10678	0	具有死亡气息的头盔	17000	600	35000	0	2	2	158	127	0	0	0	52	34	2	0	0	0	2	0	0	0	315	0
1122021008	极品鬼泣头盔+8	108	4	10	2	10678	0	具有死亡气息的头盔	18000	800	35000	0	2	2	162	132	0	0	0	54	35	2	0	0	0	2	0	0	0	320	0
1122021009	极品鬼泣头盔+9	108	4	10	2	10678	0	具有死亡气息的头盔	19000	1000	35000	0	2	2	166	137	0	0	0	55	36	2	0	0	0	2	0	0	0	325	0
1122021010	极品鬼泣头盔+10	108	5	10	2	10678	0	具有死亡气息的头盔	0	1200	35000	0	2	2	170	142	0	0	0	56	38	2	0	0	0	2	0	0	0	330	0
1122031000	完美鬼泣头盔	108	0	10	3	4032000	121	具有死亡气息的头盔	10000	0	0	470	2	2	130	92	0	0	0	43	24	2	10	0	0	2	0	0	10	780	300
1122031001	完美鬼泣头盔+1	108	0	10	3	4032000	121	具有死亡气息的头盔	11000	0	0	470	2	2	134	97	0	0	0	44	26	2	10	0	0	2	0	0	10	785	300
1122031002	完美鬼泣头盔+2	108	0	10	3	4032000	121	具有死亡气息的头盔	12000	0	0	470	2	2	138	102	0	0	0	46	27	2	10	0	0	2	0	0	10	790	300
1122031003	完美鬼泣头盔+3	108	3	10	3	4032000	121	具有死亡气息的头盔	13000	0	0	470	2	2	142	107	0	0	0	47	28	2	10	0	0	2	0	0	10	795	300
1122031004	完美鬼泣头盔+4	108	3	10	3	4032000	121	具有死亡气息的头盔	14000	0	0	470	2	2	146	112	0	0	0	48	30	2	10	0	0	2	0	0	10	800	300
1122031005	完美鬼泣头盔+5	108	4	10	3	4032000	121	具有死亡气息的头盔	15000	0	0	470	2	2	150	117	0	0	0	50	31	2	10	0	0	2	0	0	10	805	300
1122031006	完美鬼泣头盔+6	108	4	10	3	4032000	121	具有死亡气息的头盔	16000	0	0	470	2	2	154	122	0	0	0	51	32	2	10	0	0	2	0	0	10	810	300
1122031007	完美鬼泣头盔+7	108	4	10	3	4032000	121	具有死亡气息的头盔	17000	70	39000	470	2	2	158	127	0	0	0	52	34	2	10	0	0	2	0	0	10	815	300
1122031008	完美鬼泣头盔+8	108	5	10	3	4032000	121	具有死亡气息的头盔	18000	170	39000	470	2	2	162	132	0	0	0	54	35	2	10	0	0	2	0	0	10	820	300
1122031009	完美鬼泣头盔+9	108	5	10	3	4032000	121	具有死亡气息的头盔	19000	270	39000	470	2	2	166	137	0	0	0	55	36	2	10	0	0	2	0	0	10	825	300
1122031010	完美鬼泣头盔+10	108	6	10	3	4032000	121	具有死亡气息的头盔	0	370	39000	470	2	2	170	142	0	0	0	56	38	2	10	0	0	2	0	0	10	830	300
1122041000	神品鬼泣头盔	108	0	10	4	6720000	202	具有死亡气息的头盔	10000	0	0	784	2	2	130	92	0	0	0	43	24	2	10	10	10	2	10	10	10	780	300
1122041001	神品鬼泣头盔+1	108	0	10	4	6720000	202	具有死亡气息的头盔	11000	0	0	784	2	2	134	97	0	0	0	44	26	2	10	10	10	2	10	10	10	785	300
1122041002	神品鬼泣头盔+2	108	0	10	4	6720000	202	具有死亡气息的头盔	12000	0	0	784	2	2	138	102	0	0	0	46	27	2	10	10	10	2	10	10	10	790	300
1122041003	神品鬼泣头盔+3	108	4	10	4	6720000	202	具有死亡气息的头盔	13000	0	0	784	2	2	142	107	0	0	0	47	28	2	10	10	10	2	10	10	10	795	300
1122041004	神品鬼泣头盔+4	108	4	10	4	6720000	202	具有死亡气息的头盔	14000	0	0	784	2	2	146	112	0	0	0	48	30	2	10	10	10	2	10	10	10	800	300
1122041005	神品鬼泣头盔+5	108	5	10	4	6720000	202	具有死亡气息的头盔	15000	0	0	784	2	2	150	117	0	0	0	50	31	2	10	10	10	2	10	10	10	805	300
1122041006	神品鬼泣头盔+6	108	5	10	4	6720000	202	具有死亡气息的头盔	16000	0	0	784	2	2	154	122	0	0	0	51	32	2	10	10	10	2	10	10	10	810	300
1122041007	神品鬼泣头盔+7	108	5	10	4	6720000	202	具有死亡气息的头盔	17000	0	0	784	2	2	158	127	0	0	0	52	34	2	10	10	10	2	10	10	10	815	300
1122041008	神品鬼泣头盔+8	108	6	10	4	6720000	202	具有死亡气息的头盔	18000	0	0	784	2	2	162	132	0	0	0	54	35	2	10	10	10	2	10	10	10	820	300
1122041009	神品鬼泣头盔+9	108	6	10	4	6720000	202	具有死亡气息的头盔	19000	0	0	784	2	2	166	137	0	0	0	55	36	2	10	10	10	2	10	10	10	825	300
1122041010	神品鬼泣头盔+10	108	7	10	4	6720000	202	具有死亡气息的头盔	0	0	0	784	2	2	170	142	0	0	0	56	38	2	10	10	10	2	10	10	10	830	300
1122001100	毁灭头盔	120	0	11	0	19221	0	具有毁灭力量的头盔	15000	0	0	0	2	2	155	106	0	0	0	0	0	0	0	0	0	0	0	0	0	305	0
1122001101	毁灭头盔+1	120	0	11	0	19221	0	具有毁灭力量的头盔	17000	0	0	0	2	2	160	112	0	0	0	0	0	0	0	0	0	0	0	0	0	310	0
1122001102	毁灭头盔+2	120	0	11	0	19221	0	具有毁灭力量的头盔	19000	0	0	0	2	2	165	118	0	0	0	0	0	0	0	0	0	0	0	0	0	315	0
1122001103	毁灭头盔+3	120	0	11	0	19221	0	具有毁灭力量的头盔	21000	5000	35000	0	2	2	170	125	0	0	0	0	0	0	0	0	0	0	0	0	0	320	0
1122001104	毁灭头盔+4	120	0	11	0	19221	0	具有毁灭力量的头盔	23000	5500	35000	0	2	2	175	131	0	0	0	0	0	0	0	0	0	0	0	0	0	325	0
1122001105	毁灭头盔+5	120	0	11	0	19221	0	具有毁灭力量的头盔	25000	6000	35000	0	2	2	180	137	0	0	0	0	0	0	0	0	0	0	0	0	0	330	0
1122001106	毁灭头盔+6	120	0	11	0	19221	0	具有毁灭力量的头盔	27000	6500	35000	0	2	2	185	143	0	0	0	0	0	0	0	0	0	0	0	0	0	335	0
1122001107	毁灭头盔+7	120	0	11	0	19221	0	具有毁灭力量的头盔	29000	7000	35000	0	2	2	190	150	0	0	0	0	0	0	0	0	0	0	0	0	0	340	0
1122001108	毁灭头盔+8	120	0	11	0	19221	0	具有毁灭力量的头盔	31000	7500	35000	0	2	2	195	156	0	0	0	0	0	0	0	0	0	0	0	0	0	345	0
1122001109	毁灭头盔+9	120	0	11	0	19221	0	具有毁灭力量的头盔	33000	8000	35000	0	2	2	200	162	0	0	0	0	0	0	0	0	0	0	0	0	0	350	0
1122001110	毁灭头盔+10	120	0	11	0	19221	0	具有毁灭力量的头盔	0	8500	35000	0	2	2	205	168	0	0	0	0	0	0	0	0	0	0	0	0	0	355	0
1122011100	精品毁灭头盔	120	0	11	1	19221	0	具有毁灭力量的头盔	15000	0	0	0	2	2	155	106	0	0	0	51	28	0	0	0	0	0	0	0	0	305	0
1122011101	精品毁灭头盔+1	120	0	11	1	19221	0	具有毁灭力量的头盔	17000	0	0	0	2	2	160	112	0	0	0	53	30	0	0	0	0	0	0	0	0	310	0
1122011102	精品毁灭头盔+2	120	0	11	1	19221	0	具有毁灭力量的头盔	19000	0	0	0	2	2	165	118	0	0	0	55	31	0	0	0	0	0	0	0	0	315	0
1122011103	精品毁灭头盔+3	120	1	11	1	19221	0	具有毁灭力量的头盔	21000	0	0	0	2	2	170	125	0	0	0	56	33	0	0	0	0	0	0	0	0	320	0
1122011104	精品毁灭头盔+4	120	1	11	1	19221	0	具有毁灭力量的头盔	23000	1000	40000	0	2	2	175	131	0	0	0	58	35	0	0	0	0	0	0	0	0	325	0
1122011105	精品毁灭头盔+5	120	2	11	1	19221	0	具有毁灭力量的头盔	25000	2000	40000	0	2	2	180	137	0	0	0	60	36	0	0	0	0	0	0	0	0	330	0
1122011106	精品毁灭头盔+6	120	2	11	1	19221	0	具有毁灭力量的头盔	27000	3000	40000	0	2	2	185	143	0	0	0	61	38	0	0	0	0	0	0	0	0	335	0
1122011107	精品毁灭头盔+7	120	2	11	1	19221	0	具有毁灭力量的头盔	29000	4000	40000	0	2	2	190	150	0	0	0	63	40	0	0	0	0	0	0	0	0	340	0
1122011108	精品毁灭头盔+8	120	3	11	1	19221	0	具有毁灭力量的头盔	31000	6000	40000	0	2	2	195	156	0	0	0	65	41	0	0	0	0	0	0	0	0	345	0
1122011109	精品毁灭头盔+9	120	3	11	1	19221	0	具有毁灭力量的头盔	33000	8000	40000	0	2	2	200	162	0	0	0	66	43	0	0	0	0	0	0	0	0	350	0
1122011110	精品毁灭头盔+10	120	4	11	1	19221	0	具有毁灭力量的头盔	0	10000	40000	0	2	2	205	168	0	0	0	68	45	0	0	0	0	0	0	0	0	355	0
1122021100	极品毁灭头盔	120	0	11	2	19221	0	具有毁灭力量的头盔	15000	0	0	0	2	2	155	106	0	0	0	51	28	2	0	0	0	2	0	0	0	305	0
1122021101	极品毁灭头盔+1	120	0	11	2	19221	0	具有毁灭力量的头盔	17000	0	0	0	2	2	160	112	0	0	0	53	30	2	0	0	0	2	0	0	0	310	0
1122021102	极品毁灭头盔+2	120	0	11	2	19221	0	具有毁灭力量的头盔	19000	0	0	0	2	2	165	118	0	0	0	55	31	2	0	0	0	2	0	0	0	315	0
1122021103	极品毁灭头盔+3	120	2	11	2	19221	0	具有毁灭力量的头盔	21000	0	0	0	2	2	170	125	0	0	0	56	33	2	0	0	0	2	0	0	0	320	0
1122021104	极品毁灭头盔+4	120	2	11	2	19221	0	具有毁灭力量的头盔	23000	0	0	0	2	2	175	131	0	0	0	58	35	2	0	0	0	2	0	0	0	325	0
1122021105	极品毁灭头盔+5	120	3	11	2	19221	0	具有毁灭力量的头盔	25000	100	50000	0	2	2	180	137	0	0	0	60	36	2	0	0	0	2	0	0	0	330	0
1122021106	极品毁灭头盔+6	120	3	11	2	19221	0	具有毁灭力量的头盔	27000	300	50000	0	2	2	185	143	0	0	0	61	38	2	0	0	0	2	0	0	0	335	0
1122021107	极品毁灭头盔+7	120	3	11	2	19221	0	具有毁灭力量的头盔	29000	500	50000	0	2	2	190	150	0	0	0	63	40	2	0	0	0	2	0	0	0	340	0
1122021108	极品毁灭头盔+8	120	4	11	2	19221	0	具有毁灭力量的头盔	31000	700	50000	0	2	2	195	156	0	0	0	65	41	2	0	0	0	2	0	0	0	345	0
1122021109	极品毁灭头盔+9	120	4	11	2	19221	0	具有毁灭力量的头盔	33000	900	50000	0	2	2	200	162	0	0	0	66	43	2	0	0	0	2	0	0	0	350	0
1122021110	极品毁灭头盔+10	120	5	11	2	19221	0	具有毁灭力量的头盔	0	1100	50000	0	2	2	205	168	0	0	0	68	45	2	0	0	0	2	0	0	0	355	0
1122031100	完美毁灭头盔	120	0	11	3	5208000	156	具有毁灭力量的头盔	15000	0	0	0	2	2	155	106	0	0	0	51	28	2	10	0	0	2	0	0	10	855	330
1122031101	完美毁灭头盔+1	120	0	11	3	5208000	156	具有毁灭力量的头盔	17000	0	0	0	2	2	160	112	0	0	0	53	30	2	10	0	0	2	0	0	10	860	330
1122031102	完美毁灭头盔+2	120	0	11	3	5208000	156	具有毁灭力量的头盔	19000	0	0	0	2	2	165	118	0	0	0	55	31	2	10	0	0	2	0	0	10	865	330
1122031103	完美毁灭头盔+3	120	3	11	3	5208000	156	具有毁灭力量的头盔	21000	0	0	0	2	2	170	125	0	0	0	56	33	2	10	0	0	2	0	0	10	870	330
1122031104	完美毁灭头盔+4	120	3	11	3	5208000	156	具有毁灭力量的头盔	23000	0	0	0	2	2	175	131	0	0	0	58	35	2	10	0	0	2	0	0	10	875	330
1122031105	完美毁灭头盔+5	120	4	11	3	5208000	156	具有毁灭力量的头盔	25000	0	0	0	2	2	180	137	0	0	0	60	36	2	10	0	0	2	0	0	10	880	330
1122031106	完美毁灭头盔+6	120	4	11	3	5208000	156	具有毁灭力量的头盔	27000	0	0	0	2	2	185	143	0	0	0	61	38	2	10	0	0	2	0	0	10	885	330
1122031107	完美毁灭头盔+7	120	4	11	3	5208000	156	具有毁灭力量的头盔	29000	70	60000	0	2	2	190	150	0	0	0	63	40	2	10	0	0	2	0	0	10	890	330
1122031108	完美毁灭头盔+8	120	5	11	3	5208000	156	具有毁灭力量的头盔	31000	170	60000	0	2	2	195	156	0	0	0	65	41	2	10	0	0	2	0	0	10	895	330
1122031109	完美毁灭头盔+9	120	5	11	3	5208000	156	具有毁灭力量的头盔	33000	270	60000	0	2	2	200	162	0	0	0	66	43	2	10	0	0	2	0	0	10	900	330
1122031110	完美毁灭头盔+10	120	6	11	3	5208000	156	具有毁灭力量的头盔	0	370	60000	0	2	2	205	168	0	0	0	68	45	2	10	0	0	2	0	0	10	905	330
1122041100	神品毁灭头盔	120	0	11	4	8680000	260	具有毁灭力量的头盔	15000	0	0	0	2	2	155	106	0	0	0	51	28	2	10	10	10	2	10	10	10	855	330
1122041101	神品毁灭头盔+1	120	0	11	4	8680000	260	具有毁灭力量的头盔	17000	0	0	0	2	2	160	112	0	0	0	53	30	2	10	10	10	2	10	10	10	860	330
1122041102	神品毁灭头盔+2	120	0	11	4	8680000	260	具有毁灭力量的头盔	19000	0	0	0	2	2	165	118	0	0	0	55	31	2	10	10	10	2	10	10	10	865	330
1122041103	神品毁灭头盔+3	120	4	11	4	8680000	260	具有毁灭力量的头盔	21000	0	0	0	2	2	170	125	0	0	0	56	33	2	10	10	10	2	10	10	10	870	330
1122041104	神品毁灭头盔+4	120	4	11	4	8680000	260	具有毁灭力量的头盔	23000	0	0	0	2	2	175	131	0	0	0	58	35	2	10	10	10	2	10	10	10	875	330
1122041105	神品毁灭头盔+5	120	5	11	4	8680000	260	具有毁灭力量的头盔	25000	0	0	0	2	2	180	137	0	0	0	60	36	2	10	10	10	2	10	10	10	880	330
1122041106	神品毁灭头盔+6	120	5	11	4	8680000	260	具有毁灭力量的头盔	27000	0	0	0	2	2	185	143	0	0	0	61	38	2	10	10	10	2	10	10	10	885	330
1122041107	神品毁灭头盔+7	120	5	11	4	8680000	260	具有毁灭力量的头盔	29000	0	0	0	2	2	190	150	0	0	0	63	40	2	10	10	10	2	10	10	10	890	330
1122041108	神品毁灭头盔+8	120	6	11	4	8680000	260	具有毁灭力量的头盔	31000	0	0	0	2	2	195	156	0	0	0	65	41	2	10	10	10	2	10	10	10	895	330
1122041109	神品毁灭头盔+9	120	6	11	4	8680000	260	具有毁灭力量的头盔	33000	0	0	0	2	2	200	162	0	0	0	66	43	2	10	10	10	2	10	10	10	900	330
1122041110	神品毁灭头盔+10	120	7	11	4	8680000	260	具有毁灭力量的头盔	0	0	0	0	2	2	205	168	0	0	0	68	45	2	10	10	10	2	10	10	10	905	330
1122031200	超级新手头盔	0	0	4	3	770000	58	为新手准备的超级装备	1200	0	0	0	2	2	32	27	0	0	0	10	7	2	10	0	0	2	0	0	10	315	120
1122031201	超级新手头盔+1	0	0	4	3	770000	58	为新手准备的超级装备	1300	0	0	0	2	2	35	31	0	0	0	11	8	2	10	0	0	2	0	0	10	320	120
1122031202	超级新手头盔+2	0	0	4	3	770000	58	为新手准备的超级装备	1400	0	0	0	2	2	38	35	0	0	0	12	9	2	10	0	0	2	0	0	10	325	120
1122031203	超级新手头盔+3	0	5	4	3	770000	58	为新手准备的超级装备	1500	0	0	0	2	2	41	38	0	0	0	13	10	2	10	0	0	2	0	0	10	330	120
1122031204	超级新手头盔+4	0	5	4	3	770000	58	为新手准备的超级装备	1600	0	0	0	2	2	44	42	0	0	0	14	11	2	10	0	0	2	0	0	10	335	120
1122031205	超级新手头盔+5	0	6	4	3	770000	58	为新手准备的超级装备	1700	0	0	0	2	2	47	46	0	0	0	15	12	2	10	0	0	2	0	0	10	340	120
1122031206	超级新手头盔+6	0	6	4	3	770000	58	为新手准备的超级装备	1800	0	0	0	2	2	50	50	0	0	0	16	13	2	10	0	0	2	0	0	10	345	120
1122031207	超级新手头盔+7	0	6	4	3	770000	58	为新手准备的超级装备	1900	0	0	0	2	2	53	53	0	0	0	17	14	2	10	0	0	2	0	0	10	350	120
1122031208	超级新手头盔+8	0	7	4	3	770000	58	为新手准备的超级装备	2000	0	0	0	2	2	56	57	0	0	0	18	15	2	10	0	0	2	0	0	10	355	120
1122031209	超级新手头盔+9	0	7	4	3	770000	58	为新手准备的超级装备	2100	0	0	0	2	2	59	61	0	0	0	19	16	2	10	0	0	2	0	0	10	360	120
1122031210	超级新手头盔+10	0	8	4	3	770000	58	为新手准备的超级装备	0	0	0	0	2	2	62	65	0	0	0	20	17	2	10	0	0	2	0	0	10	365	120
1122031300	超级小强头盔	36	0	7	3	6160000	462	为小强准备的超级装备	3000	0	0	0	2	2	75	57	0	0	0	25	15	2	10	0	0	2	0	0	10	550	210
1122031301	超级小强头盔+1	36	0	7	3	6160000	462	为小强准备的超级装备	3500	0	0	0	2	2	79	62	0	0	0	26	16	2	10	0	0	2	0	0	10	555	210
1122031302	超级小强头盔+2	36	0	7	3	6160000	462	为小强准备的超级装备	4000	0	0	0	2	2	83	67	0	0	0	27	18	2	10	0	0	2	0	0	10	560	210
1122031303	超级小强头盔+3	36	5	7	3	6160000	462	为小强准备的超级装备	4500	0	0	0	2	2	87	72	0	0	0	29	19	2	10	0	0	2	0	0	10	565	210
1122031304	超级小强头盔+4	36	5	7	3	6160000	462	为小强准备的超级装备	5000	0	0	0	2	2	91	77	0	0	0	30	20	2	10	0	0	2	0	0	10	570	210
1122031305	超级小强头盔+5	36	6	7	3	6160000	462	为小强准备的超级装备	5500	0	0	0	2	2	95	82	0	0	0	31	22	2	10	0	0	2	0	0	10	575	210
1122031306	超级小强头盔+6	36	6	7	3	6160000	462	为小强准备的超级装备	6000	0	0	0	2	2	99	87	0	0	0	33	23	2	10	0	0	2	0	0	10	580	210
1122031307	超级小强头盔+7	36	6	7	3	6160000	462	为小强准备的超级装备	6500	0	0	0	2	2	103	92	0	0	0	34	24	2	10	0	0	2	0	0	10	585	210
1122031308	超级小强头盔+8	36	7	7	3	6160000	462	为小强准备的超级装备	7000	0	0	0	2	2	107	97	0	0	0	35	26	2	10	0	0	2	0	0	10	590	210
1122031309	超级小强头盔+9	36	7	7	3	6160000	462	为小强准备的超级装备	7500	0	0	0	2	2	111	102	0	0	0	37	27	2	10	0	0	2	0	0	10	595	210
1122031310	超级小强头盔+10	36	8	7	3	6160000	462	为小强准备的超级装备	0	0	0	0	2	2	115	107	0	0	0	38	28	2	10	0	0	2	0	0	10	600	210
1122031400	超级专业头盔	60	0	10	3	22000000	1650	为专业人士准备的超级装备	10000	0	0	0	2	2	130	92	0	0	0	43	24	2	10	0	0	2	0	0	10	780	300
1122031401	超级专业头盔+1	60	0	10	3	22000000	1650	为专业人士准备的超级装备	11000	0	0	0	2	2	134	97	0	0	0	44	26	2	10	0	0	2	0	0	10	785	300
1122031402	超级专业头盔+2	60	0	10	3	22000000	1650	为专业人士准备的超级装备	12000	0	0	0	2	2	138	102	0	0	0	46	27	2	10	0	0	2	0	0	10	790	300
1122031403	超级专业头盔+3	60	5	10	3	22000000	1650	为专业人士准备的超级装备	13000	0	0	0	2	2	142	107	0	0	0	47	28	2	10	0	0	2	0	0	10	795	300
1122031404	超级专业头盔+4	60	5	10	3	22000000	1650	为专业人士准备的超级装备	14000	0	0	0	2	2	146	112	0	0	0	48	30	2	10	0	0	2	0	0	10	800	300
1122031405	超级专业头盔+5	60	6	10	3	22000000	1650	为专业人士准备的超级装备	15000	0	0	0	2	2	150	117	0	0	0	50	31	2	10	0	0	2	0	0	10	805	300
1122031406	超级专业头盔+6	60	6	10	3	22000000	1650	为专业人士准备的超级装备	16000	0	0	0	2	2	154	122	0	0	0	51	32	2	10	0	0	2	0	0	10	810	300
1122031407	超级专业头盔+7	60	6	10	3	22000000	1650	为专业人士准备的超级装备	17000	0	0	0	2	2	158	127	0	0	0	52	34	2	10	0	0	2	0	0	10	815	300
1122031408	超级专业头盔+8	60	7	10	3	22000000	1650	为专业人士准备的超级装备	18000	0	0	0	2	2	162	132	0	0	0	54	35	2	10	0	0	2	0	0	10	820	300
1122031409	超级专业头盔+9	60	7	10	3	22000000	1650	为专业人士准备的超级装备	19000	0	0	0	2	2	166	137	0	0	0	55	36	2	10	0	0	2	0	0	10	825	300
1122031410	超级专业头盔+10	60	8	10	3	22000000	1650	为专业人士准备的超级装备	0	0	0	0	2	2	170	142	0	0	0	56	38	2	10	0	0	2	0	0	10	830	300
1122031500	超级噬魂头盔	96	0	11	3	42000000	3150	恶魔的贡品	20000	0	0	0	2	2	185	127	0	0	0	61	34	2	10	0	0	2	0	0	10	1010	390
1122031501	超级噬魂头盔+1	96	0	11	3	42000000	3150	恶魔的贡品	21000	0	0	0	2	2	189	131	0	0	0	63	36	2	10	0	0	2	0	0	10	1015	390
1122031502	超级噬魂头盔+2	96	0	11	3	42000000	3150	恶魔的贡品	22000	0	0	0	2	2	193	135	0	0	0	65	38	2	10	0	0	2	0	0	10	1020	390
1122031503	超级噬魂头盔+3	96	5	11	3	42000000	3150	恶魔的贡品	23000	0	0	0	2	2	197	139	0	0	0	67	40	2	10	0	0	2	0	0	10	1025	390
1122031504	超级噬魂头盔+4	96	5	11	3	42000000	3150	恶魔的贡品	24000	0	0	0	2	2	201	143	0	0	0	69	42	2	10	0	0	2	0	0	10	1030	390
1122031505	超级噬魂头盔+5	96	6	11	3	42000000	3150	恶魔的贡品	25000	0	0	0	2	2	205	147	0	0	0	71	44	2	10	0	0	2	0	0	10	1035	390
1122031506	超级噬魂头盔+6	96	6	11	3	42000000	3150	恶魔的贡品	26000	0	0	0	2	2	209	151	0	0	0	73	46	2	10	0	0	2	0	0	10	1040	390
1122031507	超级噬魂头盔+7	96	6	11	3	42000000	3150	恶魔的贡品	27000	0	0	0	2	2	213	155	0	0	0	75	48	2	10	0	0	2	0	0	10	1045	390
1122031508	超级噬魂头盔+8	96	7	11	3	42000000	3150	恶魔的贡品	28000	0	0	0	2	2	217	159	0	0	0	77	50	2	10	0	0	2	0	0	10	1050	390
1122031509	超级噬魂头盔+9	96	7	11	3	42000000	3150	恶魔的贡品	29000	0	0	0	2	2	221	163	0	0	0	79	52	2	10	0	0	2	0	0	10	1055	390
1122031510	超级噬魂头盔+10	96	8	11	3	42000000	3150	恶魔的贡品	0	0	0	0	2	2	225	167	0	0	0	81	54	2	10	0	0	2	0	0	10	1060	390
1122031600	超级化神头盔	120	0	12	3	60000000	4500	上帝的恩赐	30000	0	0	0	2	2	240	155	0	0	0	86	48	2	10	0	0	2	0	0	10	1240	480
1122031601	超级化神头盔+1	120	0	12	3	60000000	4500	上帝的恩赐	31000	0	0	0	2	2	244	159	0	0	0	88	50	2	10	0	0	2	0	0	10	1245	480
1122031602	超级化神头盔+2	120	0	12	3	60000000	4500	上帝的恩赐	32000	0	0	0	2	2	248	163	0	0	0	90	52	2	10	0	0	2	0	0	10	1250	480
1122031603	超级化神头盔+3	120	5	12	3	60000000	4500	上帝的恩赐	33000	0	0	0	2	2	252	167	0	0	0	92	54	2	10	0	0	2	0	0	10	1255	480
1122031604	超级化神头盔+4	120	5	12	3	60000000	4500	上帝的恩赐	34000	0	0	0	2	2	256	171	0	0	0	94	56	2	10	0	0	2	0	0	10	1260	480
1122031605	超级化神头盔+5	120	6	12	3	60000000	4500	上帝的恩赐	35000	0	0	0	2	2	260	175	0	0	0	96	58	2	10	0	0	2	0	0	10	1265	480
1122031606	超级化神头盔+6	120	6	12	3	60000000	4500	上帝的恩赐	36000	0	0	0	2	2	264	179	0	0	0	98	60	2	10	0	0	2	0	0	10	1270	480
1122031607	超级化神头盔+7	120	6	12	3	60000000	4500	上帝的恩赐	37000	0	0	0	2	2	268	183	0	0	0	100	62	2	10	0	0	2	0	0	10	1275	480
1122031608	超级化神头盔+8	120	7	12	3	60000000	4500	上帝的恩赐	38000	0	0	0	2	2	272	187	0	0	0	102	64	2	10	0	0	2	0	0	10	1280	480
1122031609	超级化神头盔+9	120	7	12	3	60000000	4500	上帝的恩赐	39000	0	0	0	2	2	276	191	0	0	0	104	66	2	10	0	0	2	0	0	10	1285	480
1122031610	超级化神头盔+10	120	8	12	3	60000000	4500	上帝的恩赐	0	0	0	0	2	2	280	195	0	0	0	106	68	2	10	0	0	2	0	0	10	1290	480
