编号	名字	场景类型	地图编号	主城编号	进入点X	进入点Y	下线后保留坐标	安全区域中心点X	安全区域中心点Y	安全区域宽度	安全区域高度	可视范围	玩家数量限制	玩家摆摊个数	玩家最小等级限制	玩家最大等级限制	玩家最小转生	玩家最大转生	经验掉落比例	金钱掉落比例	物品掉落比例	物品存活时间(秒)	物品保护时间(秒)	场景生命周期(秒)	可否吃药	可否使用特殊道具	是否收益等级衰减	玩家进入提示信息	玩家进入对话脚本
id	name	sceneType	mapid	homeCity	enterX	enterY	saveHeroPos	safeRegionCenterX	safeRegionCenterY	safeRegionWidth	safeRegionHeight	viewRange	heroCountLimit	personalShopLimit	minHeroLevel	maxHeroLevel	minTurn	maxTurn	plunderExpRate	plunderMoneyRate	plunderGoodsRate	goodsLifeTime	goodsProtectionTime	sceneLifeTime	medicineUsable	specialUsable	earningLevelWeakening	playerEnterTip	playerEnterScript
1	新迪岛	2	19	3	23	31	1	35	40	20	25	12	255	0	0	10000	0	100	100	100	100	120	30	72000	1	1	1	0	newer
3	那亚村	0	110	3	32	143	1	32	143	31	38	12	255	50	0	10000	0	100	100	100	100	120	30	0	1	1	1	0	0
2	那舍岛	0	139	3	43	56	1	0	0	0	0	12	255	0	0	10000	0	100	100	100	100	120	30	0	1	1	1	0	0
4	贝尔森林	0	6	3	72	102	0	0	0	0	0	12	255	50	0	10000	0	100	100	100	100	120	30	0	1	1	1	0	0
5	贝特通道	0	10	3	72	102	0	0	0	0	0	12	255	50	0	10000	0	100	100	100	100	120	30	0	1	1	1	0	0
6	特姆海岸	0	1	3	41	52	0	0	0	0	0	12	255	50	0	10000	0	100	100	100	100	120	30	0	1	1	1	0	0
7	幻漠城	0	108	3	38	51	1	38	51	20	25	12	255	50	0	10000	0	100	100	100	100	120	30	0	1	1	1	0	0
8	贝伦城	0	0	3	72	106	1	78	112	35	38	12	255	50	0	10000	0	100	100	100	100	120	30	0	1	1	1	0	0
9	代肯沙漠	0	3	3	72	102	0	0	0	0	0	12	255	50	0	10000	0	100	100	100	100	120	30	0	1	1	1	0	0
10	无双·新人打宝	0	7	3	72	102	0	0	0	0	0	12	255	50	0	10000	0	100	100	100	100	120	30	0	1	1	0	Y进入新手打宝地图	0
11	贝诺尼森林	0	76	3	72	102	0	0	0	0	0	12	255	50	0	10000	0	100	100	100	100	120	30	0	1	1	1	0	0
12	伦奇通道	0	4	3	72	102	0	0	0	0	0	12	255	50	0	10000	0	100	100	100	100	120	30	0	1	1	1	0	0
13	梵奇城	0	104	3	83	104	1	84	107	18	22	12	255	50	0	10000	0	100	100	100	100	120	30	0	1	1	1	0	0
14	迷林岛	0	133	3	86	117	1	0	0	0	0	12	255	50	0	10000	0	100	100	100	100	120	30	0	1	1	1	0	0
15	日漠岛	0	13	3	86	117	1	0	0	0	0	12	255	50	0	10000	0	100	100	100	100	120	30	0	1	1	1	0	0
16	封印之地	0	98	3	86	117	0	0	0	0	0	12	255	50	0	10000	0	100	100	100	100	120	30	0	1	1	1	0	0
17	海菲利岛	0	50	3	105	75	0	0	0	0	0	12	255	50	0	10000	0	100	100	100	100	120	30	0	1	1	1	0	0
18	奇镜岛	0	110	3	105	75	0	0	0	0	0	12	255	50	0	10000	0	100	100	100	100	120	30	0	1	1	1	0	0
19	暗精镇	0	74	3	105	75	0	105	76	12	29	12	255	50	0	10000	0	100	100	100	100	120	30	0	1	1	1	0	0
20	血精森林	0	75	3	105	75	0	0	0	0	0	12	255	50	0	10000	0	100	100	100	100	120	30	0	1	1	1	0	0
21	侬肯岛	0	90	3	116	45	0	0	0	0	0	12	255	50	0	10000	0	100	100	100	100	120	30	0	1	1	1	0	0
22	哈尔林地	0	2	3	116	45	0	0	0	0	0	12	255	50	0	10000	0	100	100	100	100	120	30	0	1	1	1	0	0
23	夏基亚城	0	41	3	116	45	1	104	57	31	38	12	255	50	0	10000	0	100	100	100	100	120	30	0	1	1	1	0	0
24	代肯地宫	0	15	3	10	15	0	0	0	0	0	12	255	50	0	10000	0	100	100	100	100	120	30	0	1	1	1	0	0
26	代肯地道	0	39	3	17	21	0	0	0	0	0	12	255	50	0	10000	0	100	100	100	100	120	30	0	1	1	1	0	0
27	封印迷道	0	141	3	21	59	0	0	0	0	0	12	255	50	0	10000	0	100	100	100	100	120	30	0	1	1	1	0	0
28	幻漠迷道	0	137	3	22	58	0	0	0	0	0	12	255	50	0	10000	0	100	100	100	100	120	30	0	1	1	1	0	0
29	幻漠地宫一层	0	54	3	20	18	0	0	0	0	0	12	255	50	0	10000	0	100	100	100	100	120	30	0	1	1	1	0	0
30	幻漠地宫二层	0	136	3	70	54	0	0	0	0	0	12	255	50	0	10000	0	100	100	100	100	120	30	0	1	1	1	0	0
31	夏亚地道	0	121	3	24	23	0	0	0	0	0	12	255	50	0	10000	0	100	100	100	100	120	30	0	1	1	1	0	0
32	夏亚地宫一层	0	40	3	62	74	0	0	0	0	0	12	255	50	0	10000	0	100	100	100	100	120	30	0	1	1	1	0	0
33	夏亚地宫二层	0	149	3	70	56	0	0	0	0	0	12	255	50	0	10000	0	100	100	100	100	120	30	0	1	1	1	0	0
34	塔魔尼地宫一层	0	59	3	70	130	0	0	0	0	0	12	255	50	0	10000	0	100	100	100	100	120	30	0	1	1	1	0	0
35	塔魔尼幻境	0	62	3	19	27	0	0	0	0	0	12	255	50	0	10000	0	100	100	100	100	120	30	0	1	1	1	0	0
36	塔魔尼幻境	0	63	3	19	27	0	0	0	0	0	12	255	50	0	10000	0	100	100	100	100	120	30	0	1	1	1	0	0
37	塔魔尼幻境	0	64	3	19	27	0	0	0	0	0	12	255	50	0	10000	0	100	100	100	100	120	30	0	1	1	1	0	0
38	塔魔尼幻境	0	66	3	19	27	0	0	0	0	0	12	255	50	0	10000	0	100	100	100	100	120	30	0	1	1	1	0	0
39	塔魔尼幻境	0	67	3	19	27	0	0	0	0	0	12	255	50	0	10000	0	100	100	100	100	120	30	0	1	1	1	0	0
40	塔魔尼幻境	0	68	3	19	27	0	0	0	0	0	12	255	50	0	10000	0	100	100	100	100	120	30	0	1	1	1	0	0
41	塔魔尼幻境	0	69	3	19	27	0	0	0	0	0	12	255	50	0	10000	0	100	100	100	100	120	30	0	1	1	1	0	0
42	塔魔尼幻境	0	70	3	19	27	0	0	0	0	0	12	255	50	0	10000	0	100	100	100	100	120	30	0	1	1	1	0	0
43	塔魔尼幻境	0	71	3	19	27	0	0	0	0	0	12	255	50	0	10000	0	100	100	100	100	120	30	0	1	1	1	0	0
44	塔魔尼幻境	0	72	3	19	27	0	0	0	0	0	12	255	50	0	10000	0	100	100	100	100	120	30	0	1	1	1	0	0
45	塔魔尼幻境	0	116	3	19	27	0	0	0	0	0	12	255	50	0	10000	0	100	100	100	100	120	30	0	1	1	1	0	0
46	塔魔尼幻境	0	118	3	19	27	0	0	0	0	0	12	255	50	0	10000	0	100	100	100	100	120	30	0	1	1	1	0	0
47	塔魔尼幻境	0	119	3	19	27	0	0	0	0	0	12	255	50	0	10000	0	100	100	100	100	120	30	0	1	1	1	0	0
48	塔魔尼幻境	0	120	3	19	27	0	0	0	0	0	12	255	50	0	10000	0	100	100	100	100	120	30	0	1	1	1	0	0
49	塔魔尼幻境	0	122	3	19	27	0	0	0	0	0	12	255	50	0	10000	0	100	100	100	100	120	30	0	1	1	1	0	0
135	无双幻境	2	62	3	19	27	0	0	0	0	0	12	255	50	0	10000	0	100	100	100	100	120	30	72000	1	1	1	幻境，幻境，你跑的出去吗，咦嘻嘻嘻	0
136	无双幻境	2	63	3	19	27	0	0	0	0	0	12	255	50	0	10000	0	100	100	100	100	120	30	72000	1	1	1	幻境，幻境，你跑的出去吗，咦嘻嘻	0
137	无双幻境	2	64	3	19	27	0	0	0	0	0	12	255	50	0	10000	0	100	100	100	100	120	30	72000	1	1	1	幻境，幻境，你跑的出去吗，嘻嘻嘻	0
138	无双幻境	2	66	3	19	27	0	0	0	0	0	12	255	50	0	10000	0	100	100	100	100	120	30	72000	1	1	1	幻境，幻境，你跑的出去吗，咦嘻嘻嘻	0
139	无双幻境	2	67	3	19	27	0	0	0	0	0	12	255	50	0	10000	0	100	100	100	100	120	30	72000	1	1	1	幻境，幻境，你跑的出去吗，咦嘻嘻嘻	0
140	镜子幻境	0	68	3	19	27	0	0	0	0	0	12	255	50	0	10000	0	100	100	100	100	120	30	0	1	1	1	0	0
141	镜子幻境	0	69	3	19	27	0	0	0	0	0	12	255	50	0	10000	0	100	100	100	100	120	30	0	1	1	1	0	0
142	镜子幻境	0	70	3	19	27	0	0	0	0	0	12	255	50	0	10000	0	100	100	100	100	120	30	0	1	1	1	0	0
143	镜子幻境	0	71	3	19	27	0	0	0	0	0	12	255	50	0	10000	0	100	100	100	100	120	30	0	1	1	1	0	0
144	镜子幻境	0	72	3	19	27	0	0	0	0	0	12	255	50	0	10000	0	100	100	100	100	120	30	0	1	1	1	0	0
145	镜子幻境	0	116	3	19	27	0	0	0	0	0	12	255	50	0	10000	0	100	100	100	100	120	30	0	1	1	1	0	0
146	镜子幻境	0	118	3	19	27	0	0	0	0	0	12	255	50	0	10000	0	100	100	100	100	120	30	0	1	1	1	0	0
147	镜子幻境	0	119	3	19	27	0	0	0	0	0	12	255	50	0	10000	0	100	100	100	100	120	30	0	1	1	1	0	0
148	镜子幻境	0	120	3	19	27	0	0	0	0	0	12	255	50	0	10000	0	100	100	100	100	120	30	0	1	1	1	0	0
149	镜子幻境	0	122	3	19	27	0	0	0	0	0	12	255	50	0	10000	0	100	100	100	100	120	30	0	1	1	1	0	0
50	塔魔尼地宫二层	0	17	3	18	21	0	0	0	0	0	12	255	50	0	10000	0	100	100	100	100	120	30	0	1	1	1	0	0
51	塔魔尼地宫三层	0	24	3	76	22	0	0	0	0	0	12	255	50	0	10000	0	100	100	100	100	120	30	0	1	1	1	0	0
52	塔魔尼地宫四层	0	91	3	14	33	0	0	0	0	0	12	255	50	0	10000	0	100	100	100	100	120	30	0	1	1	1	0	0
53	塔魔尼地宫五层	0	51	3	71	107	0	0	0	0	0	12	255	50	0	10000	0	100	100	100	100	120	30	0	1	1	1	0	0
54	塔魔尼地宫六层	0	57	3	77	68	0	0	0	0	0	12	255	50	0	10000	0	100	100	100	100	120	30	0	1	1	1	0	0
55	塔魔尼地宫	0	60	3	41	52	0	43	58	26	35	12	255	50	0	10000	0	100	100	100	100	120	30	0	1	1	1	0	0
1000	终结武器锻造屋	0	83	3	22	17	0	0	0	0	0	12	255	0	0	10000	0	100	100	100	100	60	30	0	1	1	1	Y进入终极武器锻造屋，他能打造出属于他的终极装备吗	0
1001	神秘地牢Ⅰ	2	80	3	22	18	0	0	0	0	0	12	10	0	0	10000	0	100	100	130	130	60	30	900	1	1	1	0	0
1002	神秘地牢Ⅱ	2	100	3	23	22	0	0	0	0	0	12	10	0	0	10000	0	100	100	130	130	60	30	900	1	1	1	0	0
1003	神秘地牢Ⅲ	2	16	3	23	19	0	0	0	0	0	12	10	0	0	10000	0	100	100	130	130	60	30	900	1	1	1	0	0
1004	神秘地牢Ⅳ	2	18	3	23	20	0	0	0	0	0	12	10	0	0	10000	0	100	100	130	130	60	30	900	1	1	1	0	0
1005	神秘地牢Ⅴ	2	102	3	23	22	0	0	0	0	0	12	10	0	0	10000	0	100	100	130	130	60	30	900	1	1	1	0	0
1006	神秘岛Ⅱ	2	84	3	22	17	0	0	0	0	0	12	10	0	0	10000	0	100	100	130	130	60	30	900	1	1	1	0	0
1007	神秘地牢Ⅵ	2	42	3	23	47	0	0	0	0	0	12	10	0	0	10000	0	100	100	130	130	60	30	900	1	1	1	0	0
2000	肉肉副本Ⅰ	2	55	3	20	16	0	0	0	0	0	12	1	0	0	10000	0	100	100	100	100	60	30	3600	1	1	0	0	0
2001	玻璃副本Ⅰ	2	101	3	23	22	0	0	0	0	0	12	1	0	0	10000	0	100	100	100	100	60	30	3600	1	1	0	0	0
2002	肉肉副本Ⅱ	2	55	3	20	16	0	0	0	0	0	12	1	0	40	10000	0	100	100	100	100	60	30	3600	1	1	0	0	0
2003	玻璃副本Ⅱ	2	101	3	23	22	0	0	0	0	0	12	1	0	40	10000	0	100	100	100	100	60	30	3600	1	1	0	0	0
2004	肉肉副本Ⅲ	2	55	3	20	16	0	0	0	0	0	12	1	0	70	10000	0	100	100	100	100	60	30	3600	1	1	0	0	0
2005	玻璃副本Ⅲ	2	101	3	23	22	0	0	0	0	0	12	1	0	70	10000	0	100	100	100	100	60	30	3600	1	1	0	0	0
2006	肉肉副本Ⅳ	2	55	3	20	16	0	0	0	0	0	12	1	0	90	10000	0	100	100	100	100	60	30	3600	1	1	0	0	0
2007	玻璃副本Ⅳ	2	101	3	23	22	0	0	0	0	0	12	1	0	90	10000	0	100	100	100	100	60	30	3600	1	1	0	0	0
2008	肉肉副本Ⅴ	2	55	3	20	16	0	0	0	0	0	12	1	0	110	10000	0	100	100	100	100	60	30	3600	1	1	0	0	0
2009	玻璃副本Ⅴ	2	101	3	23	22	0	0	0	0	0	12	1	0	110	10000	0	100	100	100	100	60	30	3600	1	1	0	0	0
3001	异空间	2	34	3	15	19	0	0	0	0	0	12	10	0	36	10000	0	100	100	100	100	60	30	3600	1	1	1	0	0
3002	心灵世界	2	73	3	75	92	0	0	0	0	0	12	1	0	48	10000	0	100	100	100	100	60	30	7200	1	1	1	0	0
3003	肉肉迷宫	2	42	3	26	29	0	0	0	0	0	12	1	0	24	10000	0	100	100	100	100	60	30	1800	1	1	1	0	0
3004	肉肉迷宫	2	42	3	26	29	0	0	0	0	0	12	1	0	24	10000	0	100	100	100	100	60	30	1800	1	1	1	0	0
3005	肉肉迷宫	2	42	3	26	29	0	0	0	0	0	12	1	0	24	10000	0	100	100	100	100	60	30	1800	1	1	1	0	0
3006	肉肉迷宫	2	42	3	26	29	0	0	0	0	0	12	1	0	24	10000	0	100	100	100	100	60	30	1800	1	1	1	0	0
3007	肉肉迷宫	2	42	3	26	29	0	0	0	0	0	12	1	0	24	10000	0	100	100	100	100	60	30	1800	1	1	1	0	0
3008	肉肉迷宫	2	42	3	26	29	0	0	0	0	0	12	1	0	24	10000	0	100	100	100	100	60	30	1800	1	1	1	0	0
3009	肉肉皇宫	2	42	3	34	45	0	0	0	0	0	12	1	0	24	10000	0	100	100	100	100	60	30	3600	1	1	1	0	0
3010	荒芜之地	2	13	3	21	61	0	0	0	0	0	12	1	0	60	10000	0	100	100	100	100	60	30	7200	1	1	1	0	0
3011	地下通道	2	23	3	92	129	0	0	0	0	0	12	1	0	72	10000	0	100	100	100	100	60	30	7200	1	1	1	0	0
3012	元素源泉	0	126	3	52	78	0	0	0	0	0	12	255	0	0	10000	0	100	100	100	100	60	30	0	1	1	0	Y进入挂机升级打金地图	0
3013	沙漠边境	2	142	3	29	35	0	0	0	0	0	12	1	0	96	10000	0	100	100	100	100	60	30	7200	1	1	1	0	0
3014	腾蛇岛	2	133	3	18	31	0	0	0	0	0	12	1	0	108	10000	0	100	100	100	100	60	30	7200	1	1	1	0	0
3015	军营	2	143	3	20	22	0	0	0	0	0	12	1	0	115	10000	0	100	100	100	100	60	30	9000	1	1	1	0	0
3016	贵族1号练功场	2	147	3	37	49	0	0	0	0	0	12	1	0	24	10000	0	100	100	50	110	60	30	1800	1	1	1	0	0
3017	贵族2号练功场	2	147	3	37	49	0	0	0	0	0	12	1	0	36	10000	0	100	100	50	110	60	30	1800	1	1	1	0	0
3018	贵族3号练功场	2	147	3	37	49	0	0	0	0	0	12	1	0	48	10000	0	100	100	50	110	60	30	1800	1	1	1	0	0
3019	贵族4号练功场	2	147	3	37	49	0	0	0	0	0	12	1	0	60	10000	0	100	100	50	110	60	30	1800	1	1	1	0	0
3020	贵族5号练功场	2	147	3	37	49	0	0	0	0	0	12	1	0	72	10000	0	100	100	50	110	60	30	1800	1	1	1	0	0
3021	贵族6号练功场	2	147	3	37	49	0	0	0	0	0	12	1	0	84	10000	0	100	100	50	110	60	30	1800	1	1	1	0	0
3022	贵族7号练功场	2	147	3	37	49	0	0	0	0	0	12	1	0	96	10000	0	100	100	50	110	60	30	1800	1	1	1	0	0
3023	贵族8号练功场	2	147	3	37	49	0	0	0	0	0	12	1	0	108	10000	0	100	100	50	110	60	30	1800	1	1	1	0	0
3024	先祖坟墓	2	110	3	34	144	0	0	0	0	0	12	1	0	60	10000	0	100	100	100	100	60	30	10800	1	1	1	0	0
25	荒岛监狱	3	89	3	47	62	0	0	0	0	0	12	255	0	0	10000	0	100	100	100	100	50	30	0	0	0	1	0	0
110	Boss挑战场	0	147	3	36	50	0	0	0	0	0	100	50	0	0	10000	0	100	100	100	100	120	30	0	1	1	1	0	0
3025	黑暗地宫	2	42	3	26	29	0	0	0	0	0	12	6	0	60	10000	0	100	100	100	100	60	30	1800	1	1	1	0	0
3026	有趣的空间	2	14	3	30	41	0	0	0	0	0	12	1	0	0	10000	0	100	100	100	100	7200	30	7200	1	1	1	0	0
3027	试炼之地	2	14	3	30	41	0	0	0	0	0	12	1	0	20	10000	0	100	100	100	100	7200	30	7200	1	1	1	0	0
3028	安静的舞台	2	83	3	23	34	0	0	0	0	0	12	1	0	40	10000	0	100	100	100	100	7200	30	7200	1	1	1	0	0
3029	阿塞林地	2	2	3	26	24	0	0	0	0	0	12	1	0	72	10000	0	100	100	100	100	7200	30	7200	1	1	1	0	0
3030	阿塞边镜	2	12	3	24	31	0	0	0	0	0	12	12	0	72	10000	0	100	100	100	100	7200	30	7200	1	1	1	0	0
3031	选拔竞技场	2	84	3	27	40	1	0	0	0	0	12	1	0	72	10000	0	100	100	100	100	7200	30	7200	1	1	1	0	0
100	自由竞技场	1	147	3	36	50	1	0	0	0	0	100	255	0	0	10000	0	100	100	100	100	120	30	0	1	1	1	欢迎【Y】来到自由竞技场参与竞技大赛，想找各路英雄美女切磋一下，其胆识和勇气令人钦佩!	0
101	单人竞技场一	1	147	3	36	50	1	0	0	0	0	100	255	0	0	10000	0	100	100	100	100	120	30	0	1	1	1	欢迎【Y】来到单人竞技场一参与竞技大赛，想找各路英雄美女切磋一下，其胆识和勇气令人钦佩!	0
102	职业竞技场一	1	147	3	36	50	1	0	0	0	0	100	255	0	0	10000	0	100	100	100	100	120	30	0	1	1	1	欢迎【Y】来到职业竞技场一参与竞技大赛，其胆识和勇气令人钦佩!	0
103	团队竞技场一	1	147	3	36	50	1	0	0	0	0	100	255	0	0	10000	0	100	100	100	100	120	30	0	1	1	1	欢迎【Y】来到团队竞技场一参与竞技大赛，其胆识和勇气令人钦佩!	0
104	单人竞技场二	1	89	3	47	62	1	0	0	0	0	100	255	0	0	10000	0	100	100	100	100	120	30	0	1	1	1	欢迎【Y】来到单人竞技场二参与竞技大赛，其胆识和勇气令人钦佩!	0
105	职业竞技场二	1	89	3	47	62	1	0	0	0	0	100	255	0	0	10000	0	100	100	100	100	120	30	0	1	1	1	欢迎【Y】来到职业竞技场一参与竞技大赛，其胆识和勇气令人钦佩!	0
106	团队竞技场二	1	89	3	47	62	1	0	0	0	0	100	255	0	0	10000	0	100	100	100	100	120	30	0	1	1	1	欢迎【Y】来到团队竞技场二参与竞技大赛，其胆识和勇气令人钦佩!	0
107	游侠竞技场	1	147	3	36	50	1	0	0	0	0	100	255	0	0	10000	0	100	100	100	100	120	30	0	1	1	1	欢迎【Y】来到游侠竞技场参与竞技大赛，其胆识和勇气令人钦佩!	0
108	法师竞技场	1	147	3	36	50	1	0	0	0	0	100	255	0	0	10000	0	100	100	100	100	120	30	0	1	1	1	欢迎【Y】来到法师竞技场参与竞技大赛，其胆识和勇气令人钦佩!	0
109	战士竞技场	1	147	3	36	50	1	0	0	0	0	100	255	0	0	10000	0	100	100	100	100	120	30	0	1	1	1	欢迎【Y】来到战士竞技场参与竞技大赛，其胆识和勇气令人钦佩!	0
111	混战竞技场	1	140	3	36	50	1	0	0	0	0	100	255	0	0	10000	0	100	100	100	100	120	30	0	1	1	1	欢迎【Y】来到混战活动竞技场参与竞技大赛，其胆识和勇气令人钦佩!	0
112	公会活动竞技场	1	140	3	36	50	1	0	0	0	0	100	255	0	0	10000	0	100	100	100	100	120	30	0	1	1	1	欢迎【Y】来到公会活动竞技场参与竞技大赛，其胆识和勇气令人钦佩!	0
56	柏恩岛	0	127	3	52	113	1	52	113	999	999	12	255	0	0	10000	1	100	100	100	100	120	30	0	1	1	1	0	0
57	炙热长廊	0	93	3	36	50	1	0	0	0	0	12	255	50	0	10000	1	100	100	100	100	120	30	0	1	1	1	0	0
58	熔岩地心	0	135	3	36	50	1	0	0	0	0	12	255	50	0	10000	1	100	100	100	100	120	30	0	1	1	1	0	0
59	熔焱炼狱	0	92	3	36	50	1	0	0	0	0	12	255	50	0	10000	1	100	100	100	100	120	30	0	1	1	1	0	0
60	转生大殿	0	145	3	25	34	0	0	0	0	0	12	255	50	0	10000	0	100	100	100	100	120	30	0	1	1	1	Y进入转生大殿	0
5000	塔塔岛	0	5	3	16	89	1	0	0	0	0	12	255	0	0	10000	0	100	100	100	100	120	30	7200	1	1	1	0	0
5001	无双·大秘境一层	2	54	3	20	16	0	0	0	0	0	12	5	20	0	10000	0	100	100	100	100	120	30	900	1	1	0	0	0
5002	无双·大秘境二层	2	54	3	20	16	0	0	0	0	0	12	5	20	0	10000	0	100	110	110	110	120	30	900	1	1	0	Y挑战大秘境成功，进入第2层	0
5003	无双·大秘境三层	2	54	3	20	16	0	0	0	0	0	12	5	20	0	10000	0	100	120	120	120	120	30	900	1	1	0	Y挑战大秘境成功，进入第3层	0
5004	无双·大秘境四层	2	54	3	20	16	0	0	0	0	0	12	5	20	0	10000	0	100	130	130	130	120	30	900	1	1	0	Y挑战大秘境成功，进入第4层	0
5005	无双·大秘境五层	2	54	3	20	16	0	0	0	0	0	12	5	20	0	10000	0	100	140	140	140	120	30	900	1	1	0	Y挑战大秘境成功，进入第5层	0
5006	无双·大秘境六层	2	54	3	20	16	0	0	0	0	0	12	5	20	0	10000	0	100	150	150	150	120	30	900	1	1	0	Y挑战大秘境成功，进入第6层	0
5007	无双·大秘境七层	2	54	3	20	16	0	0	0	0	0	12	5	20	0	10000	0	100	100	100	100	120	30	900	1	1	0	0	0
5008	无双·大秘境八层	2	54	3	20	16	0	0	0	0	0	12	5	20	0	10000	0	100	110	110	110	120	30	900	1	1	0	Y挑战大秘境成功，进入第8层	0
5009	无双·大秘境九层	2	54	3	20	16	0	0	0	0	0	12	5	20	0	10000	0	100	120	120	120	120	30	900	1	1	0	Y挑战大秘境成功，进入第9层	0
5010	无双·大秘境十层	2	54	3	20	16	0	0	0	0	0	12	5	20	0	10000	0	100	130	130	130	120	30	900	1	1	0	Y挑战大秘境成功，进入第10层	0
5011	无双·大秘境十一层	2	54	3	20	16	0	0	0	0	0	12	5	20	0	10000	0	100	140	140	140	120	30	900	1	1	0	Y挑战大秘境成功，进入第11层	0
5012	无双·大秘境十二层	2	54	3	20	16	0	0	0	0	0	12	5	20	0	10000	0	100	150	150	150	120	30	900	1	1	0	Y挑战大秘境成功，进入第12层	0
5013	无双·大秘境十三层	2	54	3	20	16	0	0	0	0	0	12	5	20	0	10000	0	100	100	100	100	120	30	900	1	1	0	0	0
5014	无双·大秘境十四层	2	54	3	20	16	0	0	0	0	0	12	5	20	0	10000	0	100	110	110	110	120	30	900	1	1	0	Y挑战大秘境成功，进入第14层	0
5015	无双·大秘境十五层	2	54	3	20	16	0	0	0	0	0	12	5	20	0	10000	0	100	120	120	120	120	30	900	1	1	0	Y挑战大秘境成功，进入第15层	0
5016	无双·大秘境十六层	2	54	3	20	16	0	0	0	0	0	12	5	20	0	10000	0	100	130	130	130	120	30	900	1	1	0	Y挑战大秘境成功，进入第16层	0
5017	无双·大秘境十七层	2	54	3	20	16	0	0	0	0	0	12	5	20	0	10000	0	100	140	140	140	120	30	900	1	1	0	Y挑战大秘境成功，进入第17层	0
5018	无双·大秘境十八层	2	54	3	20	16	0	0	0	0	0	12	5	20	0	10000	0	100	150	150	150	120	30	900	1	1	0	Y挑战大秘境成功，进入第18层	0
5019	无双·大秘境十九层	2	54	3	20	16	0	0	0	0	0	12	5	20	0	10000	0	100	100	100	100	120	30	900	1	1	0	0	0
5020	无双·大秘境二十层	2	54	3	20	16	0	0	0	0	0	12	5	20	0	10000	0	100	110	110	110	120	30	900	1	1	0	Y挑战大秘境成功，进入第20层	0
5021	无双·大秘境二十一层	2	54	3	20	16	0	0	0	0	0	12	5	20	0	10000	0	100	120	120	120	120	30	900	1	1	0	Y挑战大秘境成功，进入第21层	0
5022	无双·大秘境二十二层	2	54	3	20	16	0	0	0	0	0	12	5	20	0	10000	0	100	130	130	130	120	30	900	1	1	0	Y挑战大秘境成功，进入第22层	0
5023	无双·大秘境二十三层	2	54	3	20	16	0	0	0	0	0	12	5	20	0	10000	0	100	140	140	140	120	30	900	1	1	0	Y挑战大秘境成功，进入第23层	0
5024	无双·大秘境二十四层	2	54	3	20	16	0	0	0	0	0	12	5	20	0	10000	0	100	150	150	150	120	30	900	1	1	0	Y挑战大秘境成功，进入第24层	0
5025	无双·大秘境二十五层	2	54	3	20	16	0	0	0	0	0	12	5	20	0	10000	0	100	100	100	100	120	30	900	1	1	0	0	0
5026	无双·大秘境二十六层	2	54	3	20	16	0	0	0	0	0	12	5	20	0	10000	0	100	110	110	110	120	30	900	1	1	0	Y挑战大秘境成功，进入第26层	0
5027	无双·大秘境二十七层	2	54	3	20	16	0	0	0	0	0	12	5	20	0	10000	0	100	120	120	120	120	30	900	1	1	0	Y挑战大秘境成功，进入第27层	0
5028	无双·大秘境二十八层	2	54	3	20	16	0	0	0	0	0	12	5	20	0	10000	0	100	130	130	130	120	30	900	1	1	0	Y挑战大秘境成功，进入第28层	0
5029	无双·大秘境二十九层	2	54	3	20	16	0	0	0	0	0	12	5	20	0	10000	0	100	140	140	140	120	30	900	1	1	0	Y挑战大秘境成功，进入第29层	0
5030	无双·大秘境三十层	2	54	3	20	16	0	0	0	0	0	12	5	20	0	10000	0	100	150	150	150	120	30	900	1	1	0	Y挑战大秘境成功，进入第30层	0
5031	无双·大秘境三十一层	2	54	3	20	16	0	0	0	0	0	12	5	20	0	10000	0	100	100	100	100	120	30	900	1	1	0	0	0
5032	无双·大秘境三十二层	2	54	3	20	16	0	0	0	0	0	12	5	20	0	10000	0	100	110	110	110	120	30	900	1	1	0	Y挑战大秘境成功，进入第32层	0
5033	无双·大秘境三十三层	2	54	3	20	16	0	0	0	0	0	12	5	20	0	10000	0	100	120	120	120	120	30	900	1	1	0	Y挑战大秘境成功，进入第33层	0
5034	无双·大秘境三十四层	2	54	3	20	16	0	0	0	0	0	12	5	20	0	10000	0	100	130	130	130	120	30	900	1	1	0	Y挑战大秘境成功，进入第34层	0
5035	无双·大秘境三十五层	2	54	3	20	16	0	0	0	0	0	12	5	20	0	10000	0	100	140	140	140	120	30	900	1	1	0	Y挑战大秘境成功，进入第35层	0
5036	无双·大秘境三十六层	2	54	3	20	16	0	0	0	0	0	12	5	20	0	10000	0	100	150	150	150	120	30	900	1	1	0	Y挑战大秘境成功，进入第36层	0
5037	无双·大秘境三十七层	2	54	3	20	16	0	0	0	0	0	12	5	20	0	10000	0	100	100	100	100	120	30	900	1	1	0	0	0
5038	无双·大秘境三十八层	2	54	3	20	16	0	0	0	0	0	12	5	20	0	10000	0	100	110	110	110	120	30	900	1	1	0	Y挑战大秘境成功，进入第38层	0
5039	无双·大秘境三十九层	2	54	3	20	16	0	0	0	0	0	12	5	20	0	10000	0	100	120	120	120	120	30	900	1	1	0	Y挑战大秘境成功，进入第39层	0
5040	无双·大秘境四十层	2	54	3	20	16	0	0	0	0	0	12	5	20	0	10000	0	100	130	130	130	120	30	900	1	1	0	Y挑战大秘境成功，进入第40层	0
5041	无双·大秘境四十一层	2	54	3	20	16	0	0	0	0	0	12	5	20	0	10000	0	100	140	140	140	120	30	900	1	1	0	Y挑战大秘境成功，进入第41层	0
5042	无双·大秘境四十二层	2	54	3	20	16	0	0	0	0	0	12	5	20	0	10000	0	100	150	150	150	120	30	900	1	1	0	Y挑战大秘境成功，进入第42层	0
5043	无双·大秘境四十三层	2	54	3	20	16	0	0	0	0	0	12	5	20	0	10000	0	100	100	100	100	120	30	900	1	1	0	0	0
5044	无双·大秘境四十四层	2	54	3	20	16	0	0	0	0	0	12	5	20	0	10000	0	100	110	110	110	120	30	900	1	1	0	Y挑战大秘境成功，进入第44层	0
5045	无双·大秘境四十五层	2	54	3	20	16	0	0	0	0	0	12	5	20	0	10000	0	100	120	120	120	120	30	900	1	1	0	Y挑战大秘境成功，进入第45层	0
5046	无双·大秘境四十六层	2	54	3	20	16	0	0	0	0	0	12	5	20	0	10000	0	100	130	130	130	120	30	900	1	1	0	Y挑战大秘境成功，进入第46层	0
5047	无双·大秘境四十七层	2	54	3	20	16	0	0	0	0	0	12	5	20	0	10000	0	100	140	140	140	120	30	900	1	1	0	Y挑战大秘境成功，进入第47层	0
5048	无双·大秘境四十八层	2	54	3	20	16	0	0	0	0	0	12	5	20	0	10000	0	100	150	150	150	120	30	900	1	1	0	Y挑战大秘境成功，进入第48层	0
5049	无双·大秘境四十九层	2	54	3	20	16	0	0	0	0	0	12	5	20	0	10000	0	100	160	160	160	120	30	900	1	1	0	Y挑战大秘境成功，进入第49层	0
5050	无双·大秘境五十层	2	54	3	20	16	0	0	0	0	0	12	5	20	0	10000	0	100	170	170	170	120	30	900	1	1	0	Y挑战大秘境成功，进入第50层	0
5505	奖励关第一层	2	151	3	24	42	0	0	0	0	0	12	1	0	0	10000	0	100	100	100	100	120	30	7200	1	1	1	0	0
5510	奖励关第二层	2	151	3	24	42	0	0	0	0	0	12	1	0	0	10000	0	100	100	100	100	120	30	7200	1	1	1	0	0
5515	奖励关第三层	2	151	3	24	42	0	0	0	0	0	12	1	0	0	10000	0	100	100	100	100	120	30	7200	1	1	1	0	0
5520	奖励关第四层	2	151	3	24	42	0	0	0	0	0	12	1	0	0	10000	0	100	100	100	100	120	30	7200	1	1	1	0	0
5525	奖励关第五层	2	151	3	24	42	0	0	0	0	0	12	1	0	0	10000	0	100	100	100	100	120	30	7200	1	1	1	0	0
5530	奖励关第六层	2	151	3	24	42	0	0	0	0	0	12	1	0	0	10000	0	100	100	100	100	120	30	7200	1	1	1	0	0
5535	奖励关第七层	2	151	3	24	42	0	0	0	0	0	12	1	0	0	10000	0	100	100	100	100	120	30	7200	1	1	1	0	0
5540	奖励关第八层	2	151	3	24	42	0	0	0	0	0	12	1	0	0	10000	0	100	100	100	100	120	30	7200	1	1	1	0	0
5545	奖励关第九层	2	151	3	24	42	0	0	0	0	0	12	1	0	0	10000	0	100	100	100	100	120	30	7200	1	1	1	0	0
5550	奖励关第十层	2	151	3	24	42	0	0	0	0	0	12	1	0	0	10000	0	100	100	100	100	120	30	7200	1	1	1	0	0
4008	王者之殿	2	52	3	87	25	0	0	0	0	0	12	1	0	110	10000	0	100	100	100	100	60	30	7200	1	1	1	0	0
3040	避难所	2	15	3	12	15	0	0	0	0	0	12	1	50	96	10000	0	100	100	100	100	7200	30	7200	1	1	1	0	0
3050	西西里岛	2	129	3	62	142	0	0	0	0	0	12	6	50	108	10000	0	100	100	100	100	120	30	7200	1	1	1	0	0
3060	普罗之殿	1	145	3	25	34	0	0	0	0	0	12	255	50	120	10000	0	100	100	100	100	120	30	7200	1	1	1	0	0
3061	新迪岛(600年前)	1	29	3	35	40	0	35	40	999	999	100	255	50	0	10000	0	100	100	100	100	120	30	0	1	1	1	0	0
3062	那舍岛(600年前)	2	152	3	13	70	0	0	0	0	0	12	1	0	0	10000	0	100	100	100	100	120	30	10800	1	1	1	0	0
1500	勇士·深渊	2	155	3	34	50	0	0	0	0	0	100	255	0	0	10000	0	100	100	100	75	1200	30	10800	0	0	0	Y开始挑战深渊，祝他好运吧！	0
1600	王者·深渊	2	155	3	34	50	0	0	0	0	0	100	255	0	0	10000	0	100	150	150	125	1200	30	10800	0	0	0	0	0
300	自由比武场	5	147	3	36	50	0	0	0	0	0	100	255	0	0	10000	0	100	100	100	100	120	30	0	1	1	1	0	0
